02_asc_chm-r50m/BR21X2.asc
NCOLS 200 
NROWS 200 
XLLCORNER 535859.5 
YLLCORNER 5282712.5 
CELLSIZE 0.5 
NODATA_value -3.4e+38 
[rows 140 to 159 of 200, columns 92 to 137 of 200]
25.2859992980957 25.7800006866455 23.6679992675781 22.0669994354248 19.5189990997314 19.4249992370605 22.92799949646 23.1690006256104 24.8379993438721 25.7630004882812 25.8419990539551 26.048999786377 25.1520004272461 24.8999996185303 25.173999786377 26.2210006713867 26.2980003356934 25.7889995574951 25.1180000305176 23.943000793457 23.1580009460449 19.2950000762939 15.2340002059937 20.2240009307861 26.1909999847412 27.0179996490479 28.05299949646 29.7730007171631 30.7229995727539 31.8570003509521 32.5320014953613 32.1910018920898 31.7360000610352 30.931999206543 29.7509994506836 28.0440006256104 26.1180000305176 25.1720008850098 21.6809997558594 17.0380001068115 13.9779996871948 8.05900001525879 2.31200003623962 2.34899997711182 2.4760000705719 3.30999994277954
21.931999206543 23.4610004425049 22.9629993438721 19.5919990539551 18.5939998626709 18.8199996948242 22.8369998931885 25.1060009002686 26.2000007629395 26.8479995727539 27.0480003356934 26.2859992980957 25.1800003051758 24.6569995880127 24.5839996337891 24.613000869751 24.7140007019043 25.3279991149902 25.0580005645752 22.238000869751 19.0230007171631 16.9669990539551 15.5299997329712 18.5030002593994 24.1860008239746 27.6620006561279 28.8700008392334 30.1280002593994 30.8570003509521 31.7800006866455 31.9969997406006 31.5699996948242 31.4680004119873 30.7169990539551 28.6079998016357 27.6000003814697 26.5450000762939 24.4050006866455 19.92799949646 14.1239995956421 10.2469997406006 7.45699977874756 3.85899996757507 2.16300010681152 3.19799995422363 5.5770001411438
17.3570003509521 19.8409996032715 20.1790008544922 17.9640007019043 18.8740005493164 20.1760005950928 23.0130004882812 25.2649993896484 26.3819999694824 26.488000869751 26.7229995727539 26.9190006256104 26.007999420166 24.9599990844727 23.9060001373291 23.193000793457 23.3530006408691 23.4009990692139 22.3139991760254 18.9009990692139 14.5950002670288 13.4890003204346 14.5659999847412 15.6770000457764 21.9570007324219 26.9220008850098 29.0400009155273 30.0450000762939 30.1149997711182 31.6100006103516 31.7049999237061 31.1399993896484 31.1620006561279 30.2129993438721 29.7679996490479 27.6439990997314 24.9209995269775 22.9419994354248 15.5959997177124 12.0019998550415 6.56699991226196 3.66700005531311 2.71499991416931 2.65199995040894 4.70800018310547 8.53400039672852
14.9910001754761 12.5159997940063 12.2220001220703 18.003999710083 20.1730003356934 20.9389991760254 21.7910003662109 24.367000579834 26.423999786377 26.818000793457 26.2290000915527 26.4409999847412 26.375 25.8470001220703 24.386999130249 22.2950000762939 20.9689998626709 20.0799999237061 18.9909992218018 14.5970001220703 11.0649995803833 10.414999961853 13.875 16.9099998474121 22.9340000152588 27.2919998168945 28.5620002746582 29.0510005950928 29.25 30.673999786377 31.3680000305176 31.4050006866455 30.5639991760254 29.2280006408691 28.4109992980957 27.32200050354 23.9400005340576 21.5659999847412 9.09899997711182 3.11199998855591 4.36399984359741 3.98000001907349 2.93899989128113 3.23799991607666 3.58800005912781 7.43599987030029
10.0740003585815 6.5789999961853 5.51100015640259 16.5200004577637 20.253999710083 20.923999786377 23.3659992218018 25.0610008239746 26.5659999847412 26.5349998474121 26.5650005340576 26.3959999084473 25.1009998321533 24.8229999542236 23.6469993591309 21.3390007019043 19.5259990692139 18.8610000610352 17.1889991760254 13.6040000915527 9.75599956512451 12.1510000228882 14.8909997940063 17.5139999389648 21.3369998931885 25.7080001831055 25.556999206543 27.2900009155273 27.8600006103516 29.1590003967285 30.6159992218018 30.1459999084473 29.2080001831055 28.3819999694824 27.7280006408691 25.6940002441406 23.9169998168945 23.0639991760254 18.5330009460449 9.71100044250488 4.09000015258789 3.89599990844727 3.875 4.14699983596802 3.64599990844727 5.42700004577637
6.46700000762939 4.77400016784668 3.01799988746643 11.7709999084473 20.2770004272461 20.8460006713867 21.1159992218018 23.2369995117188 25.0429992675781 25.1439990997314 26.3570003509521 26.6299991607666 23.3379993438721 22.7019996643066 20.69700050354 20.0060005187988 19.1480007171631 18.818000793457 16.7759990692139 14.4849996566772 10.5950002670288 11.7270002365112 13.6400003433228 16.4090003967285 18.2199993133545 22.003999710083 23.8589992523193 26.0109996795654 26.7859992980957 27.4009990692139 28.7770004272461 29.1310005187988 28.318000793457 27.6959991455078 27.5289993286133 24.8719997406006 23.6469993591309 22.5219993591309 16.8770008087158 11.2320003509521 7.28900003433228 4.63199996948242 4.12799978256226 3.62400007247925 3.13000011444092 4.92600011825562
7.08599996566772 6.95900011062622 6.12200021743774 8.05200004577637 18.6070003509521 18.6919994354248 19.7970008850098 22.5659999847412 23.7980003356934 23.9260005950928 24.3500003814697 24.9729995727539 24.4669990539551 22.5909996032715 19.1060009002686 18.875 17.8799991607666 17.6480007171631 14.3229999542236 12.5299997329712 8.09700012207031 8.46300029754639 10.4569997787476 16.5629997253418 18.7140007019043 20.4950008392334 22.4860000610352 25.261999130249 27.238000869751 28.121000289917 28.5790004730225 28.7049999237061 28.3959999084473 28.0939998626709 27.8400001525879 24.9780006408691 24.1280002593994 22.2779998779297 17.2709999084473 12.8940000534058 8.48700046539307 6.70599985122681 6.2020001411438 5.69799995422363 5.20300006866455 5.06099987030029
10.1540002822876 10.4770002365112 10.8909997940063 10.5679998397827 14.1070003509521 10.1370000839233 16.9130001068115 19.4519996643066 21.3700008392334 21.867000579834 21.9799995422363 21.1149997711182 21.2630004882812 21.32200050354 19.0349998474121 18.5219993591309 18.0380001068115 13.6879997253418 8.67700004577637 5.2350001335144 4.77099990844727 4.81300020217896 6.46099996566772 13.375 17.7299995422363 21.048999786377 24.4570007324219 27.007999420166 27.8519992828369 28.298999786377 29.2800006866455 28.9580001831055 28.4950008392334 28.3229999542236 27.7070007324219 24.507999420166 23.3099994659424 21.9659996032715 17.0429992675781 12.7019996643066 9.60599994659424 8.7810001373291 8.27700042724609 7.7810001373291 7.30299997329712 6.82499980926514
13.2419996261597 13.4549999237061 13.8690004348755 14.2819995880127 12.418999671936 6.26900005340576 13.9409999847412 16.9009990692139 18.3309993743896 19.6900005340576 21.2409992218018 21.3740005493164 20.6949996948242 19.8600006103516 19.0590000152588 16.8700008392334 16.0860004425049 12.1940002441406 8.10299968719482 4.9060001373291 1.66400003433228 2.17600011825562 5.15899991989136 10.0380001068115 18.8880004882812 24.0520000457764 25.943000793457 27.1800003051758 28.1159992218018 29.6539993286133 30.5240001678467 30.3680000305176 29.6630001068115 29.0170001983643 27.9300003051758 25.3719997406006 22.6480007171631 21.1909999847412 16.9169998168945 13.8210000991821 11.3590002059937 10.8549995422363 10.3599996566772 9.88199996948242 9.4040002822876 8.92500019073486
16.2670001983643 16.4340000152588 16.8470001220703 15.7449998855591 12.7799997329712 8.94699954986572 12.9329996109009 15.6330003738403 17.0979995727539 17.8099994659424 19.0100002288818 19.9409999847412 20.0279998779297 18.2849998474121 16.8279991149902 11.8330001831055 12.1219997406006 10.5920000076294 7.41599988937378 4.5 1.9190000295639 0.421999990940094 4.15399980545044 8.9399995803833 16.4260005950928 22.8339996337891 25.4529991149902 26.9950008392334 28.7970008850098 30.2719993591309 31.0909996032715 31.443000793457 30.3729991912842 29.2569999694824 28.3320007324219 26.0839996337891 23.7159996032715 20.7549991607666 18.0359992980957 14.9399995803833 13.4340000152588 12.9379997253418 12.460000038147 11.9820003509521 11.503999710083 11.0260000228882
19.2919998168945 19.4610004425049 18.5809993743896 16.2900009155273 13.1420001983643 13.1389999389648 15.3210000991821 13.2159996032715 13.7690000534058 15.1219997406006 16.1630001068115 15.8579998016357 15.789999961853 15.168999671936 14.8479995727539 12.5 11.2040004730225 10.0139999389648 7.58900022506714 5.01300001144409 2.43700003623962 1.43700003623962 3.84999990463257 3.87299990653992 17.4950008392334 23.5930004119873 24.5389995574951 26.132999420166 28.2900009155273 30.1110000610352 31.0979995727539 31.5580005645752 30.3530006408691 29.2859992980957 28.9780006408691 25.0799999237061 23.056999206543 20.2749996185303 18.9780006408691 16.1830005645752 15.5170001983643 15.0389995574951 14.5609998703003 14.0819997787476 13.6040000915527 13.1260004043579
21.4990005493164 20.6229991912842 19.2129993438721 16.8339996337891 14.3979997634888 15.9300003051758 15.0100002288818 12.6800003051758 9.54399967193604 11.039999961853 11.9770002365112 12.3219995498657 12.6190004348755 12.9160003662109 14.5679998397827 13.2229995727539 11.9739999771118 9.79899978637695 7.63899993896484 5.06300020217896 2.48699998855591 1.90299999713898 7.01100015640259 11.4700002670288 19.0340003967285 23.5559997558594 23.9370002746582 25.6089992523193 26.9500007629395 29.681999206543 30.4669990539551 30.4890003204346 29.75 29.0540008544922 28.6340007781982 22.8719997406006 21.6879997253418 20.128999710083 19.2509994506836 17.4409999847412 17.0690002441406 16.69700050354 16.3250007629395 15.9530000686646 15.5819997787476 15.210000038147
23.3770008087158 21.0450000762939 18.923999786377 17.378999710083 16.5389995574951 15.9860000610352 14.4739999771118 10.7790002822876 8.00500011444092 8.94499969482422 9.7519998550415 8.75699996948242 9.05399990081787 9.28600025177002 13.3610000610352 13.9460000991821 12.7440004348755 9.85099983215332 6.8289999961853 5.11299991607666 2.53699994087219 2.36999988555908 7.44299983978271 13.0059995651245 15.2430000305176 20.8449993133545 23.2320003509521 25.0799999237061 26.1049995422363 28.0559997558594 28.8899993896484 28.6849994659424 28.701000213623 28.8409996032715 28.431999206543 23.2719993591309 21.5139999389648 19.7590007781982 19.0610008239746 16.1520004272461 12.9119997024536 12.003999710083 11.6319999694824 11.2600002288818 10.8879995346069 10.7390003204346
26.0450000762939 24.128999710083 20.4130001068115 17.2290000915527 16.3050003051758 16.0429992675781 12.2170000076294 6.00899982452393 6.22200012207031 6.84999990463257 7.28599977493286 6.48099994659424 5.48999977111816 6.28200006484985 12.1540002822876 14.668999671936 13.5129995346069 9.9040002822876 5.71000003814697 5.16400003433228 2.58699989318848 2.83599996566772 7.90799999237061 11.951000213623 14.8640003204346 19.3910007476807 23.2840003967285 23.681999206543 24.5809993743896 26.4379997253418 27.806999206543 27.871000289917 27.7740001678467 27.5659999847412 26.5330009460449 24.5849990844727 22.2259998321533 19.8279991149902 18.7740001678467 16.4909992218018 9.50100040435791 8.60200023651123 6.93900012969971 6.56699991226196 6.93699979782104 6.53900003433228
26.6049995422363 25.8250007629395 21.2320003509521 18.8540000915527 16.7560005187988 16.92799949646 3.72399997711182 4.75799989700317 4.43900012969971 4.73799991607666 4.73699998855591 4.19799995422363 2.04099988937378 4.18100023269653 10.9469995498657 15.3920001983643 14.1499996185303 9.95600032806396 5.76300001144409 3.64299988746643 2.63800001144409 3.30299997329712 7.82999992370605 11.8000001907349 15.4049997329712 21.3610000610352 23.3010005950928 23.4680004119873 23.2789993286133 24.242000579834 26.7679996490479 27.1469993591309 26.1480007171631 24.9909992218018 23.992000579834 22.3780002593994 20.2019996643066 17.9549999237061 16.7730007171631 10.4280004501343 5.60799980163574 4.70900011062622 5.50799989700317 5.68499994277954 5.84499979019165 5.38100004196167
28.4120006561279 26.9699993133545 24.5979995727539 22.1720008850098 20.3460006713867 13.1920003890991 3.01099991798401 3.50699996948242 2.65599989891052 2.48399996757507 2.18899989128113 1.64999997615814 1.22300004959106 2.55800008773804 9.74100017547607 15.7959995269775 14.2019996643066 10.0089998245239 5.81500005722046 2.04699993133545 2.0550000667572 3.5460000038147 7.11499977111816 13.9209995269775 17.2649993896484 17.5699996948242 21.3199996948242 20.8080005645752 20.4349994659424 21.6089992523193 23.8959999084473 23.5259990692139 23.8040008544922 23.5179996490479 22.7740001678467 21.621000289917 15.5080003738403 15.0679998397827 13.4919996261597 6.62599992752075 4.77099990844727 5.44799995422363 6.24700021743774 6.25899982452393 9.96199989318848 13.0930004119873
28.5699996948242 25.9120006561279 25.4780006408691 23.9969997406006 20.4890003204346 15.2670001983643 6.13000011444092 3.45600008964539 2.66199994087219 1.86099994182587 1.59599995613098 1.55200004577637 1.58800005912781 1.65400004386902 6.76800012588501 15.7170000076294 14.2550001144409 10.0609998703003 5.86800003051758 1.63900005817413 1.27499997615814 2.4300000667572 8.80099964141846 15.08899974823 14.6750001907349 9.92199993133545 13.33899974823 17.886999130249 18.2089996337891 18.7520008087158 21.4829998016357 23.5030002593994 23.6340007781982 22.826000213623 21.2150001525879 20.8470001220703 11.3970003128052 9.02299976348877 9.66199970245361 6.16499996185303 6.19000005722046 6.56099987030029 7.59800004959106 9.11900043487549 18.1979999542236 18.2840003967285
28.9860000610352 26.2159996032715 25.5849990844727 23.628999710083 20.5030002593994 17.3740005493164 10.3280000686646 4.12599992752075 2.98000001907349 1.98300004005432 1.85899996757507 1.81099998950958 1.6690000295639 1.25800001621246 11.9479999542236 16.6709995269775 17.42799949646 9.51299953460693 5.22599983215332 1.94200003147125 2.22000002861023 4.96700000762939 11.1639995574951 14.2849998474121 11.3769998550415 9.13099956512451 13.9270000457764 14.1350002288818 15.3500003814697 16.4419994354248 16.8880004882812 19.1299991607666 19.3110008239746 13.6759996414185 14.8280000686646 15.2449998855591 9.15100002288818 6.62400007247925 5.94199991226196 6.82499980926514 7.43100023269653 8.57100009918213 13.2480001449585 17.2919998168945 18.4489994049072 18.738000869751
28.2889995574951 26.7730007171631 25.9440002441406 24.5459995269775 18.371000289917 11.0450000762939 6.20800018310547 4.10599994659424 3.08200001716614 2.54999995231628 1.95299994945526 2.76300001144409 4.26300001144409 9.88799953460693 18.878999710083 20.4699993133545 20.0359992980957 19.4109992980957 14.5229997634888 12.1309995651245 11.996000289917 13.0419998168945 13.375 14.3999996185303 11.6909999847412 11.798999786377 15.5600004196167 12.3439998626709 12.5869998931885 12.9130001068115 12.5649995803833 13.4320001602173 13.3760004043579 12.7589998245239 11.2799997329712 8.13000011444092 4.98000001907349 4.84800004959106 6.1269998550415 6.92700004577637 8.98499965667725 10.3800001144409 15.168999671936 17.5960006713867 18.5610008239746 19.2189998626709
28.1450004577637 27.6270008087158 27.0459995269775 22.2450008392334 19.2229995727539 7.99300003051758 6.58300018310547 3.12199997901917 2.66700005531311 1.82799994945526 1.76800000667572 7.34700012207031 12.4219999313354 18.2210006713867 19.4699993133545 22.4099998474121 21.7779998779297 20.5650005340576 20.6100006103516 21.9020004272461 22.6429996490479 22.6590003967285 22.3159999847412 18.0960006713867 12.003999710083 14.6770000457764 14.8920001983643 10.5530004501343 10.7849998474121 10.8430004119873 11.3640003204346 11.253999710083 11.1440000534058 10.8819999694824 9.91199970245361 6.77799987792969 5.04699993133545 5.74700021743774 6.30399990081787 7.98699998855591 11.3620004653931 13.3249998092651 17.2709999084473 19.2959995269775 19.6499996185303 20.2479991912842
