02_asc_chm-r50m/BR21X2.asc
NCOLS 200 
NROWS 200 
XLLCORNER 535859.5 
YLLCORNER 5282712.5 
CELLSIZE 0.5 
NODATA_value -3.4e+38 
[rows 0 to 19 of 200, columns 92 to 137 of 200]
-3.4e+38 -3.4e+38 -3.4e+38 -3.4e+38 -3.4e+38 -3.4e+38 27.4360008239746 25.863000869751 25.55299949646 27.2099990844727 30.4640007019043 30.5480003356934 26.8689994812012 -3.4e+38 -3.4e+38 -3.4e+38 -3.4e+38 -3.4e+38 -3.4e+38 -3.4e+38 -3.4e+38 -3.4e+38 -3.4e+38 -3.4e+38 -3.4e+38 -3.4e+38 -3.4e+38 -3.4e+38 -3.4e+38 -3.4e+38 -3.4e+38 -3.4e+38 -3.4e+38 -3.4e+38 -3.4e+38 -3.4e+38 -3.4e+38 -3.4e+38 -3.4e+38 -3.4e+38 -3.4e+38 -3.4e+38 -3.4e+38 -3.4e+38 -3.4e+38 -3.4e+38
33.2639999389648 29.0830001831055 27.4990005493164 27.173999786377 26.8729991912842 26.55299949646 26.2329998016357 25.7970008850098 24.4360008239746 25.4680004119873 25.7329998016357 26.0890007019043 24.2709999084473 18.8759994506836 15.6909999847412 12.3669996261597 9.04199981689453 5.71799993515015 2.60500001907349 4.21400022506714 6.02199983596802 -3.4e+38 -3.4e+38 -3.4e+38 -3.4e+38 -3.4e+38 -3.4e+38 -3.4e+38 -3.4e+38 -3.4e+38 -3.4e+38 -3.4e+38 -3.4e+38 -3.4e+38 -3.4e+38 -3.4e+38 -3.4e+38 -3.4e+38 -3.4e+38 -3.4e+38 -3.4e+38 -3.4e+38 -3.4e+38 -3.4e+38 -3.4e+38 -3.4e+38
32.3639984130859 28.5860004425049 27.6140003204346 27.3729991912842 27.0779991149902 26.2269992828369 25.3339996337891 23.6469993591309 21.8530006408691 22.9930000305176 22.4099998474121 22.4099998474121 21.1070003509521 15.2869997024536 8.76099967956543 4.60599994659424 1.50100004673004 0.223000004887581 0.163000002503395 0.34799998998642 0.820999979972839 0.755999982357025 0.432000011205673 0.164000004529953 0.181999996304512 0.367000013589859 0.312999993562698 5.13800001144409 -3.4e+38 -3.4e+38 -3.4e+38 -3.4e+38 -3.4e+38 -3.4e+38 -3.4e+38 -3.4e+38 -3.4e+38 -3.4e+38 -3.4e+38 -3.4e+38 -3.4e+38 -3.4e+38 -3.4e+38 -3.4e+38 -3.4e+38 -3.4e+38
32.75 29.1380004882812 28.613000869751 26.6889991760254 25.7630004882812 24.6509990692139 22.8579998016357 21.0639991760254 19.2700004577637 20.4759998321533 19.5559997558594 18.7310009002686 19.0869998931885 14.1890001296997 8.36900043487549 1.72000002861023 0.351999998092651 0.301999986171722 0.256000012159348 0.209999993443489 0.550000011920929 0.694000005722046 0.34400001168251 0.103000000119209 13.7239999771118 18.2789993286133 25.5109996795654 20.0869998931885 3.61199998855591 1.69500005245209 7.82399988174438 14.5780000686646 21.3320007324219 24.0499992370605 -3.4e+38 -3.4e+38 -3.4e+38 -3.4e+38 -3.4e+38 -3.4e+38 -3.4e+38 -3.4e+38 -3.4e+38 -3.4e+38 -3.4e+38 -3.4e+38
32.3520011901855 29.8519992828369 29.6189994812012 25.298999786377 23.8619995117188 22.0690002441406 20.2749996185303 18.4810009002686 16.6870002746582 17.6229991912842 16.7029991149902 15.7829999923706 15.4079999923706 13.0900001525879 7.26999998092651 1.45000004768372 0.444999992847443 0.605000019073486 0.596000015735626 0.49099999666214 0.878000020980835 1.17499995231628 0.462999999523163 5.39499998092651 21.0200004577637 29.3929996490479 29.4549999237061 23.3090000152588 2.52500009536743 4.34600019454956 18.9330005645752 23.7639999389648 26.8889999389648 27.5209999084473 27.8159999847412 26.7150001525879 28.4169998168945 26.9850006103516 26.9769992828369 -3.4e+38 -3.4e+38 -3.4e+38 -3.4e+38 -3.4e+38 -3.4e+38 -3.4e+38
30.261999130249 28.382999420166 25.5559997558594 23.0739994049072 21.2800006866455 19.4860000610352 17.6919994354248 15.8990001678467 14.1049995422363 14.7700004577637 13.8500003814697 12.9300003051758 12.0100002288818 11.9910001754761 6.1710000038147 0.351000010967255 0.428000003099442 0.611999988555908 0.796000003814697 0.981000006198883 1.34300005435944 1.22599995136261 0.485000014305115 6.92799997329712 19.8059997558594 27.8010005950928 27.8950004577637 27.3899993896484 22.7859992980957 26.0480003356934 28.556999206543 27.6359996795654 28.8379993438721 28.0629997253418 28.1310005187988 27.2129993438721 29.3190002441406 28.7849998474121 26.4769992828369 25.1520004272461 25.0230007171631 -3.4e+38 -3.4e+38 -3.4e+38 -3.4e+38 -3.4e+38
27.0639991760254 26.0189990997314 23.2369995117188 20.4230003356934 18.69700050354 16.9029998779297 15.1099996566772 13.3159999847412 11.5839996337891 11.9160003662109 10.996000289917 10.076000213623 9.1560001373291 8.4069995880127 5.07299995422363 0.337000012397766 0.409999996423721 0.595000028610229 0.769999980926514 0.933000028133392 1.10899996757507 1.24000000953674 0.862999975681305 2.23000001907349 18.3649997711182 26.1989994049072 24.1350002288818 24.0949993133545 20.4130001068115 22.5189990997314 26.6569995880127 28.6200008392334 29.1849994659424 28.8169994354248 28.511999130249 28.6529998779297 29.5310001373291 29.2290000915527 28.0890007019043 27.0209999084473 28.0890007019043 23.7630004882812 17.4130001068115 -3.4e+38 -3.4e+38 -3.4e+38
23.8700008392334 22.7679996490479 20.9179992675781 18.1189994812012 15.1789999008179 14.3210000991821 12.5270004272461 10.7329998016357 9.10900020599365 9.0629997253418 8.14299964904785 7.22300004959106 6.30299997329712 5.38299989700317 3.97399997711182 0.330000013113022 0.39300000667572 0.64300000667572 0.884999990463257 0.995000004768372 1.10500001907349 1.32700002193451 1.25499999523163 0.880999982357025 14.9770002365112 21.8360004425049 19.7240009307861 19.5149993896484 21.3999996185303 23.3570003509521 25.7210006713867 28.5739994049072 28.5659999847412 28.6879997253418 28.9360008239746 29.0650005340576 29.7159996032715 29.6550006866455 29.6480007171631 29.2749996185303 25.4650001525879 23.5799999237061 17.7759990692139 10.6379995346069 3.50099992752075 -3.4e+38
18.4459991455078 19.5179996490479 18.3020000457764 15.8000001907349 12.8990001678467 10.4270000457764 9.94400024414062 8.14999961853027 6.63299989700317 6.21000003814697 5.28999996185303 4.36999988555908 3.45000004768372 2.52999997138977 1.61000001430511 0.560000002384186 0.671000003814697 0.836000025272369 0.945999979972839 1.05599999427795 1.16700005531311 1.27699995040894 1.41199994087219 1.22899997234344 3.95700001716614 15.4569997787476 17.9489994049072 19.068000793457 21.6809997558594 26.7290000915527 27.8850002288818 28.4740009307861 27.9340000152588 28.8920001983643 29.378999710083 29.4969997406006 29.9459991455078 27.818000793457 30.2779998779297 29.6800003051758 22.7880001068115 22.261999130249 23.7350006103516 22.3740005493164 21.6219997406006 28.7789993286133
13.0229997634888 14.121000289917 15.0509996414185 13.4809999465942 10.6199998855591 7.65500020980835 6.20900011062622 5.56799983978271 4.15799999237061 3.35599994659424 2.43600010871887 1.51600003242493 0.596000015735626 0.46399998664856 0.617999970912933 0.839999973773956 0.767000019550323 0.874000012874603 0.980000019073486 1.08599996566772 1.19200003147125 1.29799997806549 1.40499997138977 0.896000027656555 1.55799996852875 12.1680002212524 18.3349990844727 19.4990005493164 21.4200000762939 27.2199993133545 28.7719993591309 29.6539993286133 30.4729995727539 30.8129997253418 30.6019992828369 30.5599994659424 30.9290008544922 30.25 31.0949993133545 30.9440002441406 24.1730003356934 22.5540008544922 23.878999710083 26.875 28.367000579834 29.2490005493164
7.59999990463257 8.69799995422363 9.79599952697754 10.585000038147 8.34000015258789 5.375 2.41100001335144 1.99000000953674 1.42299997806549 0.545000016689301 0.587999999523163 0.74099999666214 0.894999980926514 1.04900002479553 1.23399996757507 1.16999995708466 0.640999972820282 0.829999983310699 0.935999989509583 1.04200005531311 1.14900004863739 1.25499999523163 1.36099994182587 0.876999974250793 0.859000027179718 3.98600006103516 12.6590003967285 18.0069999694824 20.7019996643066 28.2670001983643 31.2329998016357 32.4980010986328 32.390998840332 31.7670001983643 30.8649997711182 31.1019992828369 31.5170001983643 31.2859992980957 30.5769996643066 25.8050003051758 12.3629999160767 21.6350002288818 24.0550003051758 27.2240009307861 28.5419998168945 30.4169998168945
2.80699992179871 3.27500009536743 4.3730001449585 5.46999979019165 6.04400014877319 3.07500004768372 1.7849999666214 1.38699996471405 0.865000009536743 1.01900005340576 1.17299997806549 1.32599997520447 1.48000001907349 1.63399994373322 1.84500002861023 1.28900003433228 0.73199999332428 0.708000004291534 0.89300000667572 0.999000012874603 1.10500001907349 1.21099996566772 1.31700003147125 0.901000022888184 0.782000005245209 0.930999994277954 6.41300010681152 11.7089996337891 18.7770004272461 25.8560009002686 24.0179996490479 29.3990001678467 31.2159996032715 31.1599998474121 30.4330005645752 31.1459999084473 31.5060005187988 30.1159992218018 29.2259998321533 24.798999786377 19.3719997406006 22.3150005340576 25.3229999542236 28.3320007324219 30.3139991760254 31.6730003356934
7.59100008010864 5.68900012969971 4.25799989700317 4.04699993133545 4.37799978256226 4.63199996948242 3.83400011062622 3.06500005722046 1.4889999628067 1.60399997234344 1.75699996948242 1.91100001335144 2.06500005722046 2.24900007247925 1.96399998664856 1.40699994564056 0.851000010967255 0.564999997615814 0.774999976158142 0.954999983310699 1.06099998950958 1.16799998283386 1.27400004863739 0.921999990940094 0.705999970436096 0.853999972343445 1.00300002098083 4.28999996185303 16.9160003662109 24.9389991760254 25.242000579834 26.5330009460449 28.886999130249 30.2140007019043 29.8850002288818 30.0639991760254 29.5890007019043 28.8600006103516 22.818000793457 11.8730001449585 18.9330005645752 22.0849990844727 26.1079998016357 29.1159992218018 30.8619995117188 31.7220001220703
13.6850004196167 11.0629997253418 8.60499954223633 5.73000001907349 4.48899984359741 4.86899995803833 5.35599994659424 3.83500003814697 2.14299988746643 2.18799996376038 2.34200000762939 2.49600005149841 2.6489999294281 2.63899993896484 2.08299994468689 1.52600002288818 0.970000028610229 0.423000007867813 0.633000016212463 0.842000007629395 1.01800000667572 1.12399995326996 1.23000001907349 0.940999984741211 0.716000020503998 0.777999997138977 0.978999972343445 1.21099996566772 15.2209997177124 25.32200050354 25.3279991149902 28.3339996337891 30.2080001831055 30.003999710083 27.6399993896484 26.3400001525879 26.0909996032715 26.7479991912842 8.38399982452393 4.89599990844727 13.5609998703003 20.4209995269775 24.431999206543 27.9799995422363 30.3910007476807 31.0610008239746
16.7929992675781 13.0120000839233 9.23600006103516 2.24799990653992 3.50799989700317 4.93499994277954 5.55200004577637 4.59700012207031 2.79800009727478 2.77300000190735 2.92700004577637 3.08100008964539 3.26399993896484 2.75799989700317 2.20199990272522 1.64499998092651 1.08899998664856 0.532000005245209 0.490000009536743 0.699999988079071 0.910000026226044 1.08000004291534 1.17599999904633 0.958999991416931 0.735000014305115 0.702000021934509 1.00800001621246 1.17999994754791 7.26599979400635 1.13999998569489 11.0530004501343 26.4340000152588 28.6599998474121 28.2759990692139 26.2119998931885 23.6410007476807 23.6539993286133 24.9479999542236 21.1849994659424 17.7280006408691 18.5049991607666 18.4249992370605 20.9069995880127 25.3969993591309 30.0669994354248 30.2770004272461
18.693000793457 14.951000213623 11.0710000991821 7.19099998474121 5.31899976730347 16.3479995727539 15.378999710083 5.32999992370605 3.45199990272522 3.40499997138977 3.51200008392334 3.66499996185303 3.43300008773804 2.87700009346008 2.3199999332428 1.76400005817413 1.20700001716614 0.651000022888184 0.347000002861023 0.556999981403351 0.767000019550323 0.976999998092651 1.10899996757507 0.977999985218048 0.753000020980835 1.14600002765656 1.78600001335144 1.39400005340576 1.10300004482269 0.800999999046326 0.421999990940094 20.7830009460449 27.9300003051758 26.3649997711182 25.7150001525879 23.6450004577637 22.8010005950928 20.3770008087158 20.2549991607666 15.1940002441406 15.7840003967285 15.7229995727539 19.2180004119873 24.7880001068115 29.6469993591309 29.6949996948242
20.6669998168945 17.0690002441406 15.4759998321533 13.8830003738403 15.4209995269775 23.3570003509521 22.007999420166 17.9790000915527 4.10599994659424 4.05900001525879 4.09700012207031 4.10900020599365 3.55200004577637 2.99600005149841 2.43899989128113 1.88300001621246 1.32599997520447 0.769999980926514 0.212999999523163 0.414000004529953 0.624000012874603 0.751999974250793 1.00399994850159 1.0809999704361 4.19199991226196 5.82200002670288 6.48999977111816 3.84299993515015 1.00600004196167 0.833999991416931 6.17700004577637 19.1720008850098 26.55299949646 24.9990005493164 23.25 21.6180000305176 19.6180000305176 17.8369998931885 14.1870002746582 9.57699966430664 8.70899963378906 11.8229999542236 17.5189990997314 23.3700008392334 26.2140007019043 28.3500003814697
20.4160003662109 16.632999420166 18.7929992675781 20.9519996643066 23.8969993591309 23.5450000762939 22.8369998931885 20.0049991607666 9.49600028991699 4.95900011062622 4.68100023269653 4.22700023651123 3.6710000038147 3.11400008201599 2.55800008773804 2.00099992752075 1.44500005245209 0.888000011444092 0.331999987363815 0.252999991178513 0.477999985218048 13.5900001525879 8.25100040435791 8.46100044250488 10.7089996337891 10.4169998168945 9.73600006103516 6.29099988937378 3.29099988937378 0.88400000333786 6.10400009155273 17.4769992828369 22.8530006408691 25.056999206543 22.8530006408691 20.6480007171631 18.4440002441406 17.7560005187988 11.6859998703003 8.5959997177124 5.56799983978271 9.9689998626709 15.0299997329712 17.1219997406006 20.4599990844727 23.8759994506836
19.7819995880127 14.5819997787476 9.1269998550415 17.75 24.1480007171631 23.8500003814697 23.75 25.2859992980957 19.5440006256104 16.9270000457764 13.5830001831055 8.40100002288818 8.20699977874756 7.74100017547607 7.27600002288818 6.80999994277954 6.3439998626709 7.48299980163574 11.4580001831055 12.7550001144409 25.6569995880127 26.7670001983643 22.6189994812012 18.7000007629395 14.0769996643066 14.9280004501343 14.1879997253418 10.5150003433228 6.81599998474121 2.54399991035461 6.13100004196167 17.0839996337891 19.1529998779297 20.923999786377 22.9109992980957 20.7070007324219 18.5020008087158 17.5170001983643 11.1680002212524 4.52500009536743 3.77900004386902 6.2189998626709 9.1540002822876 12.5699996948242 15.9860000610352 19.4009990692139
18.7040004730225 14.2030000686646 10.8889999389648 15.4370002746582 22.4309997558594 23.9409999847412 23.8409996032715 25.0400009155273 23.0970001220703 21.0979995727539 20.4099998474121 16.548999786377 13.1149997711182 13.0690002441406 12.8249998092651 14.326000213623 16.6240005493164 18.9230003356934 22.9050006866455 24.9419994354248 26.3330001831055 30.0030002593994 27.9009990692139 22.5990009307861 19.6110000610352 21.6299991607666 20.8859996795654 13.9720001220703 10.2600002288818 5.72700023651123 6.15700006484985 13.6809997558594 15.4530000686646 17.2240009307861 18.9950008392334 20.7649993896484 18.9459991455078 16.5669994354248 10.2180004119873 3.53299999237061 1.70200002193451 1.6710000038147 4.77600002288818 8.09500026702881 11.5109996795654 14.9270000457764
