02_asc_chm-r50m/BR212I.asc
NCOLS 199 
NROWS 197 
XLLCORNER 530780 
YLLCORNER 5293543.5 
CELLSIZE 0.5 
NODATA_value -3.4e+38 
[rows 160 to 179 of 197, columns 138 to 183 of 199]
1.567999958992 2.22499990463257 5.28299999237061 8.96500015258789 12.6470003128052 16.3290004730225 20.0109996795654 23.693000793457 27.0310001373291 26.4979991912842 29.1800003051758 32.0149993896484 34.5229988098145 35.1030006408691 35.9290008544922 36.5900001525879 37.2159996032715 36.9690017700195 34.3720016479492 32.798999786377 34.3870010375977 35.3969993591309 36.5579986572266 37.6969985961914 40.2249984741211 41.0769996643066 41.2319984436035 41.3790016174316 41.1920013427734 41.5470008850098 41.5219993591309 41.4080009460449 40.6599998474121 39.8120002746582 37.5180015563965 37.6990013122559 35.8950004577637 33.2459983825684 33.3079986572266 33.1689987182617 32.1100006103516 -3.4e+38 -3.4e+38 -3.4e+38 -3.4e+38 -3.4e+38
1.25899994373322 1.91499996185303 5.56099987030029 9.24300003051758 12.9250001907349 16.6070003509521 20.1639995574951 22.6389999389648 26.4720001220703 24.5499992370605 31.3449993133545 33.2610015869141 34.7400016784668 36.0670013427734 36.7729988098145 37.1990013122559 37.7239990234375 37.8129997253418 36.7029991149902 35.4070014953613 35.3930015563965 34.8769989013672 37.2299995422363 38.814998626709 39.4690017700195 39.8619995117188 40.4930000305176 40.6889991760254 40.439998626709 39.9099998474121 39.564998626709 39.6689987182617 38.8549995422363 36.8380012512207 34.3460006713867 36.3470001220703 33.8810005187988 33.25 33.4480018615723 32.5670013427734 -3.4e+38 -3.4e+38 -3.4e+38 -3.4e+38 -3.4e+38 -3.4e+38
0.949000000953674 2.15700006484985 5.83900022506714 9.52099990844727 13.2030000686646 16.0289993286133 18.503999710083 21.693000793457 25.9130001068115 24.7150001525879 31.6509990692139 33.4939994812012 34.3940010070801 36.3009986877441 37.5960006713867 37.9550018310547 38.2330017089844 37.9189987182617 37.3230018615723 36.4020004272461 35.9550018310547 35.0769996643066 36.3639984130859 38.1209983825684 39.4370002746582 39.7029991149902 39.6020011901855 39.8419990539551 39.0800018310547 38.8940010070801 38.4770011901855 37.9720001220703 37.1599998474121 35.5670013427734 33.9269981384277 34.0820007324219 32.8569984436035 32.5229988098145 30.2150001525879 -3.4e+38 -3.4e+38 -3.4e+38 -3.4e+38 -3.4e+38 -3.4e+38 -3.4e+38
0.638999998569489 2.43499994277954 6.11700010299683 9.41800022125244 11.8929996490479 14.3690004348755 16.9130001068115 21.1340007781982 25.3540000915527 24.5359992980957 27.4500007629395 31.3600006103516 34.2890014648438 36.515998840332 37.6459999084473 38.1310005187988 37.9529991149902 37.4790000915527 37.148998260498 36.3870010375977 35.6749992370605 35.1549987792969 35.6430015563965 37.2410011291504 38.5460014343262 38.1629981994629 37.5219993591309 39.5730018615723 39.2089996337891 38.931999206543 38.6459999084473 37.859001159668 37.1370010375977 35.4420013427734 33.1870002746582 33.0089988708496 31.3570003509521 27.511999130249 -3.4e+38 -3.4e+38 -3.4e+38 -3.4e+38 -3.4e+38 -3.4e+38 -3.4e+38 -3.4e+38
0.437999993562698 2.71199989318848 5.28299999237061 7.75799989700317 10.2340002059937 12.7089996337891 16.3540000915527 20.5750007629395 24.7950000762939 26.0249996185303 27.1879997253418 32.492000579834 35.3499984741211 36.7779998779297 37.6049995422363 37.9900016784668 37.7540016174316 37.3660011291504 35.4339981079102 33.6829986572266 33.7639999389648 33.6580009460449 32.6720008850098 34.6459999084473 37.064998626709 37.4199981689453 37.8800010681152 38.3720016479492 38.8300018310547 38.9930000305176 38.7229995727539 37.5629997253418 36.3899993896484 35.0709991455078 31.7110004425049 31.136999130249 31.3700008392334 -3.4e+38 -3.4e+38 -3.4e+38 -3.4e+38 -3.4e+38 -3.4e+38 -3.4e+38 -3.4e+38 -3.4e+38
0.787000000476837 1.14800000190735 3.62299990653992 6.09899997711182 8.57400035858154 11.5740003585815 15.7950000762939 20.0160007476807 24.2360000610352 26.5200004577637 27.6679992675781 32.8079986572266 35.9500007629395 36.435001373291 37.318000793457 37.6380004882812 37.4529991149902 36.7239990234375 35.3610000610352 34.0099983215332 33.3689994812012 32.7910003662109 31.3199996948242 31.8920001983643 35.6730003356934 36.7820014953613 37.3870010375977 37.3940010070801 37.8520011901855 38.0019989013672 37.3889999389648 36.4609985351562 35.9029998779297 31.7649993896484 29.6679992675781 29.6539993286133 -3.4e+38 -3.4e+38 -3.4e+38 -3.4e+38 -3.4e+38 -3.4e+38 -3.4e+38 -3.4e+38 -3.4e+38 -3.4e+38
1.17599999904633 2.11899995803833 2.32299995422363 4.43900012969971 6.91499996185303 11.0159997940063 15.2360000610352 19.7900009155273 23.4139995574951 26.25 31.0900001525879 34.1510009765625 35.5610008239746 35.7770004272461 35.859001159668 36.306999206543 36.8129997253418 36.125 35.2680015563965 34.1110000610352 33.4589996337891 32.6319999694824 31.4850006103516 32.0190010070801 34.2830009460449 33.9259986877441 35.2859992980957 36.6730003356934 36.6699981689453 35.976001739502 35.1549987792969 36.3310012817383 34.7290000915527 28.5139999389648 27.6539993286133 -3.4e+38 -3.4e+38 -3.4e+38 -3.4e+38 -3.4e+38 -3.4e+38 -3.4e+38 -3.4e+38 -3.4e+38 -3.4e+38 -3.4e+38
1.25800001621246 3.38000011444092 3.44300007820129 3.55699992179871 6.19199991226196 9.69699954986572 12.6619997024536 15.6280002593994 16.746000289917 20.4909992218018 26.8229999542236 32.0400009155273 33.5 34.625 35.2169990539551 35.6139984130859 35.9650001525879 36.1069984436035 35.2379989624023 34.0800018310547 32.7999992370605 31.9260005950928 31.6800003051758 31.4950008392334 31.4669990539551 31.2280006408691 33.7379989624023 35.0979995727539 35.6990013122559 33.4819984436035 31.9689998626709 33.6609992980957 33.609001159668 28.1159992218018 -3.4e+38 -3.4e+38 -3.4e+38 -3.4e+38 -3.4e+38 -3.4e+38 -3.4e+38 -3.4e+38 -3.4e+38 -3.4e+38 -3.4e+38 -3.4e+38
2.1029999256134 3.87299990653992 4.69500017166138 4.38899993896484 3.12700009346008 4.87599992752075 7.84200000762939 9.78400039672852 9.64500045776367 14.6499996185303 25.0410003662109 25.8139991760254 30.2040004730225 30.9290008544922 32.976001739502 35.2809982299805 34.9370002746582 35.3089981079102 34.3129997253418 33.2929992675781 31.4979991912842 30.9939994812012 30.6280002593994 31.1110000610352 30 30.2670001983643 31.6410007476807 33.1889991760254 33.8450012207031 31.0990009307861 29.8780002593994 28.2369995117188 17.3080005645752 -3.4e+38 -3.4e+38 -3.4e+38 -3.4e+38 -3.4e+38 -3.4e+38 -3.4e+38 -3.4e+38 -3.4e+38 -3.4e+38 -3.4e+38 -3.4e+38 -3.4e+38
2.94899988174438 3.48099994659424 4.44999980926514 4.20699977874756 2.93600010871887 1.74600005149841 2.48499989509583 3.02800011634827 2.54299998283386 8.87199974060059 17.5620002746582 21.9050006866455 24.5109996795654 28.4930000305176 28.5289993286133 31.882999420166 33.2070007324219 32.6069984436035 32.6860008239746 31.0389995574951 29.7229995727539 26.6730003356934 20.0510005950928 20.4640007019043 21.9009990692139 27.0410003662109 31.5650005340576 31.7940006256104 27.6609992980957 23.1030006408691 19.6860008239746 12.2329998016357 -3.4e+38 -3.4e+38 -3.4e+38 -3.4e+38 -3.4e+38 -3.4e+38 -3.4e+38 -3.4e+38 -3.4e+38 -3.4e+38 -3.4e+38 -3.4e+38 -3.4e+38 -3.4e+38
6.53800010681152 4.56899976730347 5.19099998474121 4.96600008010864 3.48600006103516 2.48499989509583 1.56200003623962 1.86199998855591 2.77300000190735 3.24200010299683 4.41699981689453 8.92599964141846 20.5860004425049 23.8010005950928 26.9260005950928 27.0480003356934 27.5610008239746 27.1079998016357 27.4659996032715 29.9069995880127 25.3850002288818 13.1400003433228 9.14599990844727 14.7089996337891 19.798999786377 24.3980007171631 28.9979991912842 17.9939994812012 8.60900020599365 4.4539999961853 1.93700003623962 -3.4e+38 -3.4e+38 -3.4e+38 -3.4e+38 -3.4e+38 -3.4e+38 -3.4e+38 -3.4e+38 -3.4e+38 -3.4e+38 -3.4e+38 -3.4e+38 -3.4e+38 -3.4e+38 -3.4e+38
10.8380002975464 10.0469999313354 9.94400024414062 7.68900012969971 5.6399998664856 3.71799993515015 2.71700000762939 2.52800011634827 3.19300007820129 3.98300004005432 5.38299989700317 6.89499998092651 15.3909997940063 18.1439990997314 21.1529998779297 18.8549995422363 24.3430004119873 21.9260005950928 19.3850002288818 18.7070007324219 9.96300029754639 1.93700003623962 7.20900011062622 12.7720003128052 17.69700050354 22.2959995269775 15.8800001144409 2.32800006866455 2.1159999370575 1.89699995517731 -3.4e+38 -3.4e+38 -3.4e+38 -3.4e+38 -3.4e+38 -3.4e+38 -3.4e+38 -3.4e+38 -3.4e+38 -3.4e+38 -3.4e+38 -3.4e+38 -3.4e+38 -3.4e+38 -3.4e+38 -3.4e+38
16.4640007019043 15.2969999313354 12.4589996337891 10.41100025177 8.36200046539307 6.31400012969971 4.2649998664856 3.17799997329712 3.625 4.40399980545044 5.72900009155273 6.84000015258789 7.37799978256226 11.0989999771118 10.6770000457764 7.60500001907349 14.7709999084473 14.2569999694824 10.3090000152588 8.66899967193604 3.88499999046326 2.45600008964539 5.27299976348877 10.8360004425049 15.5950002670288 16.1889991760254 2.2960000038147 2.07599997520447 1.85599994659424 -3.4e+38 -3.4e+38 -3.4e+38 -3.4e+38 -3.4e+38 -3.4e+38 -3.4e+38 -3.4e+38 -3.4e+38 -3.4e+38 -3.4e+38 -3.4e+38 -3.4e+38 -3.4e+38 -3.4e+38 -3.4e+38 -3.4e+38
20.6490001678467 17.4950008392334 15.1809997558594 13.1330003738403 11.0839996337891 9.03600025177002 6.96199989318848 4.27400016784668 4.20499992370605 5.55200004577637 6.74399995803833 7.74700021743774 8.02299976348877 8.52299976348877 9.23299980163574 7.05000019073486 6.39200019836426 5.92199993133545 5.24599981307983 5.68599987030029 4.40399980545044 2.97499990463257 3.33599996566772 8.89400005340576 13.4930000305176 2.26500010490417 2.03600001335144 1.81599998474121 -3.4e+38 -3.4e+38 -3.4e+38 -3.4e+38 -3.4e+38 -3.4e+38 -3.4e+38 -3.4e+38 -3.4e+38 -3.4e+38 -3.4e+38 -3.4e+38 -3.4e+38 -3.4e+38 -3.4e+38 -3.4e+38 -3.4e+38 -3.4e+38
22.8479995727539 19.9519996643066 17.9029998779297 15.8549995422363 13.6219997406006 10.9340000152588 8.24499988555908 5.46500015258789 4.12599992752075 5.7649998664856 7.10500001907349 8.3769998550415 8.49400043487549 8.69200038909912 7.62599992752075 6.22900009155273 5.66300010681152 4.52099990844727 2.87400007247925 3.5090000629425 4.24499988555908 3.49399995803833 2.12899994850159 6.79199981689453 2.23300004005432 1.95299994945526 1.77600002288818 -3.4e+38 -3.4e+38 -3.4e+38 -3.4e+38 -3.4e+38 -3.4e+38 -3.4e+38 -3.4e+38 -3.4e+38 -3.4e+38 -3.4e+38 -3.4e+38 -3.4e+38 -3.4e+38 -3.4e+38 -3.4e+38 -3.4e+38 -3.4e+38 -3.4e+38
25.0459995269775 22.673999786377 20.2819995880127 17.492000579834 14.5209999084473 11.548999786377 8.57800006866455 5.60599994659424 4.27400016784668 5.96700000762939 6.05000019073486 6.83799982070923 7.97700023651123 7.29400014877319 5.60400009155273 3.8199999332428 3.0239999294281 2.83400011062622 2.34800004959106 2.19099998474121 2.06900000572205 2.8050000667572 2.53699994087219 2.20099997520447 1.9210000038147 1.73500001430511 -3.4e+38 -3.4e+38 -3.4e+38 -3.4e+38 -3.4e+38 -3.4e+38 -3.4e+38 -3.4e+38 -3.4e+38 -3.4e+38 -3.4e+38 -3.4e+38 -3.4e+38 -3.4e+38 -3.4e+38 -3.4e+38 -3.4e+38 -3.4e+38 -3.4e+38 -3.4e+38
26.5499992370605 24.4389991760254 21.5160007476807 18.5919990539551 15.6680002212524 12.7449998855591 9.82100009918213 6.89799976348877 5.22399997711182 5.39200019836426 5.1230001449585 5.72800016403198 9.36299991607666 9.55000019073486 7.81400012969971 5.40899991989136 5.18599987030029 2.31599998474121 1.56500005722046 1.23000001907349 1.53299999237061 4.66800022125244 5.11299991607666 1.90499997138977 1.61000001430511 -3.4e+38 -3.4e+38 -3.4e+38 -3.4e+38 -3.4e+38 -3.4e+38 -3.4e+38 -3.4e+38 -3.4e+38 -3.4e+38 -3.4e+38 -3.4e+38 -3.4e+38 -3.4e+38 -3.4e+38 -3.4e+38 -3.4e+38 -3.4e+38 -3.4e+38 -3.4e+38 -3.4e+38
26.5440006256104 26.1399993896484 23.8309993743896 21.125 18.201000213623 15.2779998779297 12.3540000915527 9.43000030517578 6.59700012207031 7.42500019073486 7.1560001373291 8.3459997177124 10.8409996032715 11.8070001602173 12.2740001678467 15.2119998931885 9.3120002746582 2.13899993896484 1.89699995517731 9.97999954223633 14.2279996871948 16.8980007171631 13.0590000152588 7.34600019454956 -3.4e+38 -3.4e+38 -3.4e+38 -3.4e+38 -3.4e+38 -3.4e+38 -3.4e+38 -3.4e+38 -3.4e+38 -3.4e+38 -3.4e+38 -3.4e+38 -3.4e+38 -3.4e+38 -3.4e+38 -3.4e+38 -3.4e+38 -3.4e+38 -3.4e+38 -3.4e+38 -3.4e+38 -3.4e+38
26.5389995574951 26.1350002288818 25.5219993591309 23.048999786377 20.576000213623 17.8110008239746 14.8870000839233 11.9630002975464 9.03999996185303 9.45300006866455 9.41899967193604 11.043999671936 12.6070003509521 14.048999786377 25.0799999237061 27.1019992828369 18.0729999542236 10.8430004119873 4.87900018692017 14.9490003585815 25.0189990997314 25.201000213623 20.6340007781982 -3.4e+38 -3.4e+38 -3.4e+38 -3.4e+38 -3.4e+38 -3.4e+38 -3.4e+38 -3.4e+38 -3.4e+38 -3.4e+38 -3.4e+38 -3.4e+38 -3.4e+38 -3.4e+38 -3.4e+38 -3.4e+38 -3.4e+38 -3.4e+38 -3.4e+38 -3.4e+38 -3.4e+38 -3.4e+38 -3.4e+38
26.5330009460449 26.128999710083 25.7250003814697 24.7409992218018 22.2679996490479 19.7950000762939 17.32200050354 14.496000289917 11.5729999542236 10.9020004272461 11.7959995269775 12.7080001831055 12.9280004501343 17.4890003204346 27.6900005340576 32.1450004577637 31.8269996643066 31.2439994812012 18.7870006561279 23.193000793457 27.2779998779297 27.1690006256104 -3.4e+38 -3.4e+38 -3.4e+38 -3.4e+38 -3.4e+38 -3.4e+38 -3.4e+38 -3.4e+38 -3.4e+38 -3.4e+38 -3.4e+38 -3.4e+38 -3.4e+38 -3.4e+38 -3.4e+38 -3.4e+38 -3.4e+38 -3.4e+38 -3.4e+38 -3.4e+38 -3.4e+38 -3.4e+38 -3.4e+38 -3.4e+38
