02_asc_chm-r50m/BR212I.asc
NCOLS 199 
NROWS 197 
XLLCORNER 530780 
YLLCORNER 5293543.5 
CELLSIZE 0.5 
NODATA_value -3.4e+38 
[rows 60 to 79 of 197, columns 0 to 45 of 199]
-3.4e+38 -3.4e+38 -3.4e+38 -3.4e+38 -3.4e+38 -3.4e+38 -3.4e+38 -3.4e+38 -3.4e+38 -3.4e+38 -3.4e+38 -3.4e+38 -3.4e+38 -3.4e+38 -3.4e+38 6.65999984741211 7.67399978637695 7.61999988555908 7.55700016021729 7.49300003051758 7.42999982833862 7.36600017547607 7.30299997329712 7.23899984359741 6.6100001335144 4.94600009918213 4.64200019836426 4.44000005722046 4.23799991607666 4.03700017929077 3.83500003814697 3.63299989700317 3.43099999427795 3.23000001907349 3.02800011634827 2.82599997520447 2.625 2.42300009727478 2.22099995613098 2.01900005340576 1.817999958992 1.61600005626678 1.41400003433228 1.21200001239777 1.0110000371933 0.809000015258789
-3.4e+38 -3.4e+38 -3.4e+38 -3.4e+38 -3.4e+38 -3.4e+38 -3.4e+38 -3.4e+38 -3.4e+38 -3.4e+38 -3.4e+38 -3.4e+38 -3.4e+38 -3.4e+38 -3.4e+38 7.28299999237061 7.32600021362305 7.26300001144409 7.19899988174438 7.13600015640259 7.07200002670288 7.00899982452393 6.94500017166138 6.88199996948242 6.44399976730347 5.2350001335144 4.44399976730347 4.24300003051758 4.04099988937378 3.83899998664856 3.63800001144409 3.43600010871887 3.23399996757507 3.03200006484985 2.83100008964539 2.62899994850159 2.42700004577637 2.22499990463257 2.0239999294281 1.82200002670288 1.62000000476837 1.4190000295639 1.21700000762939 1.01499998569489 0.813000023365021 0.611999988555908
-3.4e+38 -3.4e+38 -3.4e+38 -3.4e+38 -3.4e+38 -3.4e+38 -3.4e+38 -3.4e+38 -3.4e+38 -3.4e+38 -3.4e+38 -3.4e+38 -3.4e+38 -3.4e+38 6.45100021362305 7.03200006484985 6.9689998626709 6.90500020980835 6.84200000762939 6.77799987792969 6.71500015258789 6.65100002288818 6.58799982070923 6.52400016784668 6.31799983978271 5.52500009536743 4.24700021743774 4.04500007629395 3.84400010108948 3.64199995994568 3.44000005722046 3.23900008201599 3.03699994087219 2.83500003814697 2.63299989700317 2.43199992179871 2.23000001907349 2.02800011634827 1.82599997520447 1.625 1.42299997806549 1.22099995613098 1.01999998092651 0.818000018596649 0.61599999666214 0.587000012397766
-3.4e+38 -3.4e+38 -3.4e+38 -3.4e+38 -3.4e+38 -3.4e+38 -3.4e+38 -3.4e+38 -3.4e+38 -3.4e+38 -3.4e+38 -3.4e+38 -3.4e+38 5.57600021362305 6.7039999961853 6.67500019073486 6.61100006103516 6.5479998588562 6.48400020599365 6.4210000038147 6.35699987411499 6.29400014877319 6.23000001907349 6.16699981689453 6.10300016403198 5.55800008773804 4.05000019073486 3.84800004959106 3.64599990844727 3.4449999332428 3.24300003051758 3.04099988937378 2.83999991416931 2.63800001144409 2.43600010871887 2.23399996757507 2.03299999237061 1.8309999704361 1.62899994850159 1.42700004577637 1.22599995136261 1.02400004863739 0.822000026702881 0.620999991893768 0.47299998998642 1.5
-3.4e+38 -3.4e+38 -3.4e+38 -3.4e+38 -3.4e+38 -3.4e+38 -3.4e+38 -3.4e+38 -3.4e+38 -3.4e+38 -3.4e+38 -3.4e+38 -3.4e+38 6.24200010299683 6.38100004196167 6.31699991226196 6.25400018692017 6.19000005722046 6.1269998550415 6.06300020217896 6 5.93599987030029 5.8730001449585 5.80900001525879 5.74599981307983 5.32999992370605 4.15999984741211 3.65100002288818 3.44899988174438 3.24699997901917 3.0460000038147 2.84400010108948 2.64199995994568 2.44099998474121 2.23900008201599 2.03699994087219 1.83500003814697 1.63399994373322 1.432000041008 1.23000001907349 1.02799999713898 0.827000021934509 0.625 0.423000007867813 1.3860000371933 2.41300010681152
-3.4e+38 -3.4e+38 -3.4e+38 -3.4e+38 -3.4e+38 -3.4e+38 -3.4e+38 -3.4e+38 -3.4e+38 -3.4e+38 -3.4e+38 -3.4e+38 5.36700010299683 6.08699989318848 6.02299976348877 5.96000003814697 5.89599990844727 5.83300018310547 5.76900005340576 5.70599985122681 5.64200019836426 5.5789999961853 5.5149998664856 5.4520001411438 5.38800001144409 5.2039999961853 4.44899988174438 3.4539999961853 3.25200009346008 3.04999995231628 2.84800004959106 2.6470000743866 2.4449999332428 2.24300003051758 2.04099988937378 1.8400000333786 1.63800001144409 1.43599998950958 1.23500001430511 1.03299999237061 0.830999970436096 0.629000008106232 0.428000003099442 1.27300000190735 2.29999995231628 3.32599997520447
-3.4e+38 -3.4e+38 -3.4e+38 -3.4e+38 -3.4e+38 -3.4e+38 -3.4e+38 -3.4e+38 -3.4e+38 -3.4e+38 -3.4e+38 -3.4e+38 5.73400020599365 5.72900009155273 5.66599988937378 5.60200023651123 5.53900003433228 5.47499990463257 5.41200017929077 5.34800004959106 5.28499984741211 5.22100019454956 5.15799999237061 5.0939998626709 5.0310001373291 4.96700000762939 4.50699996948242 3.25600004196167 3.0550000667572 2.8529999256134 2.65100002288818 2.44899988174438 2.24799990653992 2.0460000038147 1.84399998188019 1.64199995994568 1.44099998474121 1.2389999628067 1.03699994087219 0.836000025272369 0.63400000333786 0.432000011205673 1.15900003910065 2.18600010871887 3.21300005912781 4.23899984359741
-3.4e+38 -3.4e+38 -3.4e+38 -3.4e+38 -3.4e+38 -3.4e+38 -3.4e+38 -3.4e+38 -3.4e+38 -3.4e+38 -3.4e+38 5.15799999237061 5.43499994277954 5.37200021743774 5.30800008773804 5.24499988555908 5.18100023269653 5.11800003051758 5.05399990081787 4.99100017547607 4.92700004577637 4.86399984359741 4.80000019073486 4.73699998855591 4.6729998588562 4.6100001335144 4.21500015258789 3.08400011062622 2.85700011253357 2.65599989891052 2.4539999961853 2.25200009346008 2.04999995231628 1.84899997711182 1.64699995517731 1.44500005245209 1.24300003051758 1.04200005531311 0.839999973773956 0.638000011444092 0.437000006437302 1.0460000038147 2.07299995422363 3.09899997711182 4.12599992752075 5.15299987792969
-3.4e+38 -3.4e+38 -3.4e+38 -3.4e+38 -3.4e+38 -3.4e+38 -3.4e+38 -3.4e+38 -3.4e+38 -3.4e+38 4.28399991989136 5.12200021743774 5.07800006866455 5.01399993896484 4.95100021362305 4.88700008392334 4.82399988174438 4.76000022888184 4.69700002670288 4.63299989700317 4.57000017166138 4.50600004196167 4.44299983978271 4.37900018692017 4.31599998474121 4.2519998550415 4.09000015258789 3.37299990653992 2.66000008583069 2.45799994468689 2.25699996948242 2.0550000667572 1.85300004482269 1.65100002288818 1.45000004768372 1.24800002574921 1.0460000038147 0.843999981880188 0.64300000667572 0.441000014543533 0.933000028133392 1.95899999141693 2.98600006103516 4.01300001144409 5.03900003433228 6.06599998474121
-3.4e+38 -3.4e+38 -3.4e+38 -3.4e+38 -3.4e+38 -3.4e+38 -3.4e+38 -3.4e+38 -3.4e+38 -3.4e+38 4.76399993896484 4.78399991989136 4.71999979019165 4.65700006484985 4.59299993515015 4.53000020980835 4.46600008010864 4.40299987792969 4.33900022506714 4.27600002288818 4.21199989318848 4.14900016784668 4.08500003814697 4.02199983596802 3.95799994468689 3.89499998092651 3.83100008964539 3.45499992370605 2.46300005912781 2.26099991798401 2.05900001525879 1.85699999332428 1.65600001811981 1.4539999961853 1.25199997425079 1.05099999904633 0.848999977111816 0.647000014781952 0.444999992847443 0.819000005722046 1.84599995613098 2.87199997901917 3.8989999294281 4.92600011825562 5.9520001411438 6.97900009155273
-3.4e+38 -3.4e+38 -3.4e+38 -3.4e+38 -3.4e+38 -3.4e+38 -3.4e+38 -3.4e+38 -3.4e+38 4.07499980926514 4.48999977111816 4.42600011825562 4.36299991607666 4.29899978637695 4.23600006103516 4.17199993133545 4.10900020599365 4.04500007629395 3.98200011253357 3.91799998283386 3.85500001907349 3.79099988937378 3.7279999256134 3.66400003433228 3.6010000705719 3.53699994087219 3.47399997711182 3.1470000743866 2.26500010490417 2.06399989128113 1.86199998855591 1.6599999666214 1.45799994468689 1.25699996948242 1.05499994754791 0.852999985218048 0.65200001001358 0.449999988079071 0.705999970436096 1.73199999332428 2.7590000629425 3.78600001335144 4.81199979782104 5.83900022506714 6.86600017547607 7.89200019836426
-3.4e+38 -3.4e+38 -3.4e+38 -3.4e+38 -3.4e+38 -3.4e+38 -3.4e+38 -3.4e+38 -3.4e+38 4.15199995040894 4.13199996948242 4.06899976730347 4.00500011444092 3.94199991226196 3.87800002098083 3.81500005722046 3.75099992752075 3.68799996376038 3.62400007247925 3.56100010871887 3.49699997901917 3.43400001525879 3.36999988555908 3.30699992179871 3.24300003051758 3.1800000667572 3.1159999370575 2.9760000705719 2.29800009727478 1.86600005626678 1.66499996185303 1.46300005912781 1.2610000371933 1.05900001525879 0.857999980449677 0.656000018119812 0.453999996185303 0.592000007629395 1.61899995803833 2.64599990844727 3.67199993133545 4.69899988174438 5.72599983215332 6.7519998550415 7.77899980545044 8.80500030517578
-3.4e+38 -3.4e+38 -3.4e+38 -3.4e+38 -3.4e+38 -3.4e+38 -3.4e+38 -3.4e+38 3.78999996185303 3.83800005912781 3.77500009536743 3.71099996566772 3.64800000190735 3.58400011062622 3.52099990844727 3.45700001716614 3.39400005340576 3.32999992370605 3.26699995994568 3.20300006866455 3.14000010490417 3.07599997520447 3.01300001144409 2.94899988174438 2.88599991798401 2.82200002670288 2.7590000629425 2.69600009918213 2.40400004386902 1.6690000295639 1.46700000762939 1.26600003242493 1.06400001049042 0.861999988555908 0.660000026226044 0.458999991416931 0.479000002145767 1.50600004196167 2.53200006484985 3.55900001525879 4.58500003814697 5.61199998855591 6.63899993896484 7.66499996185303 8.69200038909912 9.7189998626709
-3.4e+38 -3.4e+38 -3.4e+38 -3.4e+38 -3.4e+38 -3.4e+38 -3.4e+38 2.9909999370575 3.53999996185303 3.48099994659424 3.41700005531311 3.35400009155273 3.28999996185303 3.22699999809265 3.16300010681152 3.09999990463257 3.03600001335144 2.97300004959106 2.90899991989136 2.84599995613098 2.78200006484985 2.71900010108948 2.65499997138977 2.59200000762939 2.52800011634827 2.46499991416931 2.40100002288818 2.33800005912781 2.09500002861023 1.47200000286102 1.26999998092651 1.067999958992 0.866999983787537 0.665000021457672 0.462999999523163 0.365000009536743 1.39199995994568 2.41899991035461 3.4449999332428 4.47200012207031 5.49900007247925 6.52500009536743 7.55200004577637 8.57900047302246 9.60499954223633 10.6319999694824
-3.4e+38 -3.4e+38 -3.4e+38 -3.4e+38 -3.4e+38 -3.4e+38 -3.4e+38 3.18099999427795 3.18700003623962 3.12299990653992 3.05999994277954 2.99600005149841 2.93300008773804 2.86899995803833 2.80599999427795 2.74200010299683 2.67899990081787 2.61500000953674 2.55200004577637 2.48799991607666 2.42499995231628 2.36100006103516 2.29800009727478 2.23399996757507 2.1710000038147 2.10700011253357 2.04399991035461 1.98000001907349 1.86099994182587 1.27400004863739 1.07299995422363 0.870999991893768 0.669000029563904 0.467999994754791 0.266000002622604 1.27900004386902 2.3050000667572 3.33200001716614 4.35900020599365 5.38500022888184 6.41200017929077 7.43900012969971 8.46500015258789 9.49199962615967 10.5179996490479 11.5450000762939
-3.4e+38 -3.4e+38 -3.4e+38 -3.4e+38 -3.4e+38 -3.4e+38 2.78200006484985 2.89299988746643 2.8289999961853 2.76600003242493 2.70199990272522 2.63899993896484 2.57500004768372 2.51200008392334 2.44799995422363 2.38499999046326 2.32100009918213 2.25799989700317 2.19400000572205 2.13100004196167 2.06699991226196 2.00399994850159 1.94000005722046 1.87699997425079 1.81299996376038 1.75 1.68599998950958 1.62300002574921 1.55999994277954 1.35199999809265 0.875 0.674000024795532 0.472000002861023 0.270000010728836 1.16499996185303 2.19199991226196 3.21900010108948 4.24499988555908 5.27199983596802 6.2979998588562 7.32499980926514 8.35200023651123 9.37800025939941 10.4049997329712 11.4320001602173 12.4580001831055
-3.4e+38 -3.4e+38 -3.4e+38 -3.4e+38 -3.4e+38 -3.4e+38 2.56900000572205 2.53500008583069 2.47199988365173 2.40799999237061 2.34500002861023 2.28099989891052 2.21799993515015 2.15400004386902 2.09100008010864 2.02699995040894 1.96399998664856 1.89999997615814 1.83700001239777 1.77300000190735 1.71000003814697 1.64600002765656 1.58299994468689 1.51900005340576 1.4559999704361 1.39199995994568 1.3289999961853 1.26499998569489 1.20200002193451 1.0440000295639 0.677999973297119 0.476000010967255 0.275000005960464 1.05200004577637 2.07800006866455 3.10500001907349 4.13199996948242 5.15799999237061 6.18499994277954 7.21199989318848 8.23799991607666 9.26500034332275 10.2919998168945 11.3179998397827 12.3450002670288 13.3719997406006
-3.4e+38 -3.4e+38 -3.4e+38 -3.4e+38 -3.4e+38 2.21099996566772 2.2409999370575 2.17799997329712 2.11400008201599 2.05100011825562 1.98699998855591 1.92400002479553 1.86000001430511 1.79700005054474 1.73300004005432 1.66999995708466 1.60599994659424 1.54299998283386 1.47899997234344 1.41600000858307 1.35199999809265 1.28900003433228 1.22500002384186 1.16199994087219 1.09800004959106 1.0349999666214 0.971000015735626 0.907999992370605 0.845000028610229 0.746999979019165 0.481000006198883 0.279000014066696 0.938000023365021 1.9650000333786 2.99200010299683 4.01800012588501 5.04500007629395 6.07200002670288 7.09800004959106 8.125 9.15200042724609 10.0620002746582 10.8610000610352 11.6059999465942 12.3500003814697 13.0939998626709
-3.4e+38 -3.4e+38 -3.4e+38 -3.4e+38 -3.4e+38 1.94700002670288 1.88399994373322 1.82000005245209 1.75699996948242 1.692999958992 1.62999999523163 1.56599998474121 1.50300002098083 1.43900001049042 1.37600004673004 1.31200003623962 1.24899995326996 1.18499994277954 1.12199997901917 1.05799996852875 0.995000004768372 0.930999994277954 0.867999970912933 0.804000020027161 0.74099999666214 0.676999986171722 0.614000022411346 0.550000011920929 0.486999988555908 0.42399999499321 0.300000011920929 0.824999988079071 1.85199999809265 2.75799989700317 3.62400007247925 4.39300012588501 5.13700008392334 5.88100004196167 6.62599992752075 7.36999988555908 8.11400032043457 8.85900020599365 9.60299968719482 10.3470001220703 11.0920000076294 11.8360004425049
-3.4e+38 -3.4e+38 -3.4e+38 -3.4e+38 1.59899997711182 1.5900000333786 1.52600002288818 1.46300005912781 1.39900004863739 1.33599996566772 1.27199995517731 1.20899999141693 1.14499998092651 1.08200001716614 1.02499997615814 0.972000002861023 0.919000029563904 0.86599999666214 0.811999976634979 0.75900000333786 0.705999970436096 0.652999997138977 0.598999977111816 0.546000003814697 0.493000000715256 0.439999997615814 0.386000007390976 0.333000004291534 0.280000001192093 0.226999998092651 0.215000003576279 0.214000001549721 0.901000022888184 1.64600002765656 2.39000010490417 3.13499999046326 3.87899994850159 4.6230001449585 5.36800003051758 6.11199998855591 6.85599994659424 7.60099983215332 8.34500026702881 9.08899974822998 9.83399963378906 10.5780000686646
