02_asc_chm-r50m/BR212A.asc
NCOLS 200 
NROWS 200 
XLLCORNER 534727.5 
YLLCORNER 5285374.5 
CELLSIZE 0.5 
NODATA_value -3.4e+38 
[rows 80 to 99 of 200, columns 46 to 91 of 200]
4.2039999961853 3.61199998855591 5.61899995803833 19.9330005645752 18.6229991912842 29.8880004882812 34.2750015258789 37.173999786377 38.8429985046387 39.4259986877441 40.4129981994629 41.4160003662109 41.1440010070801 40.1440010070801 39.9280014038086 39.6380004882812 38.9819984436035 36.867000579834 36.6910018920898 34.9930000305176 32.2179985046387 23.6359996795654 19.8810005187988 16.636999130249 13.3929996490479 10.1490001678467 6.05600023269653 1.80099999904633 0.575999975204468 0.685000002384186 0.595000028610229 0.601999998092651 0.906000018119812 0.512000024318695 0.425000011920929 0.375999987125397 0.510999977588654 0.704999983310699 1.39600002765656 1.88800001144409 2.53600001335144 2.59400010108948 2.7409999370575 2.85899996757507 2.98600006103516 3.54399991035461
3.60400009155273 3.26099991798401 2.45799994468689 20.3279991149902 29.2700004577637 30.3090000152588 35.0089988708496 37.4529991149902 39.5379981994629 40.0219993591309 40.8190002441406 41.7630004882812 42.1300010681152 41.2960014343262 40.5839996337891 40.2319984436035 39.0190010070801 38.1889991760254 36.8769989013672 35.4379997253418 33.4360008239746 21.2159996032715 15.5150003433228 12.2709999084473 9.02700042724609 5.78299999237061 2.53900003433228 0.559000015258789 1.13399994373322 1.03999996185303 0.795000016689301 0.91100001335144 0.925000011920929 0.925000011920929 0.700999975204468 0.676999986171722 0.458000004291534 0.660000026226044 1.21399998664856 2.04500007629395 2.58999991416931 2.58500003814697 2.60999989509583 3.00300002098083 3.42300009727478 3.40599989891052
2.38100004196167 2.22099995613098 2.23399996757507 27.8560009002686 28.746000289917 32.4809989929199 35.3160018920898 37.7379989624023 39.4550018310547 40.1360015869141 41.1240005493164 41.8650016784668 42.4589996337891 42.4020004272461 41.5979995727539 40.4580001831055 39.6679992675781 38.8139991760254 37.75 35.1629981994629 30.2940006256104 18.7970008850098 11.1479997634888 7.90399980545044 4.66099977493286 1.41700005531311 0.592999994754791 1.15799999237061 1.43099999427795 1.35699999332428 0.625 0.592999994754791 0.620999991893768 0.777999997138977 0.973999977111816 0.971000015735626 0.643999993801117 1.11800003051758 1.63900005817413 2.27699995040894 2.67499995231628 2.72399997711182 2.86400008201599 3.42899990081787 3.58100008964539 3.17499995231628
1.58599996566772 4.89200019836426 21.5410003662109 29.0939998626709 24.0179996490479 30.8400001525879 36.6580009460449 37.8170013427734 39.0449981689453 40.0929985046387 41.201000213623 42.0550003051758 42.4020004272461 42.0820007324219 41.3740005493164 40.3390007019043 39.5550003051758 39.0550003051758 38.2470016479492 34.1520004272461 29.503999710083 16.1580009460449 6.78200006484985 3.53800010681152 0.44200000166893 0.64300000667572 1.19000005722046 1.2940000295639 1.39900004863739 1.13499999046326 0.600000023841858 0.526000022888184 0.456000000238419 0.481000006198883 0.685999989509583 0.675999999046326 0.964999973773956 1.49600005149841 2.02699995040894 2.55699992179871 2.15300011634827 2.76600003242493 3.48499989509583 3.96499991416931 4.1710000038147 3.66899991035461
0.991999983787537 19.80299949646 28.8470001220703 29.4109992980957 17.3409996032715 26.8619995117188 36.9830017089844 38.4010009765625 39.1860008239746 39.6769981384277 40.6279983520508 40.7700004577637 41.515998840332 41.1629981994629 40.6529998779297 39.8759994506836 39.5099983215332 38.6069984436035 37.4049987792969 33.8390007019043 27.2670001983643 12.1440000534058 2.41599988937378 0.50900000333786 0.708999991416931 1.0460000038147 1.14999997615814 1.25399994850159 1.35899996757507 1.15900003910065 1.0349999666214 0.958999991416931 0.922999978065491 0.630999982357025 0.620000004768372 1.01499998569489 1.04999995231628 1.51400005817413 2.04500007629395 2.48200011253357 1.39400005340576 1.91299998760223 3.22300004959106 4.30399990081787 4.73199987411499 4.57000017166138
1.64699995517731 10.3400001525879 27.2749996185303 30.1229991912842 29.0960006713867 35.1920013427734 35.0740013122559 36.8390007019043 38.9230003356934 39.101001739502 39.757999420166 39.4500007629395 40.4669990539551 40.2389984130859 40.1650009155273 39.7050018310547 39.1640014648438 37.7299995422363 37.1319999694824 34.8390007019043 24.9179992675781 6.15999984741211 0.721000015735626 0.819999992847443 1.0440000295639 1.3309999704361 1.61899995803833 1.90600001811981 1.61600005626678 1.51800000667572 1.61899995803833 1.62699997425079 1.69900000095367 1.49399995803833 1.5809999704361 1.70799994468689 1.47699999809265 1.54100000858307 2.06399989128113 2.32200002670288 1.7960000038147 2.53099989891052 2.94300007820129 4.06199979782104 4.8769998550415 4.61399984359741
15.7650003433228 27.1650009155273 31.92799949646 34.0849990844727 31.4570007324219 31.8199996948242 32.6150016784668 34.5330009460449 38.265998840332 38.6110000610352 38.8160018920898 39.101001739502 39.2610015869141 39.4860000610352 39.5800018310547 39.439998626709 38.4640007019043 37.117000579834 36.7760009765625 30.7670001983643 20.7719993591309 7.86999988555908 1.10300004482269 1.58000004291534 2.47199988365173 2.69000005722046 2.39800000190735 2.06599998474121 1.74600005149841 1.73099994659424 1.875 2.00699996948242 2.13899993896484 2.15100002288818 2.07800006866455 2 1.88800001144409 1.67400002479553 2.30699992179871 2.6340000629425 2.60199999809265 2.72699999809265 3.33299994468689 4.40100002288818 4.81599998474121 4.79099988937378
16.7959995269775 32.0299987792969 36.060001373291 36.4109992980957 35.0480003356934 32.5970001220703 33.2610015869141 35.4150009155273 37.1920013427734 37.5870018005371 38.5989990234375 38.8059997558594 38.3370018005371 38.5050010681152 39.068000793457 38.0639991760254 36.9529991149902 35.8639984130859 30.2129993438721 15.8290004730225 8.69600009918213 1.58399999141693 1.5789999961853 1.78799998760223 2.28699994087219 2.77699995040894 2.49499988555908 2.17499995231628 2.0239999294281 1.79100000858307 2.05599999427795 2.18799996376038 2.27900004386902 2.08800005912781 1.94900000095367 1.86800003051758 1.7940000295639 1.71899998188019 2.32699990272522 3.06900000572205 3.34200000762939 3.51500010490417 4.31699991226196 4.6560001373291 4.84899997711182 4.75699996948242
27.6919994354248 35.0989990234375 36.9410018920898 37.306999206543 37.4669990539551 35.9080009460449 35.2439994812012 36.6220016479492 36.4440002441406 35.5989990234375 37.064998626709 38.1529998779297 37.818000793457 38.1459999084473 37.5709991455078 36.8950004577637 36.3969993591309 34.0670013427734 23.9570007324219 2.83100008964539 2.64800000190735 2.63599991798401 2.6800000667572 2.61500000953674 2.99600005149841 3.32599997520447 3.27999997138977 3.03800010681152 2.39599990844727 2.05999994277954 2.23699998855591 2.36899995803833 2.3050000667572 2.04099988937378 1.87899994850159 1.65600001811981 1.56500005722046 1.49100005626678 2.54999995231628 3.61100006103516 3.90300011634827 3.87100005149841 3.90899991989136 4.47900009155273 4.74100017547607 4.83300018310547
37.4449996948242 38.1609992980957 38.7519989013672 39.3790016174316 39.060001373291 37.689998626709 37.0789985656738 36.4059982299805 36.0849990844727 35.4879989624023 35.2529983520508 35.2249984741211 35.9189987182617 36.0620002746582 31.4440002441406 33.3160018920898 34.8320007324219 32.4379997253418 20.6490001678467 2.91100001335144 2.67700004577637 1.4889999628067 3.77300000190735 3.98300004005432 4.16099977493286 4.36499977111816 4.20300006866455 3.31800007820129 2.55999994277954 2.39000010490417 2.40199995040894 2.52999997138977 2.33999991416931 2.01399993896484 1.80799996852875 1.58599996566772 1.3639999628067 1.26199996471405 2.36500000953674 3.09699988365173 3.54699993133545 3.60500001907349 3.84200000762939 3.72099995613098 4.28399991989136 4.1729998588562
38.7980003356934 39.8230018615723 40.5620002746582 40.6080017089844 40.2809982299805 39.1080017089844 38.5400009155273 37.0900001525879 36.2319984436035 34.4459991455078 32.3730010986328 32.4150009155273 32.5900001525879 32.1619987487793 28.3999996185303 28.1490001678467 29.7660007476807 29.7770004272461 2.76300001144409 2.53999996185303 3.52600002288818 3.07599997520447 2.31900000572205 4.2189998626709 4.44899988174438 4.30600023269653 4.06799983978271 3.43099999427795 2.84100008010864 2.75099992752075 2.64000010490417 2.51200008392334 2.41899991035461 1.98599994182587 1.72099995613098 1.51600003242493 1.29299998283386 1.07099997997284 1.81700003147125 2.38899993896484 2.78900003433228 3.47199988365173 3.46900010108948 3.26900005340576 3.66899991035461 4.05800008773804
39.7690010070801 40.7060012817383 41.5050010681152 41.5519981384277 41.0979995727539 39.693000793457 38.7820014953613 37.5120010375977 35.673999786377 32.359001159668 28.5330009460449 30.6359996795654 29.2639999389648 27.2600002288818 23.3810005187988 27.5620002746582 27.3859996795654 16.7439994812012 2.42700004577637 2.5090000629425 4.24700021743774 4.34700012207031 2.81399989128113 2.91000008583069 3.94300007820129 3.78800010681152 3.60500001907349 3.3840000629425 3.30900001525879 2.87299990653992 2.84100008010864 2.75699996948242 2.44099998474121 1.95799994468689 1.6690000295639 1.44500005245209 1.4099999666214 1.75699996948242 2.04699993133545 2.33999991416931 2.72199988365173 3.19400000572205 3.17899990081787 3.16300010681152 3.45900011062622 3.85899996757507
40.5320014953613 41.4059982299805 42.2999992370605 42.5699996948242 41.4860000610352 40.0369987487793 39.1679992675781 37.9339981079102 36.2519989013672 32.7039985656738 26.0629997253418 24.7040004730225 22.701000213623 22.0480003356934 7.7979998588562 17.1630001068115 18.2679996490479 8.94699954986572 2.25600004196167 2.23300004005432 2.0699999332428 2.35800004005432 2.00999999046326 2.82299995422363 3.49600005149841 4.00500011444092 3.63700008392334 3.54500007629395 3.55399990081787 3.11800003051758 3.11800003051758 3.06299996376038 2.88700008392334 2.94000005722046 2.74399995803833 2.34599995613098 2.1029999256134 2.40599989891052 2.63299989700317 2.73799991607666 3.16799998283386 3.23000001907349 3.28900003433228 3.38899993896484 3.68499994277954 3.98399996757507
40.0800018310547 41.2309989929199 41.7669982910156 42.4379997253418 41.5229988098145 40.1549987792969 39.3740005493164 38.125 36.5859985351562 35.6080017089844 27.4599990844727 23.8810005187988 23.3770008087158 21.7870006561279 2.81500005722046 1.62100005149841 1.89999997615814 2.18400001525879 2.84100008010864 2.82200002670288 2.56699991226196 1.94200003147125 1.99300003051758 2.71000003814697 3.17600011825562 4.34000015258789 4.5310001373291 4.28299999237061 4.00899982452393 3.92499995231628 3.9300000667572 3.69099998474121 3.59400010108948 3.93700003623962 3.75 2.65499997138977 3.51900005340576 3.73200011253357 3.44099998474121 3.53200006484985 3.40499997138977 3.37299990653992 4.06599998474121 4.19500017166138 4.15399980545044 4.26000022888184
39.5960006713867 40.0130004882812 40.0639991760254 41.1189994812012 40.2669982910156 39.4309997558594 38.9959983825684 38.5470008850098 36.181999206543 35.3030014038086 31.6749992370605 25.1019992828369 24.8939990997314 24.0139999389648 7.69500017166138 1.4650000333786 1.91199994087219 2.49699997901917 3.25 3.4539999961853 3.55699992179871 3.24499988555908 2.88599991798401 2.76600003242493 3.3659999370575 4.53700017929077 5.0460000038147 5.15700006484985 5.8289999961853 4.44399976730347 4.38600015640259 4.26999998092651 3.96600008010864 4.48299980163574 3.67400002479553 2.99399995803833 3.74300003051758 3.99000000953674 3.95700001716614 4.11800003051758 3.83299994468689 3.79999995231628 4.44399976730347 4.74499988555908 4.68200016021729 4.66900014877319
39.0499992370605 39.0839996337891 39.1230010986328 39.4020004272461 39.5029983520508 39.1590003967285 39.0810012817383 37.0250015258789 34.9090003967285 34.1759986877441 30.1609992980957 25.5830001831055 25.2889995574951 22.3759994506836 8.36499977111816 2.11100006103516 2.50500011444092 3.17400002479553 3.96099996566772 4.01999998092651 4.09899997711182 3.74499988555908 3.00200009346008 2.92499995231628 3.54800009727478 4.40700006484985 5.23799991607666 6.33300018310547 6.89499998092651 5.76300001144409 4.67399978637695 4.79199981689453 4.69999980926514 4.68800020217896 4.24499988555908 3.12400007247925 3.71399998664856 4.00600004196167 4.2960000038147 4.53800010681152 4.79099988937378 4.88500022888184 5.05399990081787 4.89900016784668 4.85599994659424 4.84600019454956
38.0999984741211 38.5260009765625 38.7550010681152 38.8819999694824 39.0279998779297 38.4140014648438 37.7550010681152 35.5919990539551 33.3419990539551 30.886999130249 25.69700050354 25.3199996948242 25.3999996185303 16.011999130249 6.24499988555908 2.88599991798401 3.04399991035461 3.94799995422363 4.55499982833862 4.54899978637695 4.45300006866455 4.50699996948242 4.14400005340576 3.59699988365173 3.69099998474121 4.22100019454956 5.3439998626709 6.20300006866455 6.21500015258789 5.47800016403198 4.71400022506714 4.95100021362305 5.11600017547607 5.42799997329712 5.42799997329712 4.86700010299683 4.21500015258789 4.30399990081787 4.44600009918213 4.46500015258789 4.91099977493286 5.375 5.9850001335144 5.66599988937378 5.13199996948242 5.00500011444092
37.0069999694824 38.0769996643066 38.3240013122559 38.7080001831055 38.6780014038086 37.5270004272461 36.8580017089844 34.3940010070801 29.621000289917 25.6959991455078 25.7719993591309 25.8689994812012 12.8800001144409 4.43400001525879 3.01399993896484 3.2279999256134 3.38700008392334 4.3600001335144 4.52600002288818 4.94000005722046 4.95599985122681 5.32399988174438 5.76700019836426 5.36399984359741 4.33099985122681 4.50600004196167 5.11700010299683 5.37900018692017 5.41599988937378 5.00299978256226 4.77600002288818 5.06400012969971 5.46999979019165 5.83599996566772 5.76399993896484 5.07399988174438 4.00099992752075 4.08300018310547 4.43699979782104 4.98799991607666 5.57800006866455 6.04899978637695 5.94799995422363 5.8289999961853 5.4210000038147 5.25600004196167
35.7540016174316 37.2480010986328 36.7099990844727 37.6500015258789 37.2550010681152 36.7639999389648 35.1110000610352 31.7040004730225 23.1809997558594 25.7350006103516 21.4759998321533 17.8859996795654 7.58500003814697 4.17600011825562 3.36500000953674 3.50500011444092 3.69700002670288 4.12099981307983 3.92799997329712 4.80900001525879 5.4539999961853 6.03000020980835 5.97100019454956 5.02799987792969 4.70800018310547 4.97300004959106 5.71000003814697 5.50600004196167 5 4.43200016021729 4.3899998664856 4.74200010299683 5.42700004577637 5.54699993133545 5.24900007247925 3.83400011062622 3.5239999294281 3.72099995613098 4.18200016021729 4.99499988555908 5.79500007629395 6.15100002288818 5.54500007629395 5.57800006866455 5.74300003051758 5.38700008392334
35.431999206543 36.1980018615723 36.189998626709 33.4980010986328 33.1990013122559 34.576000213623 33.4249992370605 22.80299949646 17.0599994659424 17.8419990539551 8.88300037384033 5.56599998474121 3.77099990844727 3.83599996566772 3.69300007820129 3.69400000572205 3.94000005722046 3.98200011253357 4.44899988174438 5.15199995040894 5.59100008010864 5.41800022125244 5.06899976730347 4.64300012588501 4.84000015258789 5.29400014877319 6.41800022125244 7.30900001525879 5.79300022125244 3.8840000629425 3.76500010490417 4.30200004577637 4.68599987030029 4.90700006484985 4.00500011444092 1.51499998569489 1.54799997806549 2.80699992179871 3.52099990844727 4.25799989700317 4.3439998626709 5.85900020599365 5.47800016403198 5.51700019836426 5.77199983596802 5.46299982070923
