02_asc_chm-r50m/BR211Y.asc
NCOLS 200 
NROWS 200 
XLLCORNER 530252.5 
YLLCORNER 5287503.5 
CELLSIZE 0.5 
NODATA_value -3.4e+38 
[rows 40 to 59 of 200, columns 138 to 183 of 200]
0.551999986171722 0.560999989509583 0.759999990463257 2.13499999046326 3.93300008773804 4.58599996566772 5.04899978637695 6.58500003814697 6.91400003433228 5.80900001525879 5.75699996948242 5.01000022888184 4.26300001144409 3.05399990081787 1.73800003528595 0.955999970436096 0.694999992847443 0.268999993801117 0.291999995708466 0.330000013113022 0.674000024795532 1.21300005912781 1.48699998855591 0.978999972343445 0.944000005722046 2.38199996948242 3.33999991416931 3.14299988746643 2.07599997520447 1.09899997711182 2.12599992752075 3.23399996757507 4.52400016784668 5.67799997329712 6.33400011062622 9.48799991607666 9.60400009155273 8.7480001449585 15.2930002212524 20.6340007781982 23.69700050354 25.3159999847412 -3.4e+38 -3.4e+38 -3.4e+38 -3.4e+38
0.638999998569489 0.824000000953674 1.96800005435944 3.25399994850159 4.94899988174438 5.95300006866455 6.81899976730347 8 8.34899997711182 7.90899991989136 6.34200000762939 5.6269998550415 4.65999984741211 4.04099988937378 1.4099999666214 0.981000006198883 0.630999982357025 0.45100000500679 0.582000017166138 0.485000014305115 0.787999987602234 1.25800001621246 1.57299995422363 1.34500002861023 1.09599995613098 1.5 1.62199997901917 1.8309999704361 0.569000005722046 0.848999977111816 1.89300000667572 3.10899996757507 4.55700016021729 5.59299993515015 6.28299999237061 7.11700010299683 7.45499992370605 17.4069995880127 23.8889999389648 25.2269992828369 27.0690002441406 26.5189990997314 26.0189990997314 -3.4e+38 -3.4e+38 -3.4e+38
1.49500000476837 1.18299996852875 2.55200004577637 3.28999996185303 5.90500020980835 7.19899988174438 8.22200012207031 9.35299968719482 9.63899993896484 8.82299995422363 8.69200038909912 8.19699954986572 6.82100009918213 5.35500001907349 2.93099999427795 1.6599999666214 1.03299999237061 0.765999972820282 0.702000021934509 0.545000016689301 0.384999990463257 0.72299998998642 1.21700000762939 1.18700003623962 1.03100001811981 1.12399995326996 0.875999987125397 0.924000024795532 0.699999988079071 1.24199998378754 2.19700002670288 2.9539999961853 4.76300001144409 5.73699998855591 6.55299997329712 8.03499984741211 11.003999710083 21.1749992370605 25.2430000305176 26.3040008544922 26.9409999847412 27.3689994812012 27.1560001373291 26.7770004272461 -3.4e+38 -3.4e+38
2.83899998664856 2.98900008201599 3.21600008010864 4.33300018310547 5.95499992370605 7.58699989318848 8.32400035858154 10.5539999008179 10.6479997634888 9.5290002822876 9.03400039672852 8.14000034332275 7.17399978637695 6.01999998092651 2.76399993896484 1.56200003623962 0.945999979972839 0.580999970436096 0.558000028133392 0.51800000667572 0.699999988079071 0.702000021934509 0.620000004768372 0.441000014543533 0.848999977111816 0.773999989032745 0.667999982833862 0.837999999523163 0.968999981880188 1.78299999237061 2.77800011634827 4.76700019836426 5.51200008392334 6.43800020217896 6.35200023651123 7.06300020217896 18.1469993591309 25.6940002441406 25.7849998474121 25.6809997558594 26.625 27.8969993591309 28.1000003814697 27.8290004730225 -3.4e+38 -3.4e+38
2.88100004196167 3.82999992370605 2.75999999046326 3.55100011825562 4.61100006103516 6.86800003051758 9.67399978637695 11.1059999465942 11.28600025177 10.0410003662109 9.52099990844727 8.3149995803833 6.45800018310547 4.8769998550415 2.58500003814697 1.25999999046326 0.764999985694885 0.495000004768372 0.381000012159348 0.568000018596649 0.739000022411346 0.455000013113022 0.349999994039536 0.284999996423721 0.597000002861023 0.663999974727631 0.703999996185303 0.860000014305115 0.967999994754791 1.83200001716614 2.77500009536743 5.46999979019165 6.39499998092651 6.86899995803833 7.04899978637695 7.68100023269653 16.867000579834 25.0219993591309 25.8920001983643 26.4449996948242 27.5020008087158 29 29.9829998016357 29.3840007781982 28.8190002441406 -3.4e+38
4.04500007629395 3.46099996566772 2.17899990081787 3.45499992370605 4.96199989318848 7.28599977493286 8.57900047302246 11.0570001602173 11.2410001754761 10.793999671936 9.42000007629395 8.23499965667725 4.93699979782104 4.10400009155273 2.78800010681152 0.829999983310699 0.486999988555908 0.324999988079071 0.180999994277954 0.460999995470047 0.582000017166138 0.648000001907349 0.467999994754791 0.521000027656555 0.583000004291534 0.760999977588654 0.834999978542328 1.14600002765656 0.920000016689301 1.15499997138977 2.41000008583069 4.78499984741211 6.0019998550415 6.89400005340576 7.42500019073486 16.7169990539551 22.9529991149902 25.1270008087158 26.1889991760254 26.7789993286133 27.753999710083 28.5109996795654 29.7450008392334 30.3530006408691 29.8449993133545 -3.4e+38
5.40100002288818 3.48200011253357 3.78999996185303 3.86700010299683 5.11899995803833 9.80099964141846 12.0069999694824 10.0329999923706 10.0299997329712 9.3149995803833 8.34700012207031 7.42999982833862 4.50799989700317 3.7590000629425 1.60500001907349 0.603999972343445 0.377999991178513 0.238999992609024 0.244000002741814 0.564999997615814 0.570999979972839 0.578000009059906 0.600000023841858 0.428000003099442 0.453999996185303 0.665000021457672 0.800999999046326 1 1.19599997997284 1.18599998950958 2.58699989318848 3.63499999046326 4.84600019454956 5.64599990844727 6.26399993896484 6.97100019454956 23.92799949646 24.9440002441406 26.3390007019043 27.1140003204346 27.8729991912842 28.7129993438721 30.2520008087158 31.9650001525879 32.125 29.9249992370605
6.63700008392334 7.25 6.10400009155273 3.83899998664856 10.1000003814697 17.0769996643066 20.4790000915527 13.4479999542236 10.4890003204346 9.20100021362305 6.39400005340576 5.95300006866455 5.35200023651123 2.93499994277954 0.549000024795532 0.532000005245209 0.247999995946884 0.284000009298325 0.301999986171722 0.625 0.648999989032745 0.800000011920929 0.546999990940094 0.18299999833107 0.28099998831749 0.662000000476837 0.614000022411346 0.642000019550323 0.906000018119812 1.07799994945526 1.27199995517731 1.21800005435944 2.58599996566772 3.41400003433228 4.96700000762939 6.01999998092651 18.6509990692139 25.9829998016357 26.2269992828369 27.5209999084473 28.2929992675781 29.128999710083 30.5990009307861 31.7040004730225 31.7129993438721 30.5699996948242
6.64300012588501 7.57800006866455 7.49100017547607 10.1499996185303 20.2409992218018 24.8859996795654 24.9090003967285 22.7609996795654 20.9020004272461 21.3479995727539 23.0470008850098 16.2040004730225 4.24200010299683 2.11800003051758 0.442999988794327 0.49099999666214 0.246999993920326 0.28999999165535 0.333000004291534 0.493000000715256 0.587999999523163 0.689000010490417 0.662000000476837 0.46900001168251 0.569000005722046 0.788999974727631 0.465999990701675 0.600000023841858 0.749000012874603 0.814999997615814 0.640999972820282 0.460999995470047 0.560000002384186 1.34800004959106 3.60899996757507 4.78700017929077 19.1200008392334 24.9669990539551 26.1669998168945 27.7940006256104 28.5590000152588 29.125 29.6660003662109 30.6630001068115 30.5639991760254 30.1949996948242
6.82000017166138 6.81599998474121 15.1079998016357 20.8549995422363 26.0410003662109 26.0779991149902 25.9220008850098 25.431999206543 24.8680000305176 23.4389991760254 23.7889995574951 7.12400007247925 2.89800000190735 1.29999995231628 0.528999984264374 0.418999999761581 0.405000001192093 0.30799999833107 0.342999994754791 0.367000013589859 0.550999999046326 0.751999974250793 0.712999999523163 0.712999999523163 1.08700001239777 1.26499998569489 0.925999999046326 0.612999975681305 3.65899991989136 2.50500011444092 3.17499995231628 3.84500002861023 4.61800003051758 3.61100006103516 4.19000005722046 3.1800000667572 15.4040002822876 23.1879997253418 25.4099998474121 27.4120006561279 28.3239994049072 28.6529998779297 28.8579998016357 29.5699996948242 29.996000289917 29.826000213623
6.73000001907349 6.07100009918213 16.6669998168945 24.3390007019043 26.1989994049072 26.5750007629395 26.5020008087158 25.8859996795654 25.056999206543 25.0219993591309 25.2280006408691 10.0459995269775 1.5789999961853 0.50900000333786 0.541999995708466 0.395999997854233 0.354000002145767 0.368000000715256 0.368000000715256 0.419999986886978 0.731000006198883 0.980000019073486 1.00199997425079 0.930000007152557 0.981000006198883 1.47699999809265 0.964999973773956 0.58899998664856 13.8690004348755 12.960000038147 11.0620002746582 12.8380002975464 16.1319999694824 15.0769996643066 4.53800010681152 0.550000011920929 11.3529996871948 20.8309993743896 24.0650005340576 25.6679992675781 27.3120002746582 28.2049999237061 28.4710006713867 28.7070007324219 29.1030006408691 28.8969993591309
6.69099998474121 5.85200023651123 15.121000289917 24.8810005187988 27.1700000762939 26.7560005187988 27.2329998016357 27.1840000152588 25.5909996032715 25.507999420166 24.7339992523193 2.5 0.409000009298325 0.381000012159348 0.474000006914139 0.400999993085861 0.407999992370605 0.446000009775162 0.458000004291534 0.551999986171722 0.671999990940094 1.14100003242493 1.22699999809265 1.317999958992 1.68799996376038 2.13700008392334 1.74899995326996 0.897000014781952 13.9069995880127 18.3740005493164 17.2099990844727 17.3040008544922 17.6989994049072 14.8459997177124 6.59000015258789 0.625999987125397 4.94399976730347 14.121000289917 21.4769992828369 23.5249996185303 26.0209999084473 26.9459991455078 27.806999206543 28.2129993438721 28.4120006561279 27.7329998016357
7.86700010299683 6.05800008773804 17.6450004577637 27.5809993743896 28.0769996643066 27.8719997406006 27.8740005493164 27.4599990844727 26.1070003509521 25.7280006408691 17.9500007629395 3.3199999332428 0.400000005960464 0.409000009298325 0.467999994754791 0.462000012397766 0.451999992132187 0.470999985933304 0.435000002384186 0.679000020027161 0.989000022411346 1.56900000572205 1.68499994277954 2.18099999427795 2.46900010108948 2.45300006866455 2.55100011825562 2.55900001525879 13.5200004577637 20.2749996185303 20.5520000457764 21.2770004272461 21.1089992523193 19.431999206543 15.4809999465942 12.3330001831055 9.29199981689453 5.31500005722046 20.1620006561279 23.2779998779297 24.1809997558594 24.7670001983643 26.3780002593994 27.4650001525879 27.3910007476807 26.8209991455078
8.7819995880127 5.09299993515015 27.4799995422363 27.8159999847412 27.9869995117188 27.5599994659424 27.0370006561279 27.1669998168945 26.3910007476807 26.2029991149902 14.5089998245239 4.24900007247925 0.449000000953674 0.510999977588654 0.541999995708466 0.45100000500679 0.31700000166893 0.165000006556511 0.344999998807907 0.711000025272369 1.24699997901917 1.47200000286102 2.06599998474121 2.5789999961853 2.90499997138977 2.5789999961853 2.82399988174438 10.5129995346069 21.1620006561279 20.9680004119873 22.8390007019043 23.863000869751 22.6229991912842 21.4869995117188 20.6749992370605 18.7929992675781 2.18799996376038 2.03099989891052 9.97299957275391 16.886999130249 18.1119995117188 23.6159992218018 24.8080005645752 25.3500003814697 25.693000793457 25.7000007629395
13.2790002822876 22.371000289917 27.5580005645752 27.9209995269775 27.9069995880127 27.257999420166 25.9650001525879 25.7940006256104 26.1229991912842 26.3400001525879 14.7980003356934 5.13899993896484 0.78600001335144 0.523000001907349 0.400999993085861 0.314999997615814 0.40200001001358 0.203999996185303 0.224000006914139 0.444999992847443 0.75900000333786 0.772000014781952 1.90799999237061 2.89199995994568 3.16899991035461 6.56500005722046 13.7259998321533 19.4200000762939 22.6770000457764 24.121000289917 24.7819995880127 24.3530006408691 23.6669998168945 22.8010005950928 21.9360008239746 13.4720001220703 0.28099998831749 0.261999994516373 4.38399982452393 4.83699989318848 5.01900005340576 15.6999998092651 23.8819999694824 24.5090007781982 25.0410003662109 26.632999420166
11.5539999008179 20.8080005645752 26.7509994506836 27.4680004119873 27.6340007781982 27.2859992980957 25.5240001678467 25.0699996948242 25.6469993591309 24.9009990692139 10.5880002975464 0.782999992370605 0.736000001430511 0.217999994754791 0.160999998450279 0.228000000119209 0.340999990701675 0.33899998664856 0.560999989509583 0.483999997377396 0.510999977588654 0.428999990224838 1.21700000762939 2.66599988937378 2.87199997901917 6.2039999961853 15.3990001678467 19.3269996643066 22.3549995422363 24.2560005187988 25.511999130249 25.5769996643066 24.2759990692139 23.798999786377 22.8700008392334 16.0160007476807 0.389999985694885 0.296000003814697 3.77099990844727 11.5520000457764 13.4040002822876 15.7480001449585 22.5310001373291 22.6219997406006 24.8859996795654 27.5200004577637
4.23299980163574 17.6879997253418 23.4139995574951 24.2469997406006 25.9069995880127 25.7759990692139 24.2119998931885 24.3229999542236 24.8460006713867 23.9349994659424 5.01900005340576 0.570999979972839 0.625999987125397 0.321000009775162 0.296000003814697 0.646000027656555 1.02799999713898 1.25499999523163 1.34300005435944 0.842000007629395 0.642000019550323 0.587999999523163 1.18099999427795 2.36700010299683 2.47099995613098 5.42000007629395 16.3519992828369 20.5200004577637 23.1280002593994 25.3479995727539 26.7900009155273 26.8349990844727 25.3840007781982 24.367000579834 23.2250003814697 21.7070007324219 0.888000011444092 0.342999994754791 3.15700006484985 10.9390001296997 18.7210006713867 21.9160003662109 22.2700004577637 23.125 24.5189990997314 28.4459991455078
0.303999990224838 15.8690004348755 15.41100025177 17.0100002288818 9.64500045776367 11.9499998092651 21.4009990692139 23.4479999542236 24.2049999237061 11.548999786377 0.437000006437302 0.444000005722046 0.521000027656555 0.708999991416931 1.09599995613098 1.70500004291534 1.67999994754791 1.62800002098083 1.37199997901917 0.801999986171722 0.66100001335144 0.922999978065491 1.51699995994568 2.13599991798401 2.28699994087219 2.67499995231628 12.8050003051758 20.1550006866455 22.4029998779297 24.9130001068115 26.5849990844727 26.6849994659424 25.0970001220703 24.5319995880127 21.8579998016357 19.4160003662109 0.418000012636185 0.370999991893768 2.40799999237061 10.3769998550415 18.2430000305176 22.1280002593994 24.0869998931885 28.9169998168945 29.6620006561279 31.2029991149902
0.237000003457069 7.41900014877319 4.7350001335144 5.71400022506714 0.416000008583069 2.21499991416931 13.1099996566772 15.128999710083 14.0179996490479 0.375999987125397 0.361999988555908 0.250999987125397 0.300000011920929 0.791000008583069 1.90900003910065 2.01999998092651 1.27799999713898 0.86599999666214 0.712000012397766 0.829999983310699 0.788999974727631 1.78600001335144 2.57599997520447 2.86700010299683 2.74600005149841 3.72499990463257 13.3850002288818 18.5069999694824 21.9060001373291 24.1089992523193 25.507999420166 25.4640007019043 24.8159999847412 24.6240005493164 23.5209999084473 14.7440004348755 0.219999998807907 0.28600001335144 0.30799999833107 7.98299980163574 18.701000213623 22.9060001373291 26.4750003814697 32.492000579834 35.4970016479492 37.7560005187988
0.153999999165535 0.365000009536743 0.758000016212463 0.695999979972839 0.328000009059906 0.666999995708466 0.372999995946884 0.266000002622604 4.90999984741211 0.340000003576279 0.377999991178513 0.300000011920929 0.20100000500679 0.962999999523163 1.37399995326996 1.03199994564056 0.219999998807907 0.344999998807907 0.514999985694885 0.708999991416931 1.17299997806549 2.15400004386902 2.95000004768372 3.44400000572205 3.56200003623962 3.83800005912781 7.53000020980835 17.9610004425049 20.1229991912842 23.4489994049072 23.9619998931885 23.5300006866455 24.1639995574951 23.4640007019043 19.9680004119873 11.1669998168945 0.314000010490417 0.400000005960464 0.388000011444092 10.7130002975464 21.1919994354248 29.0419998168945 32.9609985351562 35.5820007324219 37.9440002441406 38.6959991455078
