02_asc_chm-r50m/BR211A.asc
NCOLS 201 
NROWS 200 
XLLCORNER 540054.5 
YLLCORNER 5310453 
CELLSIZE 0.5 
NODATA_value -3.4e+38 
[rows 60 to 79 of 200, columns 92 to 137 of 201]
26.3349990844727 27.2779998779297 28.5590000152588 28.9099998474121 28.4190006256104 27.4340000152588 25.94700050354 20.2430000305176 8.67700004577637 7.72800016403198 8.11900043487549 8.33199977874756 6.58900022506714 6.03599977493286 3.7960000038147 3.76300001144409 12.6949996948242 16.9150009155273 17.2560005187988 21.9930000305176 28.3299999237061 28.7830009460449 28.5219993591309 27.867000579834 26.8479995727539 23.0639991760254 15.2290000915527 7.91599988937378 2.23300004005432 2.25600004196167 1.74600005149841 0.63400000333786 0.592000007629395 18.5510005950928 16.2700004577637 26.3619995117188 26.9659996032715 27.7959995269775 27.5249996185303 18.1280002593994 20.7310009002686 23.4109992980957 24.9699993133545 26.2339992523193 27.5580005645752 27.8290004730225
25.125 25.9309997558594 28.0499992370605 28.0779991149902 27.7399997711182 27.1529998779297 26.8969993591309 20.548999786377 8.34500026702881 7.78299999237061 7.70699977874756 7.52600002288818 4.9689998626709 4.57100009918213 3.77699995040894 4.09600019454956 23.5580005645752 24.42799949646 23.7910003662109 26.5979995727539 28.011999130249 27.9950008392334 27.6849994659424 26.5009994506836 23.0410003662109 19.6240005493164 8.48900032043457 3.00200009346008 2.41599988937378 2.65400004386902 2.48399996757507 1.7039999961853 6.21099996566772 19.7240009307861 25.818000793457 26.5160007476807 28.3490009307861 28.7590007781982 27.8299999237061 22.1749992370605 21.5319995880127 22.8229999542236 25.5370006561279 27.4340000152588 28.7409992218018 28.742000579834
20.0779991149902 24.3950004577637 26.2560005187988 27.4619998931885 27.7549991607666 27.0790004730225 26.2189998626709 23.8500003814697 9.92700004577637 7.90999984741211 7.74200010299683 7.47800016403198 7.28599977493286 6.7480001449585 4.47399997711182 3.82999992370605 23.2029991149902 25.9150009155273 25.8360004425049 26.8199996948242 27.7779998779297 27.488000869751 27.2569999694824 23.7770004272461 17.4699993133545 13.3640003204346 6.03999996185303 4.40399980545044 3.75200009346008 3.26900005340576 2.69199991226196 2.05299997329712 1.0900000333786 14.9919996261597 27.5069999694824 29.1499996185303 29.4790000915527 29.2210006713867 28.3999996185303 27.5230007171631 26.1450004577637 25.1590003967285 26.2169990539551 27.863000869751 29.1100006103516 29.55299949646
15.3240003585815 23.0739994049072 25.3540000915527 26.878999710083 27.6200008392334 26.6189994812012 25.6870002746582 22.5709991455078 12.4340000152588 7.67399978637695 7.76700019836426 6.21000003814697 4.69899988174438 5.41200017929077 3.3659999370575 4.67000007629395 19.7189998626709 25.9139995574951 27.7310009002686 28.193000793457 27.9769992828369 27.0809993743896 26.7269992828369 16.9160003662109 10.2340002059937 7.78800010681152 6.77899980545044 4.51700019836426 3.36999988555908 2.99600005149841 2.70199990272522 2.11100006103516 1.54200005531311 2.07500004768372 17.4139995574951 30.0230007171631 30.0750007629395 29.9290008544922 29.4769992828369 28.8400001525879 25.0009994506836 18.7520008087158 26.048999786377 28.0380001068115 29.2080001831055 29.7670001983643
3.80999994277954 14.0939998626709 25.1599998474121 26.5839996337891 26.9409999847412 26.0330009460449 24.0550003051758 22.2870006561279 19.5170001983643 8.0319995880127 7.71199989318848 4.50500011444092 2.42899990081787 1.88300001621246 2.88499999046326 11.0260000228882 23.0930004119873 26.4810009002686 27.7169990539551 28.0820007324219 27.3589992523193 26.0279998779297 25.6730003356934 11.3879995346069 9.19999980926514 8.23099994659424 7.80999994277954 3.06800007820129 3.68099999427795 2.92499995231628 2.22399997711182 2.91100001335144 1.96899998188019 14.3540000915527 27.7630004882812 30.6450004577637 30.7229995727539 30.3980007171631 29.9109992980957 27.4099998474121 25.3659992218018 23.0240001678467 25.0620002746582 27.1189994812012 29.1089992523193 29.7520008087158
1.41700005531311 1.07099997997284 16.6690006256104 25.621000289917 26.056999206543 25.3770008087158 22.761999130249 20.7670001983643 18.6700000762939 8.5290002822876 5.60099983215332 5.26100015640259 4.41200017929077 2.39100003242493 4.21199989318848 19.246000289917 24.988000869751 26.3169994354248 27.1830005645752 27.4489994049072 27.3199996948242 26.4640007019043 25.423999786377 9.83500003814697 9.19299983978271 8.39500045776367 7.75400018692017 5.66099977493286 12.1330003738403 4.1560001373291 1.08599996566772 7.69299983978271 17.1229991912842 25.7110004425049 30.3589992523193 30.7660007476807 30.9619998931885 30.5069999694824 29.8530006408691 25.5319995880127 24.9360008239746 24.2280006408691 22.8549995422363 26.0809993743896 28.6620006561279 29.2849998474121
1.74699997901917 5.26999998092651 12.7980003356934 15.3199996948242 23.3400001525879 23.6940002441406 19.617000579834 13.668999671936 6.71400022506714 5.39599990844727 1.77699995040894 1.76199996471405 2.02300000190735 2.28399991989136 3.34400010108948 8.92500019073486 18.7810001373291 26.0520000457764 26.7719993591309 26.6310005187988 26.8640003204346 26.5849990844727 24.8780002593994 13.5509996414185 8.57299995422363 7.94600009918213 7.14200019836426 9.36999988555908 14.9899997711182 11.2279996871948 2.53699994087219 5.45900011062622 17.0779991149902 24.8090000152588 28.6760005950928 30.6359996795654 30.886999130249 30.4360008239746 29.80299949646 27.6679992675781 24.1019992828369 22.6830005645752 22.0690002441406 24.8139991760254 26.9720001220703 28.4230003356934
1.33000004291534 0.864000022411346 0.922999978065491 3.80699992179871 9.75500011444092 14.3229999542236 11.1759996414185 3.83599996566772 4.19899988174438 3.00300002098083 1.51499998569489 1.58700001239777 1.71000003814697 1.97099995613098 2.50399994850159 3.35999989509583 10.8929996490479 22.8439998626709 25.0340003967285 24.7779998779297 25.7870006561279 25.871000289917 23.2929992675781 17.2569999694824 7.98600006103516 8.48900032043457 12.7550001144409 14.5369997024536 16.0160007476807 13.5719995498657 5.36499977111816 0.674000024795532 6.69399976730347 20.5620002746582 28.0540008544922 30 30.7310009002686 30.423999786377 30.003999710083 28.1940002441406 26.0669994354248 22.3649997711182 21.69700050354 23.1900005340576 25.1830005645752 27.2789993286133
3.84299993515015 0.592000007629395 0.736999988555908 0.300999999046326 0.908999979496002 1.43299996852875 0.284999996423721 0.985000014305115 0.850000023841858 1.23800003528595 1.05299997329712 1.20899999141693 1.36300003528595 1.64800000190735 4.42600011825562 10.2919998168945 16.125 17.996000289917 22.5919990539551 25.67799949646 25.2329998016357 24.7269992828369 18.2509994506836 8.52000045776367 7.63700008392334 7.42199993133545 8.7519998550415 11.2229995727539 15.6780004501343 12.798999786377 6.49700021743774 0.479000002145767 7.90100002288818 20.9790000915527 27.9249992370605 29.8050003051758 30.4890003204346 30.3969993591309 29.8859996795654 28.6219997406006 26.9969997406006 22.9400005340576 22.2240009307861 23.2569999694824 24.2329998016357 25.5480003356934
7.0479998588562 0.178000003099442 0.52700001001358 0.476000010967255 1.16299998760223 1.23000001907349 1.19200003147125 1.93400001525879 0.907999992370605 1.19700002670288 1.03699994087219 1.25899994373322 1.50300002098083 5.80700016021729 11.0369997024536 16.9090003967285 24.0380001068115 25.3840007781982 25.8810005187988 27.7290000915527 27.2660007476807 27.1159992218018 26.1840000152588 19.3959999084473 10.7799997329712 6.77699995040894 7.07000017166138 7.29300022125244 11.3719997406006 10.1059999465942 5.50400018692017 2.21199989318848 10.1230001449585 20.8640003204346 27.878999710083 29.7119998931885 30.1229991912842 30.0480003356934 29.4519996643066 28.6280002593994 28.0610008239746 26.621000289917 24.80299949646 24.0960006713867 23.1000003814697 23.5939998626709
9.3149995803833 0.156000003218651 0.209000006318092 0.430999994277954 1.54200005531311 2.24499988555908 2.36199998855591 2.42499995231628 1.75699996948242 1.82200002670288 1.8639999628067 2.00099992752075 3.65799999237061 13.8830003738403 17.8169994354248 19.882999420166 25.1219997406006 27.75 28.5270004272461 28.7719993591309 28.9750003814697 28.3369998931885 26.8339996337891 26.8880004882812 20.4699993133545 6.34299993515015 6.32200002670288 7.03999996185303 7.20800018310547 6.84700012207031 5.11800003051758 6.67899990081787 9.88199996948242 20.5960006713867 26.7970008850098 28.6429996490479 29.4580001831055 29.3250007629395 28.9629993438721 28.2189998626709 27.5869998931885 27.0440006256104 21.1709995269775 18.0480003356934 18.1620006561279 19.382999420166
8.69900035858154 0.136000007390976 0.181999996304512 0.388000011444092 1.72800004482269 2.17899990081787 2.27099990844727 2.45700001716614 2.60500001907349 2.58100008964539 2.69099998474121 2.79999995231628 8.26599979400635 16.80299949646 18.6690006256104 20.7129993438721 25.2119998931885 28.0779991149902 29.1620006561279 29.4740009307861 29.7299995422363 29.2350006103516 28.7660007476807 28.4039993286133 22.875 11.1239995956421 5.64200019836426 6.1710000038147 6.3289999961853 5.66099977493286 4.85200023651123 6.39099979400635 9.13399982452393 21.5230007171631 25.8400001525879 27.1119995117188 28.246000289917 29.2889995574951 29.8290004730225 29.2970008850098 28.6000003814697 24.6609992980957 9.97799968719482 9.02299976348877 12.5380001068115 13.8459997177124
1.41499996185303 0.370999991893768 0.171000003814697 0.600000023841858 1.51800000667572 3.40700006484985 1.97699999809265 4.28800010681152 5.34999990463257 5.3439998626709 5.81099987030029 9.36400032043457 14.8000001907349 17.7830009460449 20.5450000762939 21.6229991912842 25.1399993896484 28.568000793457 29.7569999694824 30.0709991455078 30.3700008392334 30.1679992675781 29.9500007629395 29.1879997253418 22.9009990692139 11.7760000228882 6.65000009536743 6.2960000038147 6.44199991226196 5.62200021743774 3.93899989128113 4.01100015640259 7.05499982833862 19.1459999084473 23.9570007324219 26.761999130249 27.5109996795654 29.0459995269775 30.1340007781982 30.1730003356934 29.1040000915527 23.5779991149902 11.0319995880127 5.76100015640259 7.01100015640259 8.31799983978271
18.6919994354248 14.4930000305176 4.8730001449585 0.493999987840652 0.726999998092651 4.92600011825562 6.04099988937378 7.33900022506714 7.39900016784668 7.38899993896484 7.55700016021729 13.5559997558594 13.5089998245239 17.2830009460449 20.6380004882812 21.6959991455078 26.3859996795654 29.6420001983643 30.4150009155273 30.6949996948242 30.992000579834 30.871000289917 30.1760005950928 28.3770008087158 21.1889991760254 13.6409997940063 9.06999969482422 9.49600028991699 10.0839996337891 9.84700012207031 7.94700002670288 5.60799980163574 7.96700000762939 15.0030002593994 22.2320003509521 25.8840007781982 27.6149997711182 29.5949993133545 30.9769992828369 31.2730007171631 28.9090003967285 26.3700008392334 12.1420001983643 6.19700002670288 4.55299997329712 2.79099988937378
27.2450008392334 21.1770000457764 1.57500004768372 0.225999996066093 1.76300001144409 7.07800006866455 7.21700000762939 7.38399982452393 7.51100015640259 7.64200019836426 12.206000328064 14.6470003128052 15.9479999542236 17.2469997406006 21.0550003051758 22.7339992523193 27.7000007629395 29.9150009155273 30.7409992218018 31.2740001678467 31.4519996643066 31.0669994354248 30.6720008850098 28.4710006713867 22.6539993286133 13.3859996795654 11.1020002365112 13.0649995803833 20.6399993896484 22.1790008544922 22.3010005950928 19.7590007781982 20.5400009155273 23.7730007171631 17.6790008544922 22.6450004577637 29.0919990539551 30.7819995880127 31.8969993591309 31.6569995880127 29.0340003967285 23.7959995269775 8.56400012969971 6.2189998626709 4.86600017547607 4.61899995803833
26.9610004425049 23.8080005645752 14.4160003662109 0.330000013113022 4.43100023269653 7.14200019836426 7.15700006484985 7.22800016403198 8.92099952697754 9.80900001525879 13.4729995727539 14.7419996261597 15.9849996566772 21.4769992828369 24.6340007781982 24.3700008392334 28.0240001678467 29.6989994049072 30.6100006103516 31.2970008850098 31.5450000762939 31.2700004577637 30.3740005493164 29.2919998168945 21.7730007171631 11.5609998703003 10.2080001831055 20.1520004272461 27.7409992218018 28.0690002441406 27.7900009155273 26.3190002441406 24.7689990997314 24.4519996643066 12.3039999008179 13.9359998703003 25.8309993743896 32.0719985961914 32.5999984741211 32.4809989929199 30.7350006103516 16.931999206543 6.59600019454956 5.88800001144409 5.10400009155273 5.15299987792969
26.1189994812012 23.6870002746582 20.5470008850098 8.87600040435791 0.119999997317791 6.84600019454956 6.85500001907349 7.59499979019165 10.9300003051758 12.6949996948242 13.6450004577637 18.5809993743896 19.1630001068115 22.9479999542236 25.4820003509521 26.1040000915527 27.8209991455078 28.4099998474121 29.8320007324219 30.5179996490479 31.1159992218018 30.9769992828369 30.2689990997314 28.0729999542236 23.7950000762939 13.7209997177124 10.9079999923706 22.8090000152588 29.8840007781982 30.4009990692139 28.056999206543 27.931999206543 26.9300003051758 21.1079998016357 9.91199970245361 16.3799991607666 30.7339992523193 32.2529983520508 32.632999420166 32.3190002441406 30.1149997711182 17.8780002593994 6.64900016784668 6.51300001144409 6.00500011444092 5.06599998474121
29.5520000457764 21.8320007324219 20.7000007629395 5.0460000038147 0.179000005125999 6.91499996185303 8.59200000762939 8.48200035095215 11.7270002365112 13.1099996566772 13.5089998245239 19.4389991760254 21.6790008544922 24.6730003356934 25.7670001983643 27.05299949646 28.0809993743896 28.4629993438721 29.5249996185303 29.9300003051758 30.4080009460449 30.3959999084473 30.0300006866455 28.2810001373291 25.8729991912842 21.0230007171631 12.78600025177 25.431999206543 30.94700050354 31.7450008392334 30.9820003509521 30.4699993133545 29.5149993896484 19.6439990997314 11.7399997711182 17.2350006103516 30.8299999237061 32.0480003356934 32.3400001525879 32.1389999389648 31.3850002288818 20.6539993286133 7.03800010681152 6.71199989318848 5.6399998664856 10.7370004653931
30.30299949646 27.3589992523193 25.5550003051758 19.2770004272461 3.63800001144409 10.9940004348755 13.121000289917 10.83899974823 12.4809999465942 12.9680004119873 13.5620002746582 14.2580003738403 19.2269992828369 24.7339992523193 26.4489994049072 27.4969997406006 28.2469997406006 28.0259990692139 28.1940002441406 29.1870002746582 29.9710006713867 29.6800003051758 29.0750007629395 27.8330001831055 26.7520008087158 26.9570007324219 28.4610004425049 29.8390007019043 31.9909992218018 32.8489990234375 32.4550018310547 31.8619995117188 29.5389995574951 20.0370006561279 11.9490003585815 9.54800033569336 22.6459999084473 31.1580009460449 31.8519992828369 31.5389995574951 30.80299949646 25.0279998779297 6.57800006866455 5.07200002670288 7.60300016403198 15.1479997634888
29.7679996490479 28.1580009460449 27.3640003204346 28.0650005340576 22.076000213623 18.5620002746582 16.9009990692139 13.5930004119873 12.0930004119873 12.7089996337891 13.4200000762939 18.2919998168945 25.9349994659424 27.7520008087158 28.6730003356934 28.1019992828369 28.4740009307861 28.2679996490479 27.7910003662109 28.6700000762939 29.2590007781982 27.8819999694824 25.9659996032715 26.1089992523193 27.2180004119873 27.8139991760254 29.1359996795654 31.1499996185303 32.9739990234375 33.4039993286133 32.9420013427734 29.9409999847412 25.5060005187988 20.3239994049072 12.5970001220703 15.7379999160767 24.8589992523193 28.3810005187988 29.5939998626709 29.7870006561279 29 23.8209991455078 8.24100017547607 4.67899990081787 7.9689998626709 14.7799997329712
