02_asc_chm-r50m/BR212C.asc
NCOLS 201 
NROWS 200 
XLLCORNER 531795.5 
YLLCORNER 5281281 
CELLSIZE 0.5 
NODATA_value -3.4e+38 
[rows 80 to 99 of 200, columns 138 to 183 of 201]
20.7269992828369 18.9409999847412 8.76399993896484 4.13899993896484 18.5319995880127 19.6849994659424 22.3589992523193 23.8850002288818 25.3290004730225 28.5699996948242 29.5109996795654 29.2919998168945 30.826000213623 29.0580005645752 27.5149993896484 21.1919994354248 24.5020008087158 27.5160007476807 27.8010005950928 27.757999420166 27.80299949646 29.6609992980957 31.9190006256104 31.7759990692139 31.5739994049072 31.443000793457 31.0990009307861 30.0599994659424 27.7469997406006 24.8040008544922 24.693000793457 23.3209991455078 20.0400009155273 20.6270008087158 22.0370006561279 22.6940002441406 23.7789993286133 25.2660007476807 28.9820003509521 30.7180004119873 31.4559993743896 31.5939998626709 31.3199996948242 30.8939990997314 30.7590007781982 30.5049991607666
28.7199993133545 28.4659996032715 24.1280002593994 27.7719993591309 29.4850006103516 27.5289993286133 20.628999710083 26.8050003051758 27.9529991149902 31.6299991607666 32.1679992675781 32.0540008544922 31.6590003967285 29.3229999542236 29.0130004882812 27.9570007324219 27.3090000152588 27.3600006103516 27.5879993438721 27.7450008392334 29.7199993133545 31.3279991149902 32.189998626709 32.5089988708496 32.4000015258789 32.0940017700195 31.2450008392334 30.0520000457764 27.6350002288818 24.5659999847412 24.3999996185303 24.0049991607666 20.7469997406006 20.496000289917 22.3099994659424 23.3129997253418 25.5699996948242 26.1790008544922 29.4979991912842 30.5520000457764 31.0909996032715 31.2320003509521 30.9190006256104 30.306999206543 30.068000793457 29.8659992218018
32.6349983215332 31.1200008392334 31.431999206543 31.0830001831055 31.7660007476807 17.5200004577637 10.1850004196167 22.431999206543 29.6030006408691 31.6580009460449 32.4039993286133 32.5200004577637 31.2900009155273 29.7070007324219 29.3490009307861 28.8229999542236 27.8169994354248 27.761999130249 29.128999710083 29.9090003967285 31.2310009002686 31.6639995574951 32.2750015258789 33.1660003662109 33.2480010986328 32.6910018920898 32.2960014343262 31.1299991607666 29.3649997711182 27.423999786377 24.5319995880127 24.0970001220703 21.3159999847412 21.6770000457764 24.7029991149902 25.6100006103516 27.2900009155273 27.3059997558594 28.1730003356934 29.753999710083 30.2679996490479 30.7679996490479 30.2800006866455 29.681999206543 29.1889991760254 29.9740009307861
33.5390014648438 32.6590003967285 32.1990013122559 31.7560005187988 28.7210006713867 8.23099994659424 16.2029991149902 26.9489994049072 30.2800006866455 31.8969993591309 32.1259994506836 31.943000793457 31.257999420166 30.3169994354248 29.0230007171631 28.5380001068115 27.9440002441406 27.8379993438721 29.3439998626709 30.1200008392334 30.9489994049072 31.6140003204346 32.6339988708496 33.273998260498 33.0769996643066 32.9519996643066 32.3499984741211 31.9930000305176 30.7070007324219 29.8250007629395 26.5060005187988 23.4360008239746 21.9230003356934 22.0520000457764 25.9930000305176 26.6450004577637 27.5009994506836 27.7889995574951 27.8169994354248 28.7730007171631 29.5189990997314 30.0400009155273 29.7649993896484 29.1760005950928 28.8150005340576 29.3859996795654
36.0099983215332 34.976001739502 32.0660018920898 31.5909996032715 16.6219997406006 12.5959997177124 20.5440006256104 29.8360004425049 29.9200000762939 31.4109992980957 31.8700008392334 31.9610004425049 31.8649997711182 30.9559993743896 29.7199993133545 27.2889995574951 26.988000869751 27.5729999542236 27.2549991607666 27.57200050354 29.6060009002686 31.8430004119873 32.8720016479492 33.2299995422363 32.8930015563965 32.5400009155273 32.2309989929199 31.8199996948242 31.1679992675781 31.0520000457764 27.6609992980957 26.32200050354 25.0049991607666 26.1280002593994 26.173999786377 25.6690006256104 26.7390003204346 28.1119995117188 28.7549991607666 29.2630004882812 29.5100002288818 28.5690002441406 27.136999130249 27.2870006561279 27.7490005493164 27.3379993438721
37.132999420166 37.3380012512207 35.2239990234375 34.818000793457 30.4750003814697 28.375 27.9990005493164 28.9680004119873 30.068000793457 31.0599994659424 30.8780002593994 31.6429996490479 31.7129993438721 30.9479999542236 29.0979995727539 26.1590003967285 25.4529991149902 26.8910007476807 27.2290000915527 27.2070007324219 30.5370006561279 31.738000869751 32.1279983520508 32.7000007629395 32.7890014648438 32.6100006103516 31.9759998321533 31.5130004882812 31.261999130249 31.4540004730225 30.1690006256104 27.8129997253418 25.8600006103516 23.2770004272461 24.7299995422363 25.4710006713867 26.94700050354 27.5739994049072 25.3050003051758 22.7830009460449 25.2140007019043 26.2259998321533 25.9309997558594 25.4540004730225 27.0419998168945 27.9389991760254
37.1209983825684 37.8610000610352 37.0040016174316 35.765998840332 34.5730018615723 32.0970001220703 30.5470008850098 29.9400005340576 28.7870006561279 28.8920001983643 29.1340007781982 30.6560001373291 30.8939990997314 30.5990009307861 29.1909999847412 27.173999786377 24.871000289917 26.9309997558594 27.7980003356934 28.3320007324219 30.3780002593994 31.5480003356934 31.3959999084473 31.5330009460449 32.4410018920898 32.7360000610352 32.1259994506836 31.4759998321533 30.7700004577637 29.1200008392334 29.6979999542236 28.056999206543 27.0709991455078 25.9519996643066 23.2040004730225 24.3990001678467 16.2390003204346 23.3700008392334 21.5100002288818 21.0090007781982 21.4650001525879 24.0659999847412 25.4650001525879 25.443000793457 26.4360008239746 21.3169994354248
37.4300003051758 37.9080009460449 37.5550003051758 34.8440017700195 32.5870018005371 31.5440006256104 31.2740001678467 29.4619998931885 27.5979995727539 27.4759998321533 27.5480003356934 29.0349998474121 29.8330001831055 29.3689994812012 28.6410007476807 27.0349998474121 25.3920001983643 26.246000289917 27.8139991760254 29.0279998779297 30.923999786377 31.8020000457764 31.6669998168945 31.0830001831055 32.2150001525879 32.1399993896484 31.3360004425049 29.9559993743896 28.9270000457764 27.173999786377 26.7609996795654 26.988000869751 27.2350006103516 26.2250003814697 23.1040000915527 15.048999786377 2.01399993896484 13.5900001525879 8.68299961090088 4.70800018310547 3.69899988174438 15.8299999237061 25.556999206543 25.5769996643066 23.5540008544922 12.5710000991821
38.5670013427734 37.5620002746582 36.25 34.5289993286133 32.101001739502 31.6060009002686 31.128999710083 30.613000869751 27.1229991912842 25.3360004425049 23.5209999084473 26.5930004119873 28.6189994812012 23.5659999847412 25.0779991149902 22.6070003509521 25.2250003814697 26.6849994659424 27.9799995422363 29.5599994659424 30.6650009155273 31.3700008392334 31.4540004730225 30.8279991149902 30.996000289917 30.8840007781982 30.201000213623 29.681999206543 28.9360008239746 27.9759998321533 26.8290004730225 26.5769996643066 25.9680004119873 24.2399997711182 17.6110000610352 10.6770000457764 1.65199995040894 1.63999998569489 2.19799995422363 2.36299991607666 2.49300003051758 13.0670003890991 18.7600002288818 18.4890003204346 8.09099960327148 7.69299983978271
40.5950012207031 38.6279983520508 36.0359992980957 33.648998260498 32.1660003662109 31.8589992523193 32.1069984436035 32.4679985046387 28.0440006256104 22.4080009460449 23.4869995117188 23.8570003509521 21.2689990997314 10.4289999008179 12.2170000076294 14.9499998092651 19.378999710083 24.9710006713867 28.3840007781982 28.0230007171631 27.6590003967285 28.8339996337891 29.4640007019043 29.3519992828369 30.3729991912842 31.1620006561279 30.757999420166 30.0559997558594 29.2430000305176 28.4109992980957 26.2649993896484 25.6480007171631 24.8959999084473 23.5919990539551 10.5349998474121 4.16300010681152 1.60899996757507 1.92999994754791 2.0090000629425 3.06399989128113 2.74200010299683 3.56100010871887 3.91799998283386 6.83599996566772 6.94199991226196 7.49499988555908
40.6870002746582 40.0359992980957 38.5589981079102 34.492000579834 33.0509986877441 31.2019996643066 31.1660003662109 19.3939990997314 16.3419990539551 15.21399974823 17.1879997253418 7.48799991607666 4.64499998092651 5.94399976730347 11.5069999694824 13.5649995803833 13.6110000610352 19.761999130249 24.4139995574951 25.9950008392334 26.9559993743896 27.2490005493164 26.1949996948242 26.7350006103516 28.8500003814697 30.2749996185303 29.9699993133545 29.9740009307861 29.3449993133545 27.8099994659424 26.3470001220703 25.5359992980957 24.8269996643066 16.5259990692139 3.45900011062622 1.82599997520447 1.95299994945526 2.32500004768372 3.0220000743866 3.31900000572205 3.15899991989136 3.00399994850159 3.48699998855591 4.64699983596802 5.66200017929077 6.73600006103516
40.1870002746582 39.4490013122559 38.3320007324219 35.9129981994629 34.0209999084473 29.9619998931885 27.6770000457764 5.86399984359741 5.16800022125244 5.90299987792969 0.646000027656555 3.16499996185303 4.16200017929077 10.1269998550415 13.9750003814697 14.5170001983643 14.6979999542236 14.7810001373291 20.2229995727539 21.2679996490479 24.3479995727539 25.8209991455078 24.5739994049072 23.2719993591309 28.2999992370605 28.3840007781982 28.011999130249 28.5249996185303 25.5580005645752 22.3500003814697 23.6110000610352 24.0550003051758 23.0109996795654 11.3719997406006 2.12299990653992 2.20700001716614 2.33100008964539 2.7739999294281 3.23200011253357 3.07599997520447 2.5789999961853 2.05699992179871 1.67700004577637 2.02900004386902 3.94300007820129 5.125
40.1990013122559 39.5390014648438 39.4000015258789 36.8219985961914 35.492000579834 32.5960006713867 19.3740005493164 1.38900005817413 0.597000002861023 0.730000019073486 0.700999975204468 1.66799998283386 2.76300001144409 5.40500020980835 14.1899995803833 14.576000213623 15.1529998779297 18.6060009002686 20.5319995880127 21.2900009155273 23.3719997406006 24.4449996948242 24.5990009307861 23.1009998321533 26.5900001525879 28.5919990539551 28.3369998931885 22.632999420166 18.0960006713867 20.5 21.3600006103516 20.0179996490479 18.3090000152588 16.6009998321533 10.5950002670288 2.59400010108948 2.71399998664856 2.74499988555908 2.40899991989136 1.93599998950958 1.88499999046326 1.99899995326996 2.04099988937378 2.10199999809265 2.78699994087219 4.19999980926514
39.5 39.6150016784668 38.2480010986328 36.25 35.5169982910156 34.992000579834 28.6639995574951 6.18900012969971 0.919000029563904 0.749000012874603 0.578999996185303 1.17999994754791 1.97800004482269 4.76399993896484 10.4090003967285 14.5480003356934 15.6969995498657 18.8439998626709 20.8579998016357 20.6520004272461 22.1809997558594 23.6040000915527 24.2210006713867 23.6569995880127 27.1450004577637 26.4860000610352 22.6709995269775 17.5499992370605 17.3859996795654 18.6639995574951 17.0259990692139 15.3170003890991 13.6079998016357 11.8999996185303 10.1909999847412 8.48200035095215 3.1010000705719 3.09800004959106 2.69600009918213 1.43400001525879 1.24199998378754 1.81700003147125 2.24699997901917 2.48000001907349 2.65400004386902 1.99500000476837
37.8600006103516 38.0960006713867 37.4860000610352 36.898998260498 35.3499984741211 35.173999786377 25.1979999542236 4.38800001144409 0.99099999666214 0.787999987602234 0.535000026226044 0.861999988555908 7.99200010299683 12.6440000534058 12.7620000839233 14.585000038147 15.5640001296997 18.1180000305176 20.7639999389648 20.5540008544922 20.8649997711182 22.128999710083 23.0340003967285 21.8279991149902 17.5189990997314 17.7129993438721 16.9099998474121 16.0590000152588 15.7419996261597 14.0329999923706 12.3249998092651 10.6160001754761 9.0629997253418 7.58500003814697 6.10699987411499 4.62900018692017 3.26900005340576 3.20499992370605 2.96000003814697 2.24399995803833 1.76800000667572 2.48399996757507 2.52600002288818 2.48099994659424 2.12299990653992 1.35099995136261
36.8889999389648 37.9000015258789 37.9609985351562 37.3790016174316 35.1800003051758 30.117000579834 17.8540000915527 2.40400004386902 1.27400004863739 0.924000024795532 0.777999997138977 0.723999977111816 8.95499992370605 10.1719999313354 14.4759998321533 14.3059997558594 15.331000328064 18.5450000762939 20.5259990692139 20.4599990844727 20.4930000305176 21.75 21.1590003967285 17.5450000762939 16.4629993438721 16.3570003509521 15.7869997024536 14.1599998474121 12.2930002212524 12.4390001296997 10.9610004425049 9.48299980163574 8.00500011444092 6.52799987792969 5.05000019073486 3.57200002670288 2.83500003814697 2.59999990463257 3.58400011062622 4.26700019836426 3.99699997901917 3.90400004386902 3.34500002861023 2.69700002670288 2.28699994087219 1.65699994564056
35.5460014343262 37.2299995422363 34.9799995422363 27.5919990539551 26.4699993133545 24.6429996490479 11.2440004348755 2.53699994087219 2.13499999046326 1.36300003528595 0.926999986171722 1.03799998760223 1.17999994754791 4.60400009155273 10.8109998703003 13.414999961853 14.3870000839233 17.1620006561279 19.181999206543 19.4850006103516 20.2210006713867 20.011999130249 19.1979999542236 18.5890007019043 17.4860000610352 14.5150003433228 9.41800022125244 5.58500003814697 6.52400016784668 9.29899978637695 9.9040002822876 8.42599964141846 6.94799995422363 5.46999979019165 3.99300003051758 2.58500003814697 2.40100002288818 2.07699990272522 3.7260000705719 4.94399976730347 4.93400001525879 4.69299983978271 4.18400001525879 3.55200004577637 2.6949999332428 2.48900008201599
34.5130004882812 34.8549995422363 31.4549999237061 24.5550003051758 24.4710006713867 20.2830009460449 5.10099983215332 2.73799991607666 -3.4e+38 2.09400010108948 0.998000025749207 1.32599997520447 2.02900004386902 5.44700002670288 8.86499977111816 13.46399974823 13.6420001983643 15.3529996871948 15.548999786377 17.8889999389648 19.3290004730225 19.0939998626709 19.1569995880127 18.8099994659424 16.0340003967285 12.5249996185303 6.86999988555908 1.20500004291534 0.904999971389771 3.53099989891052 6.30600023269653 7.36899995803833 5.89099979400635 4.41300010681152 2.93499994277954 2.26699995994568 1.96599996089935 1.83599996566772 4.40399980545044 5.2480001449585 5.29699993133545 5.21799993515015 4.7979998588562 4.36199998855591 3.67600011825562 3.14800000190735
33.8009986877441 33.6110000610352 10.8819999694824 18.2779998779297 24.742000579834 20.8899993896484 13.576000213623 6.05499982833862 2.85599994659424 2.57699990272522 2.09299993515015 2.08299994468689 3.43600010871887 6.68900012969971 9.44299983978271 11.3800001144409 11.1389999389648 11.2869997024536 15.2810001373291 17.3659992218018 17.8209991455078 17.6720008850098 17.9799995422363 16.6060009002686 15.1590003967285 11.2370004653931 5.56599998474121 1.37000000476837 1.63100004196167 1.55599999427795 1.16999995708466 3.31299996376038 4.83400011062622 3.35599994659424 1.88999998569489 1.85599994659424 1.69099998474121 2.20900011062622 3.9760000705719 5.10300016403198 5.36800003051758 5.19099998474121 4.82299995422363 4.37400007247925 4.17199993133545 4.03900003433228
34.3810005187988 33.3889999389648 28.2670001983643 19.3549995422363 6.85799980163574 7.05800008773804 3.44400000572205 2.10700011253357 2.51799988746643 2.65899991989136 2.62199997901917 2.36199998855591 2.23600006103516 4.91200017929077 7.62099981307983 7.40700006484985 7.1100001335144 6.88299989700317 8.69499969482422 12.7690000534058 16.4360008239746 16.0779991149902 16.2089996337891 15.9130001068115 14.3529996871948 8.29699993133545 2.75099992752075 3.16700005531311 2.83200001716614 2.59100008010864 2.20600008964539 1.82000005245209 1.43499994277954 2.29900002479553 1.57099997997284 1.53900003433228 1.87199997901917 2.0699999332428 4.1399998664856 5.14200019836426 5.23600006103516 5.17000007629395 4.93599987030029 4.41499996185303 4.38000011444092 4.38899993896484
