02_asc_chm-r50m/BR212A.asc
NCOLS 200 
NROWS 200 
XLLCORNER 534727.5 
YLLCORNER 5285374.5 
CELLSIZE 0.5 
NODATA_value -3.4e+38 
[rows 120 to 139 of 200, columns 0 to 45 of 200]
-3.4e+38 -3.4e+38 -3.4e+38 8.41199970245361 9.98099994659424 10.3599996566772 9.94600009918213 8.70100021362305 7.51300001144409 6.69500017166138 6.49200010299683 6.49200010299683 6.33400011062622 5.92799997329712 5.78200006484985 5.54400014877319 24.9720001220703 25.1749992370605 25.3059997558594 25.4340000152588 25.9169998168945 26.0209999084473 25.7649993896484 26.6380004882812 27.7430000305176 28.32200050354 29.1429996490479 29.2689990997314 29.7770004272461 30.867000579834 32.5989990234375 34.2589988708496 36.3619995117188 38.689998626709 39.7039985656738 40.298999786377 40.4210014343262 40.4049987792969 40.2809982299805 40.173999786377 38.6990013122559 37.4059982299805 36.3089981079102 33.5320014953613 31.8110008239746 30.1429996490479
-3.4e+38 -3.4e+38 -3.4e+38 8.17300033569336 9.27799987792969 9.6560001373291 9.45499992370605 9.09899997711182 8.03999996185303 6.67899990081787 6.14400005340576 5.96400022506714 5.73799991607666 5.30100011825562 5.26900005340576 13.043999671936 24.8509998321533 25.1240005493164 25.3360004425049 25.5879993438721 25.9780006408691 26.0380001068115 26.1650009155273 27.3649997711182 27.6870002746582 28.3050003051758 30.2670001983643 32.3339996337891 32.7070007324219 31.1399993896484 33.0209999084473 34.2239990234375 35.8079986572266 37.4739990234375 39.181999206543 39.060001373291 39.4819984436035 40.257999420166 39.8979988098145 39.5540008544922 38.8300018310547 37.4850006103516 35.8030014038086 33.4140014648438 31.6679992675781 30.4500007629395
-3.4e+38 -3.4e+38 -3.4e+38 8.36999988555908 8.72399997711182 8.74899959564209 9.13199996948242 8.27799987792969 7.40799999237061 6.51000022888184 5.82200002670288 5.3439998626709 5.21700000762939 4.97399997711182 5.03900003433228 4.67799997329712 18.6480007171631 24.5960006713867 24.8490009307861 25.0830001831055 25.9069995880127 26.0069999694824 25.8799991607666 30.0149993896484 30.9449996948242 30.0659999847412 32.8320007324219 33.9749984741211 34.2809982299805 33.8870010375977 34.492000579834 34.8950004577637 34.7080001831055 36.7019996643066 37.7019996643066 37.2400016784668 37.9609985351562 39.5349998474121 39.0660018920898 37.9700012207031 37.3349990844727 36.3240013122559 33.7050018310547 32.3629989624023 31.1450004577637 29.0069999694824
-3.4e+38 -3.4e+38 -3.4e+38 8.56999969482422 8.52499961853027 8.06599998474121 7.72200012207031 7.49300003051758 6.95699977874756 5.71799993515015 5.14699983596802 5.03700017929077 5.42600011825562 5.65399980545044 5.56199979782104 6.44999980926514 18.9990005493164 20.1000003814697 24.0130004882812 24 25.5100002288818 26.181999206543 28.4570007324219 31.7029991149902 32.6660003662109 32.148998260498 32.7120018005371 34.7190017700195 35.1240005493164 35.1580009460449 35.2750015258789 35.226001739502 34.4640007019043 36.5349998474121 37.1759986877441 37.0250015258789 37.5050010681152 38.076000213623 37.7350006103516 36.673999786377 36.1790008544922 35.1940002441406 33.310001373291 32.3129997253418 31.1809997558594 27.5639991760254
-3.4e+38 -3.4e+38 -3.4e+38 7.96099996566772 8.02400016784668 6.93900012969971 5.36899995803833 5.84200000762939 6.02699995040894 4.93900012969971 4.51999998092651 4.67999982833862 4.97200012207031 6.00899982452393 6.11700010299683 5.51700019836426 8.97000026702881 9.0600004196167 18.1159992218018 25.0849990844727 26.3229999542236 26.4599990844727 29.0470008850098 32.2449989318848 32.7859992980957 32.9780006408691 32.9329986572266 35.2439994812012 35.5460014343262 35.564998626709 35.6920013427734 35.25 33.0709991455078 34.8959999084473 34.5390014648438 36.0289993286133 36.390998840332 36.5330009460449 36.1049995422363 35.5620002746582 35.5120010375977 34.2830009460449 33.7980003356934 32.7210006713867 30.2360000610352 19.5909996032715
-3.4e+38 -3.4e+38 -3.4e+38 -3.4e+38 6.18400001525879 5.40700006484985 4.71700000762939 5.05100011825562 4.68800020217896 3.80599999427795 3.65499997138977 4.0019998550415 4.48199987411499 5.48999977111816 5.37099981307983 5.09800004959106 4.82399988174438 5.82999992370605 7.01700019836426 24.9120006561279 27.9629993438721 29.7369995117188 30.3159999847412 32.5019989013672 32.6980018615723 33.3030014038086 33.9620018005371 35.3250007629395 36.1609992980957 35.8370018005371 35.7890014648438 35.5499992370605 34.2890014648438 32.7379989624023 31.9169998168945 33.0330009460449 35.1590003967285 35.3450012207031 34.8400001525879 34.2980003356934 33.3120002746582 33.5730018615723 30.5739994049072 20.9449996948242 9.15999984741211 10.5699996948242
-3.4e+38 -3.4e+38 -3.4e+38 -3.4e+38 4.82100009918213 4.4980001449585 3.77600002288818 3.76500010490417 3.03900003433228 3 2.82100009918213 3.25600004196167 3.71000003814697 4.47399997711182 4.62099981307983 4.78299999237061 4.59800004959106 4.18499994277954 18.3059997558594 23.7019996643066 28.242000579834 31.6860008239746 32.0219993591309 32.367000579834 33.2929992675781 33.8479995727539 35.0880012512207 35.814998626709 36.5130004882812 36.2859992980957 35.6749992370605 34.576000213623 33.451000213623 32.5690002441406 32.0890007019043 31.8799991607666 33.0029983520508 33.4500007629395 32.4379997253418 30.3680000305176 30.7290000915527 31.3339996337891 18.3640003204346 5.48400020599365 5.66400003433228 5.03800010681152
-3.4e+38 -3.4e+38 -3.4e+38 -3.4e+38 4.08799982070923 3.90199995040894 3.75699996948242 3.47699999809265 3.06699991226196 2.7409999370575 2.65899991989136 3.15000009536743 3.89599990844727 4.09299993515015 4.39200019836426 4.38299989700317 4.29699993133545 5.74499988555908 21.0790004730225 23.806999206543 25.3950004577637 31.2800006866455 31.8159999847412 32.0769996643066 32.9189987182617 34.7330017089844 35.7070007324219 35.882999420166 36.3769989013672 36.1829986572266 35.8810005187988 34.4140014648438 33.6160011291504 32.6650009155273 32.3030014038086 32.048999786377 32.2760009765625 31.2959995269775 30.9400005340576 21.7980003356934 26.9270000457764 26.931999206543 20.9060001373291 5.54699993133545 5.51800012588501 4.8289999961853
-3.4e+38 -3.4e+38 -3.4e+38 -3.4e+38 4.15000009536743 4.88700008392334 3.84299993515015 3.39299988746643 3.07299995422363 2.68700003623962 2.89100003242493 3.23699998855591 3.89499998092651 3.91100001335144 4.39699983596802 4.39499998092651 4.27899980545044 7.46000003814697 19.07200050354 23.4459991455078 25.1800003051758 31.576000213623 31.6730003356934 32.015998840332 32.1110000610352 33.6920013427734 35.4370002746582 35.6279983520508 35.8530006408691 35.7680015563965 35.3839988708496 34.8580017089844 34.0169982910156 33.3079986572266 32.1290016174316 31.7169990539551 31.9750003814697 22.0400009155273 9.97000026702881 7.22800016403198 11.8120002746582 22.7350006103516 15.9020004272461 6.01300001144409 4.73199987411499 3.93400001525879
-3.4e+38 -3.4e+38 -3.4e+38 -3.4e+38 3.94400000572205 5.27799987792969 3.59299993515015 3.37899994850159 3.19000005722046 3.50500011444092 3.77300000190735 4.08400011062622 4.39499998092651 4.15500020980835 4.59800004959106 4.80499982833862 4.57800006866455 5.39900016784668 9.4680004119873 18.128999710083 24.3449993133545 30.0949993133545 31.757999420166 31.9699993133545 32.0820007324219 33.0629997253418 34.3629989624023 35.0859985351562 35.1069984436035 34.9440002441406 34.4440002441406 34.3559989929199 34.242000579834 33.0579986572266 31.0259990692139 30.113000869751 29.6800003051758 14.4829998016357 6.22900009155273 6.41599988937378 6.63500022888184 7.13000011444092 6.9689998626709 5.1710000038147 3.17600011825562 3.09599995613098
-3.4e+38 -3.4e+38 -3.4e+38 -3.4e+38 -3.4e+38 4.77899980545044 3.54099988937378 2.98200011253357 3.74600005149841 4.0939998626709 4.21099996566772 4.58500003814697 4.71199989318848 4.36800003051758 5.08599996566772 5.60300016403198 5.90199995040894 5.95699977874756 6.42199993133545 17.6310005187988 22.4340000152588 26.6229991912842 30.3139991760254 32.0130004882812 32.0999984741211 32.2039985656738 33.8619995117188 34.0709991455078 33.9000015258789 33.9589996337891 33.609001159668 33.9179992675781 33.8370018005371 32.3450012207031 30.8659992218018 27.7919998168945 22.7259998321533 5.7350001335144 5.71000003814697 5.67700004577637 5.4229998588562 5.72900009155273 5.60699987411499 8.19400024414062 7.89099979400635 5.3899998664856
-3.4e+38 -3.4e+38 -3.4e+38 -3.4e+38 -3.4e+38 4.71500015258789 3.64199995994568 2.7739999294281 3.50699996948242 4.00699996948242 4.32600021362305 4.49399995803833 5.04699993133545 5.32200002670288 5.41400003433228 5.51000022888184 5.67600011825562 6.09700012207031 5.85500001907349 5.91800022125244 25.0699996948242 27.6870002746582 28.5249996185303 30.6180000305176 31.9050006866455 32.234001159668 32.492000579834 32.5410003662109 32.8979988098145 32.8059997558594 33.0400009155273 33.0820007324219 32.9199981689453 32.7299995422363 30.7609996795654 27.6200008392334 18.5219993591309 4.81699991226196 4.97300004959106 7.64099979400635 8.78299999237061 9.77200031280518 10.9890003204346 15.8739995956421 17.6639995574951 21.1639995574951
-3.4e+38 -3.4e+38 -3.4e+38 -3.4e+38 -3.4e+38 3.94199991226196 3.87800002098083 2.76099991798401 2.98699998855591 4.08199977874756 4.45800018310547 4.19600009918213 5.26100015640259 5.65299987792969 5.83400011062622 5.27400016784668 5.48099994659424 5.98799991607666 6.13899993896484 6.38100004196167 18.5890007019043 26.3299999237061 27.011999130249 29.0359992980957 31.0580005645752 31.9230003356934 32.3269996643066 32.476001739502 32.2550010681152 32.2599983215332 32.1349983215332 31.4459991455078 31.0349998474121 29.8159999847412 27.4619998931885 18.7819995880127 7.78999996185303 3.35500001907349 7.3730001449585 11.6680002212524 16.9419994354248 17.2730007171631 17.9669990539551 20.6889991760254 23.0429992675781 24.7169990539551
-3.4e+38 -3.4e+38 -3.4e+38 -3.4e+38 -3.4e+38 -3.4e+38 2.30699992179871 2.96499991416931 3.35599994659424 4.98400020599365 5.91300010681152 5.42199993133545 5.14400005340576 5.06899976730347 5.7350001335144 5.55800008773804 5.55299997329712 5.91699981689453 6.18400001525879 6.45699977874756 6.76999998092651 17.4109992980957 25.1959991455078 29.632999420166 30.2789993286133 28.2859992980957 30.1439990997314 32.435001373291 32.3699989318848 32.3059997558594 31.5629997253418 29.2900009155273 28.2840003967285 24.4050006866455 19.3910007476807 16.7770004272461 1.81099998950958 6.10599994659424 10.4010000228882 14.6949996948242 18.886999130249 20.3460006713867 21.0510005950928 23.9060001373291 25.4389991760254 26
-3.4e+38 -3.4e+38 -3.4e+38 -3.4e+38 -3.4e+38 -3.4e+38 1.30999994277954 2.01999998092651 3.80800008773804 5.85200023651123 6.77299976348877 6.76399993896484 6.65500020980835 6.34999990463257 5.86100006103516 5.72100019454956 5.68900012969971 6.18900012969971 6.59600019454956 6.80100011825562 6.40199995040894 5.91699981689453 12.9750003814697 20.1229991912842 24.3400001525879 23.0389995574951 26.0219993591309 29.5540008544922 31.0310001373291 30.5540008544922 28.8759994506836 27.8339996337891 24.875 22.5349998474121 17.4370002746582 12.4630002975464 2.56200003623962 7.09999990463257 11.6370000839233 15.7880001068115 19.9389991760254 20.7159996032715 23.5480003356934 25.9979991912842 26.0650005340576 26.2479991912842
-3.4e+38 -3.4e+38 -3.4e+38 -3.4e+38 -3.4e+38 -3.4e+38 -3.4e+38 2.75099992752075 4.18699979782104 5.02299976348877 7.02799987792969 7.48699998855591 8.12399959564209 7.51800012588501 6.9539999961853 6.28299999237061 5.90000009536743 6.61299991607666 6.96999979019165 6.66699981689453 5.93599987030029 5.22100019454956 4.80000019073486 4.66699981689453 8.8120002746582 13.5380001068115 18.6359996795654 25.3939990997314 26.8409996032715 27.9479999542236 28.0130004882812 24.451000213623 20.4370002746582 18.7889995574951 8.86800003051758 1.87000000476837 1.80400002002716 5.25099992752075 9.95199966430664 14.6529998779297 19.7940006256104 22.4650001525879 24.7740001678467 26.3449993133545 26.5599994659424 27.6630001068115
-3.4e+38 -3.4e+38 -3.4e+38 -3.4e+38 -3.4e+38 -3.4e+38 -3.4e+38 2.7739999294281 4.52500009536743 5.19199991226196 7.65199995040894 8.4680004119873 8.86499977111816 8.44299983978271 6.21500015258789 6.48199987411499 6.10599994659424 6.68200016021729 6.71400022506714 6.9060001373291 5.7350001335144 5.05200004577637 4.66900014877319 4.0479998588562 3.39299988746643 2.41700005531311 4.01900005340576 13.7799997329712 22.4799995422363 20.2059993743896 16.3500003814697 16.9349994659424 11.4969997406006 2.17899990081787 2.07699990272522 1.83399999141693 1.92499995231628 2.22699999809265 6.3769998550415 7.98099994659424 17.0259990692139 23.4440002441406 25.6429996490479 26.4950008392334 27.1229991912842 29.9340000152588
-3.4e+38 -3.4e+38 -3.4e+38 -3.4e+38 -3.4e+38 -3.4e+38 -3.4e+38 -3.4e+38 4.75899982452393 5.93599987030029 7.14699983596802 8.64999961853027 8.22299957275391 6.18200016021729 4.86499977111816 5.71500015258789 6.1560001373291 6.32399988174438 6.03399991989136 6.02899980545044 5.46400022506714 5.26300001144409 5.22599983215332 2.92400002479553 2.01200008392334 0.903999984264374 0.75 1.12999999523163 2.37100005149841 6.10400009155273 2.63800001144409 2.62199997901917 2.11199998855591 1.99399995803833 3.10599994659424 3.69199991226196 5.18699979782104 5.25299978256226 5.36100006103516 17.4740009307861 23.0419998168945 25.1550006866455 25.8470001220703 26.4640007019043 29.173999786377 31.4400005340576
-3.4e+38 -3.4e+38 -3.4e+38 -3.4e+38 -3.4e+38 -3.4e+38 -3.4e+38 -3.4e+38 4.88100004196167 5.89400005340576 6.3439998626709 7.83699989318848 6.62900018692017 5.49499988555908 5.0789999961853 5.74900007247925 5.5460000038147 5.5770001411438 5.14499998092651 4.94799995422363 5.30900001525879 5.43100023269653 5.60099983215332 4.36299991607666 2.56699991226196 2.09699988365173 2.57599997520447 3.05399990081787 3.53299999237061 4.01100015640259 2.35199999809265 2.41899991035461 2.37599992752075 2.72499990463257 4.71500015258789 5.86499977111816 6.54500007629395 6.60099983215332 8.99300003051758 17.5790004730225 23.6989994049072 25.5890007019043 26.1049995422363 26.69700050354 29.5779991149902 31.6389999389648
-3.4e+38 -3.4e+38 -3.4e+38 -3.4e+38 -3.4e+38 -3.4e+38 -3.4e+38 -3.4e+38 -3.4e+38 5.54199981689453 6.04300022125244 6.61399984359741 5.70499992370605 5.05800008773804 4.85599994659424 4.93800020217896 3.96900010108948 3.88299989700317 3.39400005340576 3.91499996185303 5.02400016784668 5.51000022888184 5.54699993133545 7.2189998626709 6.45699977874756 5.69399976730347 6.02699995040894 6.50500011444092 6.98299980163574 7.11100006103516 4.48299980163574 2.56100010871887 2.92499995231628 4.70800018310547 6.32299995422363 6.74100017547607 7.02899980545044 8.10700035095215 8.77499961853027 13.1590003967285 25.7450008392334 26.1800003051758 26.7369995117188 27.1630001068115 30.056999206543 33.1619987487793
