02_asc_chm-r50m/BR21X5.asc
NCOLS 201 
NROWS 200 
XLLCORNER 530745 
YLLCORNER 5288143.5 
CELLSIZE 0.5 
NODATA_value -3.4e+38 
[rows 140 to 159 of 200, columns 92 to 137 of 201]
14.4049997329712 28.4360008239746 34.189998626709 37.4809989929199 40.3520011901855 41.1539993286133 42.9269981384277 43.8079986572266 44.7229995727539 45.1549987792969 45.1710014343262 44.3580017089844 43.9720001220703 43.6679992675781 42.314998626709 40.8400001525879 36.6049995422363 26.8600006103516 15.7930002212524 2.48000001907349 0.363000005483627 0.551999986171722 1.74899995326996 3.37599992752075 10.9910001754761 13.6750001907349 20.7590007781982 25.4769992828369 23.2339992523193 31.1459999084473 36.8030014038086 38.4020004272461 38.6030006408691 38.6769981384277 38.4199981689453 38.1199989318848 36.6860008239746 36.9490013122559 35.7859992980957 29.6749992370605 26.5219993591309 21.9260005950928 17.6420001983643 12.9689998626709 13.7609996795654 8.69600009918213
13.1859998703003 23.7770004272461 32.2490005493164 37.8120002746582 39.7999992370605 40.3400001525879 42.4070014953613 42.4329986572266 42.8639984130859 44.4029998779297 44.3730010986328 44.0950012207031 44.0029983520508 43.951000213623 40.1399993896484 39.7200012207031 35.9949989318848 20.992000579834 7.67899990081787 0.375 0.504999995231628 0.611999988555908 3.81299996376038 12.6440000534058 21.2399997711182 25.0939998626709 27.6790008544922 28.8169994354248 29.2649993896484 34.1459999084473 36.9860000610352 38.1629981994629 38.4790000915527 38.8300018310547 38.8819999694824 38.8170013427734 38.2569999694824 38.3419990539551 38.3680000305176 32.8520011901855 30.5060005187988 24.6580009460449 18.136999130249 15.6929998397827 10.6269998550415 5.70599985122681
11.5839996337891 14.7329998016357 24.2830009460449 35.6040000915527 39.015998840332 40.1839981079102 40.8759994506836 40.4580001831055 42.140998840332 43.6889991760254 43.640998840332 43.6469993591309 43.2639999389648 42.0839996337891 39.0740013122559 39.2099990844727 28.6840000152588 13.951000213623 0.351999998092651 0.432000011205673 2.48099994659424 7.30999994277954 12.1400003433228 16.9689998626709 23.5849990844727 28.4190006256104 28.931999206543 30.0170001983643 33.0029983520508 36.7070007324219 37.6910018920898 38.148998260498 38.6129989624023 38.8779983520508 39.1570014953613 39.2630004882812 38.6209983825684 38.5309982299805 38.2760009765625 36.7970008850098 35.7159996032715 20.0559997558594 17.94700050354 12.5590000152588 7.49399995803833 4.35400009155273
9.20800018310547 10.2770004272461 16.5669994354248 29.2520008087158 37.1119995117188 38.7270011901855 40.1720008850098 40.6669998168945 42.2949981689453 42.0060005187988 42.9620018005371 43.1339988708496 42.5439987182617 40.6500015258789 38.0099983215332 30.5510005950928 17.3490009307861 2.71300005912781 0.59799998998642 4.59600019454956 8.99300003051758 13.3909997940063 17.7880001068115 22.1860008239746 26.5830001831055 29.9629993438721 31.1900005340576 32.8779983520508 35.773998260498 37.0820007324219 37.9529991149902 38.3190002441406 38.8030014038086 39.3339996337891 39.5279998779297 39.685001373291 39.1160011291504 38.4049987792969 38.2840003967285 37.8940010070801 33.9220008850098 24.2119998931885 24.5209999084473 9.42500019073486 4.3600001335144 3.00099992752075
9.87800025939941 9.93400001525879 13.3479995727539 26.8169994354248 32.7750015258789 33.3800010681152 39.2700004577637 40.0919990539551 40.3059997558594 39.4449996948242 39.2039985656738 42.0379981994629 41.4720001220703 39.8930015563965 36.8450012207031 25.0580005645752 9.77200031280518 2.88599991798401 2.8840000629425 5.32399988174438 9.7209997177124 14.1190004348755 18.5160007476807 22.9139995574951 26.613000869751 29.7740001678467 33.4029998779297 35.2980003356934 36.3139991760254 37.5999984741211 38.0530014038086 38.3569984436035 39.1319999694824 39.7620010375977 39.9329986572266 39.9199981689453 39.0960006713867 38.4749984741211 38.1510009765625 37.7509994506836 37.1389999389648 35.7700004577637 29.2430000305176 13.8280000686646 1.22599995136261 1.71899998188019
11.4689998626709 12.1120004653931 12.0310001373291 19.7150001525879 30.2199993133545 30.5599994659424 34.7430000305176 38.8330001831055 38.8400001525879 37.8170013427734 36.5859985351562 39.5559997558594 40.3650016784668 35.1889991760254 16.8689994812012 16.8309993743896 5.14799976348877 4.14099979400635 5.23000001907349 6.14099979400635 10.4499998092651 14.8470001220703 19.2450008392334 23.318000793457 26.4799995422363 30.0610008239746 33.798999786377 35.8629989624023 36.9150009155273 37.5299987792969 37.7900009155273 38.0789985656738 39.1790008544922 39.943000793457 40.1020011901855 39.6710014343262 39.060001373291 38.7639999389648 37.9580001831055 37.6150016784668 37.1710014343262 34.2560005187988 26.5470008850098 10.8420000076294 0.611000001430511 0.549000024795532
12.5900001525879 13.7419996261597 14.3369998931885 18.5930004119873 26.5259990692139 26.1700000762939 32.484001159668 37.6160011291504 38.6870002746582 37.5400009155273 36.8209991455078 37.7099990844727 34.1590003967285 24.7569999694824 9.33300018310547 8.60400009155273 6.43200016021729 5.39300012588501 7.57499980926514 8.62899971008301 11.1780004501343 15.5749998092651 19.9729995727539 23.1849994659424 27.2140007019043 31.6439990997314 34.648998260498 36.0690002441406 36.6800003051758 37.3499984741211 37.5849990844727 37.8310012817383 39.0019989013672 39.8230018615723 39.8769989013672 39.7290000915527 39.4039993286133 39.0379981994629 38.2109985351562 37.4869995117188 36.3199996948242 30.6529998779297 16.4459991455078 0.796000003814697 0.554000020027161 0.391000002622604
13.7110004425049 14.8640003204346 16.0160007476807 17.4699993133545 21.4540004730225 15.625 25.6079998016357 33.798999786377 37.2890014648438 34.8460006713867 33.7840003967285 32.0509986877441 27.9769992828369 20.1599998474121 14.7180004119873 9.14400005340576 7.67399978637695 7.41400003433228 9.92099952697754 11.1169996261597 11.9060001373291 16.3040008544922 19.8910007476807 24.2150001525879 26.2980003356934 28.3810005187988 32.7000007629395 35.6479988098145 36.5810012817383 37.423999786377 37.6349983215332 37.7859992980957 39.0019989013672 39.609001159668 39.5989990234375 39.5369987487793 39.1529998779297 38.4020004272461 37.2690010070801 37.2939987182617 36.4249992370605 25.011999130249 10.3620004653931 0.391999989748001 0.314999997615814 0.303000003099442
14.8319997787476 15.9849996566772 17.136999130249 18.2900009155273 17.7870006561279 18.0849990844727 24.3090000152588 33.398998260498 33.6139984130859 31.2709999084473 29.8600006103516 29.9610004425049 29.9309997558594 26.2639999389648 17.6660003662109 15.1129999160767 8.15200042724609 11.7670001983643 12.2670001983643 13.6049995422363 14.0900001525879 16.7859992980957 18.8689994812012 20.9519996643066 23.0349998474121 25.117000579834 30.2350006103516 33.2369995117188 35.5190010070801 36.6839981079102 37.2290000915527 37.3940010070801 38.5219993591309 38.5190010070801 38.5810012817383 38.6339988708496 38.0769996643066 37.4179992675781 37.1100006103516 37.1640014648438 30.7159996032715 11.4469995498657 0.39300000667572 0.36599999666214 0.303000003099442 0.224999994039536
15.9540004730225 17.1060009002686 17.9899997711182 18.5979995727539 20.048999786377 20.7479991912842 24.4740009307861 26.8020000457764 29.2609996795654 29.3549995422363 29.9109992980957 30.0890007019043 30.1009998321533 30.1229991912842 20.9790000915527 18.7509994506836 18.9640007019043 18.25 15.2550001144409 14.2340002059937 14.6669998168945 15.5430002212524 17.8700008392334 20.1319999694824 22.2929992675781 24.4529991149902 26.2569999694824 29.4829998016357 33.7630004882812 35.2509994506836 36.1360015869141 35.9739990234375 35.701000213623 36.0540008544922 37.0929985046387 37.9360008239746 37.5999984741211 37.1879997253418 37.0439987182617 36.8740005493164 29.1490001678467 6.9689998626709 0.709999978542328 0.492000013589859 2.81800007820129 3.11500000953674
16.8600006103516 18.8640003204346 20.6089992523193 20.2189998626709 21.4519996643066 21.7709999084473 22.2450008392334 26.556999206543 29.257999420166 29.548999786377 29.9729995727539 30.1860008239746 30.2390003204346 30.3239994049072 27.3339996337891 22.6240005493164 20.6940002441406 20.201000213623 14.8039999008179 14.0649995803833 14.1899995803833 14.9029998779297 17.2299995422363 19.556999206543 21.8840007781982 23.8850002288818 25.6979999542236 26.4729995727539 29.8190002441406 33.5429992675781 34.9640007019043 34.6220016479492 34.701000213623 35.015998840332 37.1040000915527 37.4630012512207 37.5130004882812 37.2680015563965 36.2109985351562 32.2360000610352 20.378999710083 14.58899974823 1.02900004386902 2.96000003814697 7.13100004196167 11.3020000457764
22.4479999542236 24.2749996185303 23.4220008850098 23.2849998474121 23.7830009460449 23.8999996185303 26.8950004577637 29.1439990997314 30.2719993591309 31.1119995117188 30.056999206543 30.6089992523193 30.7220001220703 30.6079998016357 30.4080009460449 26.7290000915527 21.9769992828369 21.7900009155273 16.6030006408691 13.8660001754761 13.8100004196167 14.2620000839233 16.5890007019043 18.7299995422363 20.3040008544922 22.1159992218018 23.9290008544922 25.7409992218018 28.3680000305176 32.451000213623 34.5950012207031 34.306999206543 34.4309997558594 34.5730018615723 34.9529991149902 35.7519989013672 36.3370018005371 35.7620010375977 34.4529991149902 32.9780006408691 25.2929992675781 20.8959999084473 6.66099977493286 7.76399993896484 9.31599998474121 13.8170003890991
26.818000793457 26.9190006256104 28.2609996795654 29.4209995269775 30.5279998779297 31.2770004272461 31.2129993438721 30.6730003356934 33.8889999389648 35.4199981689453 35.1640014648438 34.4329986572266 33.4249992370605 31.2689990997314 30.8689994812012 30.2759990692139 26.4449996948242 23.1040000915527 19.6119995117188 17.5499992370605 15.4890003204346 13.6490001678467 14.9530000686646 16.7229995727539 19.3509998321533 22.1119995117188 24.8719997406006 27.5179996490479 28.5440006256104 29.5830001831055 33.8030014038086 33.2470016479492 33.4799995422363 33.8540000915527 33.4659996032715 33.9049987792969 34.1710014343262 33.1559982299805 32.6860008239746 31.4069995880127 29.1429996490479 21.511999130249 17.4640007019043 18.5659999847412 19.6690006256104 20.7709999084473
19.5349998474121 18.8449993133545 29.6399993896484 32.3619995117188 34.1920013427734 34.4039993286133 35.4210014343262 35.1069984436035 36.5069999694824 36.0900001525879 35.8580017089844 35.7770004272461 35.5460014343262 33.5820007324219 31.6040000915527 30.6849994659424 29.8770008087158 28.4799995422363 25.1429996490479 22.5310001373291 18.0650005340576 14.2069997787476 15.8549995422363 18.6149997711182 21.3759994506836 24.1359996795654 26.5410003662109 27.5799999237061 28.6200008392334 29.6599998474121 30.6989994049072 32.9039993286133 32.2960014343262 33.1049995422363 34.2050018310547 34.7729988098145 34.3339996337891 32.9230003356934 31.0979995727539 30.5809993743896 29 28.5599994659424 26.9720001220703 25.1049995422363 23.238000869751 21.371000289917
13.5740003585815 17.0020008087158 24.0240001678467 32.3610000610352 34.5830001831055 34.439998626709 36.1040000915527 37.1349983215332 37.2000007629395 37.2109985351562 37.939998626709 36.9389991760254 35.140998840332 34.0369987487793 32.3959999084473 30.9230003356934 30.1000003814697 29.6630001068115 28.4419994354248 25.625 10.8579998016357 14.0120000839233 17.878999710083 20.6399993896484 23.4009990692139 25.5769996643066 26.617000579834 27.6560001373291 28.6959991455078 29.7360000610352 30.7749996185303 32.4309997558594 32.6300010681152 33.2410011291504 33.9889984130859 34.6749992370605 34.7089996337891 31.6299991607666 30.1679992675781 29.9209995269775 29.2639999389648 28.8369998931885 26.2830009460449 24.4160003662109 22.548999786377 20.681999206543
22.7700004577637 26.2350006103516 32.0900001525879 34.7190017700195 34.7799987792969 36.1640014648438 37.4280014038086 37.1080017089844 37.3619995117188 38.1310005187988 37.7050018310547 36.4379997253418 36.1969985961914 36.5979995727539 35.7150001525879 33.2750015258789 30.3700008392334 29.375 28.4990005493164 26.8770008087158 2.56900000572205 13.3549995422363 19.9039993286133 22.6650009155273 24.6140003204346 25.6529998779297 26.693000793457 27.7329998016357 28.7719993591309 29.8120002746582 30.7759990692139 31.6240005493164 32.4809989929199 33.1220016479492 33.7519989013672 34.1879997253418 33.757999420166 32.2319984436035 30.7049999237061 30.1000003814697 29.57200050354 28.8139991760254 25.9340000152588 23.7269992828369 21.8600006103516 19.9930000305176
29.8859996795654 30.556999206543 31.3990001678467 34.5960006713867 34.6279983520508 34.7109985351562 37.7000007629395 38.2760009765625 37.9459991455078 38.9420013427734 39.2019996643066 37.6230010986328 37.4259986877441 37.3380012512207 37.5029983520508 35.0900001525879 32.2389984130859 29.1019992828369 27.75 25.1149997711182 17.4650001525879 15.6070003509521 21.9290008544922 23.6499996185303 24.6900005340576 25.7290000915527 26.6310005187988 27.4799995422363 28.3290004730225 29.1770000457764 30.0259990692139 30.875 31.9529991149902 32.6189994812012 33.0900001525879 33.5069999694824 33.3289985656738 32.2700004577637 31.30299949646 30.7830009460449 29.8360004425049 25.9449996948242 25.9109992980957 23.0380001068115 21.1709995269775 19.3040008544922
30.4290008544922 30.4130001068115 32.5110015869141 34.0110015869141 35.1809997558594 37.6399993896484 38.6749992370605 38.923999786377 39.1669998168945 39.6790008544922 39.6749992370605 39.5320014953613 38.648998260498 37.8580017089844 36.9980010986328 35.6319999694824 33.1679992675781 29.7129993438721 26.5219993591309 23.5879993438721 23.4740009307861 23.1089992523193 22.6660003662109 23.2329998016357 24.1340007781982 25.0330009460449 25.8819999694824 26.7299995422363 27.5790004730225 28.42799949646 29.2759990692139 30.125 31.5130004882812 32.1870002746582 32.265998840332 32.326000213623 32.2229995727539 31.7189998626709 30.9799995422363 30.5049991607666 29.4489994049072 22.17799949646 22.3379993438721 22.9130001068115 20.4820003509521 19.0289993286133
30.613000869751 30.4379997253418 32.8139991760254 33.9879989624023 36.0260009765625 37.6699981689453 38.5419998168945 38.9640007019043 39.5940017700195 39.8740005493164 39.8730010986328 39.8320007324219 39.5639991760254 38.8889999389648 37.5470008850098 36.3969993591309 33.8129997253418 30.7910003662109 26.2560005187988 23.6380004882812 23.3819999694824 23.1219997406006 21.9729995727539 21.9039993286133 22.8050003051758 23.7049999237061 24.6060009002686 25.5060005187988 26.4069995880127 27.306999206543 28.2080001831055 29.0270004272461 30.7810001373291 31.3309993743896 31.3369998931885 31.57200050354 31.621000289917 31.1310005187988 30.4440002441406 26.7189998626709 24.4669990539551 21.2649993896484 20.5620002746582 19.9169998168945 19.3059997558594 21.3250007629395
30.69700050354 30.5209999084473 32.8209991455078 35.6059989929199 36.3889999389648 37.3289985656738 38.4249992370605 39.1889991760254 39.7709999084473 40.1549987792969 40.1419982910156 39.8450012207031 39.2060012817383 38.6839981079102 37.742000579834 36.689998626709 33.5800018310547 32.8050003051758 28.4720001220703 23.6749992370605 23.3850002288818 22.4839992523193 21.2800006866455 20.2859992980957 21.4759998321533 22.3759994506836 23.2770004272461 24.1770000457764 25.0779991149902 25.9780006408691 26.878999710083 27.5209999084473 28.431999206543 29.1149997711182 29.92799949646 30.681999206543 29.4419994354248 29.5599994659424 26.4720001220703 18.0189990997314 18.757999420166 19.6310005187988 20.1380004882812 19.4360008239746 18.9570007324219 19.125
