02_asc_chm-r50m/BR21X5.asc
NCOLS 201 
NROWS 200 
XLLCORNER 530745 
YLLCORNER 5288143.5 
CELLSIZE 0.5 
NODATA_value -3.4e+38 
[rows 100 to 119 of 200, columns 92 to 137 of 201]
35.0060005187988 33.939998626709 28.6809997558594 28.3239994049072 26.3309993743896 26.0209999084473 24.5069999694824 24.3999996185303 23.8250007629395 22.886999130249 23.8229999542236 23.8080005645752 23.0839996337891 23.7639999389648 25.1450004577637 25.621000289917 24.628999710083 24.6399993896484 24.6280002593994 23.8320007324219 22.8449993133545 21.0270004272461 19.0830001831055 17.9990005493164 17.5279998779297 16.4060001373291 2.44300007820129 4.64699983596802 9.03600025177002 11.4610004425049 14.3039999008179 14.8990001678467 15.2480001449585 14.0270004272461 13.9060001373291 15.4060001373291 14.9670000076294 17.4330005645752 20.8330001831055 22.6259994506836 23.6690006256104 29.6310005187988 29.6499996185303 33.2610015869141 36.0909996032715 36.6520004272461
37.3009986877441 36.306999206543 32.5089988708496 29.9850006103516 27.5839996337891 27.1450004577637 24.757999420166 23.181999206543 22.8959999084473 22.6229991912842 22.3379993438721 20.1280002593994 20.2119998931885 20.7399997711182 22.3010005950928 23.3819999694824 23.2339992523193 23.3239994049072 23.4860000610352 22.8439998626709 20.7269992828369 20.5160007476807 19.4330005645752 18.7770004272461 16.8360004425049 15.1700000762939 8.5620002746582 5.51000022888184 11.4890003204346 13.8800001144409 14.4169998168945 15.0729999542236 15.5959997177124 15.673999786377 16.2709999084473 15.9329996109009 15.7930002212524 14.8170003890991 17.3159999847412 18.443000793457 22.67799949646 28.7530002593994 28.8379993438721 33.7060012817383 35.5369987487793 35.8190002441406
38.0660018920898 37.2999992370605 37.0589981079102 33.7169990539551 31.0049991607666 28.8479995727539 29.0049991607666 24.8430004119873 22.1480007171631 22.25 21.943000793457 19.2399997711182 18.7590007781982 18.7569999694824 19.1989994049072 21.568000793457 22.2280006408691 21.923999786377 22.4680004119873 21.9270000457764 19.7229995727539 19.431999206543 19.4169998168945 19.2320003509521 16.3810005187988 14.3760004043579 10.2620000839233 8.03699970245361 12.2130002975464 14.7320003509521 14.6960000991821 15.5819997787476 16.2229995727539 16.8980007171631 17.0359992980957 16.3159999847412 16.0450000762939 14.4910001754761 14.3070001602173 16.5629997253418 22.1280002593994 26.2509994506836 26.9029998779297 27.4349994659424 34.5320014953613 34.7470016479492
38.4910011291504 38.2599983215332 38.1100006103516 36.859001159668 36.0209999084473 34.0449981689453 32.2270011901855 26.1410007476807 20.6259994506836 19.4570007324219 15.5200004577637 16.6569995880127 18.367000579834 18.4150009155273 18.1609992980957 19.1760005950928 19.9489994049072 19.9419994354248 19.8729991912842 19.3980007171631 19.05299949646 19.0939998626709 18.9930000305176 18.1860008239746 16.0590000152588 13.6040000915527 9.85400009155273 8.40499973297119 12.2480001449585 15.7650003433228 16.5510005950928 16.7670001983643 17.068000793457 17.3700008392334 17.4790000915527 16.7019996643066 15.8800001144409 14.9820003509521 15.5319995880127 20.0650005340576 23.2880001068115 25.2399997711182 25.9080009460449 27.5550003051758 30.7059993743896 31.0179996490479
38.8610000610352 38.8129997253418 38.7290000915527 38.7529983520508 37.2140007019043 36.8429985046387 31.0559997558594 26.4409999847412 19.0060005187988 16.7749996185303 14.0480003356934 13.5710000991821 16.3460006713867 17.6429996490479 18.2059993743896 18.9909992218018 19.2199993133545 19.6149997711182 19.3040008544922 19.056999206543 18.7600002288818 18.8799991607666 17.0510005950928 16.0809993743896 14.7480001449585 7.18100023269653 6.51599979400635 10.4329996109009 13.5640001296997 15.951000213623 17.4409999847412 18.2800006866455 18.9799995422363 18.7970008850098 18.3980007171631 18.318000793457 15.539999961853 15.6960000991821 15.7030000686646 12.9619998931885 15.4130001068115 18.7189998626709 18.9650001525879 23.056999206543 25.8159999847412 27.7600002288818
39.4249992370605 39.2190017700195 38.9290008544922 39.0509986877441 36.7509994506836 36.3800010681152 33.2369995117188 28.1429996490479 20.4459991455078 13.2119998931885 11.9820003509521 11.6169996261597 13.4069995880127 15.6730003356934 16.7490005493164 18.5289993286133 18.8600006103516 19.2689990997314 18.3080005645752 18.5240001678467 18.6520004272461 18.738000869751 17.7250003814697 12.7360000610352 9.08699989318848 3.91300010681152 4.82200002670288 12.46399974823 15.3879995346069 16.2660007476807 17.451000213623 18.3390007019043 19.3439998626709 19.7520008087158 18.9209995269775 18.3400001525879 16.9720001220703 15.6309995651245 15.4359998703003 10.9879999160767 8.65200042724609 7.68900012969971 10.1319999694824 17.6259994506836 22.3229999542236 25.9260005950928
40.0670013427734 39.0270004272461 39.1220016479492 38.1199989318848 36.1689987182617 35.9819984436035 33.7760009765625 29.673999786377 18.5639991760254 10.6969995498657 10.121000289917 9.40900039672852 10.5349998474121 13.8719997406006 15.7790002822876 18.0200004577637 18.6000003814697 18.0869998931885 17.6410007476807 17.7350006103516 17.7929992675781 17.7240009307861 16.5330009460449 13.6190004348755 6.72499990463257 0.319999992847443 1.18799996376038 8.8430004119873 14.9949998855591 16.3080005645752 17.1410007476807 18.496000289917 19.7849998474121 20.2059993743896 19.2730007171631 18.1140003204346 17.0590000152588 15.7569999694824 14.7600002288818 11.3409996032715 9.03400039672852 7.56500005722046 7.3270001411438 14.8870000839233 14.3269996643066 23.6420001983643
40.9990005493164 39.826000213623 39.4889984130859 39.5769996643066 35.4389991760254 34.6559982299805 32.0999984741211 27.3719997406006 17.7479991912842 11.4449996948242 8.90100002288818 8.33699989318848 8.24699974060059 8.21000003814697 14.8439998626709 16.9290008544922 16.806999206543 16.7099990844727 16.1499996185303 15.7349996566772 14.8920001983643 16.3490009307861 15.5559997558594 10.0900001525879 5.94899988174438 1.49100005626678 7.58599996566772 12.1680002212524 13.8039999008179 16.1189994812012 16.9680004119873 17.867000579834 19.4650001525879 19.4290008544922 18.1749992370605 17.1630001068115 16.3950004577637 14.0450000762939 11.8959999084473 10.8660001754761 10.043999671936 9.23799991607666 8.12199974060059 4.60599994659424 0.820999979972839 0.842999994754791
41.4000015258789 40.1080017089844 39.7050018310547 38.1720008850098 35.5110015869141 34.3790016174316 31.238000869751 26.878999710083 10.5520000457764 9.68900012969971 23.0160007476807 16.2980003356934 8.88300037384033 12.9980001449585 17.4669990539551 12.2370004653931 11.5389995574951 10.9169998168945 13.6000003814697 13.4219999313354 12.048999786377 14.3290004730225 13.6160001754761 9.07900047302246 5.35699987411499 3.91400003433228 7.41599988937378 12.4630002975464 12.9130001068115 15.8149995803833 16.3530006408691 16.8309993743896 17.6399993896484 17.9619998931885 17.3460006713867 16.4300003051758 15.4499998092651 15.2609996795654 12.3669996261597 11.4499998092651 9.95499992370605 8.36100006103516 2.30200004577637 1.70700001716614 0.656000018119812 0.602999985218048
40.6020011901855 39.898998260498 39.3199996948242 38.7319984436035 37.2529983520508 32.6230010986328 27.3740005493164 28.2290000915527 24.3640003204346 21.0860004425049 26.2689990997314 26.6149997711182 22.3169994354248 23.6889991760254 23.9090003967285 13.3780002593994 8.47399997711182 9.375 7.99399995803833 7.30399990081787 7.54099988937378 8.875 10.5900001525879 9.32699966430664 7.77899980545044 6.33699989318848 7.06899976730347 6.33599996566772 9.58899974822998 14.5340003967285 14.6040000915527 15.5310001373291 16.4029998779297 16.8579998016357 16.7900009155273 15.8129997253418 14.91100025177 14.5939998626709 13.2130002975464 11.5950002670288 9.43900012969971 8.29100036621094 4.24599981307983 0.638999998569489 0.573000013828278 0.560999989509583
39.4379997253418 38.8720016479492 38.4440002441406 37.6030006408691 36.5699996948242 35.4119987487793 30.5729999542236 29.6410007476807 29.8190002441406 26.9090003967285 27.7259998321533 29.2630004882812 29.8780002593994 28.1760005950928 25.2980003356934 15.2410001754761 5.72900009155273 4.43499994277954 0.888000011444092 1.03699994087219 1.42999994754791 5.46799993515015 8.22700023651123 9.71399974822998 8.53299999237061 7.35200023651123 6.49900007247925 6.40100002288818 7.22700023651123 8.43000030517578 13.21399974823 14.6219997406006 15.423999786377 16.3729991912842 15.3920001983643 14.71399974823 14.4259996414185 13.8900003433228 13.2340002059937 10.9729995727539 9.35900020599365 7.22900009155273 4.19700002670288 0.897000014781952 0.490000009536743 0.532999992370605
39.0120010375977 38.4879989624023 38.0540008544922 37.9459991455078 36.8499984741211 32.560001373291 33.2330017089844 32.2760009765625 31.6270008087158 31.2320003509521 31.1019992828369 30.7689990997314 30.0860004425049 28.7430000305176 29.367000579834 16.7490005493164 2.97199988365173 0.619000017642975 0.626999974250793 0.671000003814697 1.34099996089935 2.32699990272522 4.68200016021729 9.57999992370605 8.43000030517578 7.37900018692017 7.00299978256226 6.5 6.57999992370605 5.78900003433228 14.003999710083 14.085000038147 14.78600025177 15.0959997177124 13.5200004577637 13.3579998016357 13.9180002212524 13.5100002288818 11.9020004272461 10.0080003738403 8.61600017547607 7.40000009536743 5.44899988174438 2.25600004196167 0.521000027656555 0.564000010490417
38.6069984436035 36.8779983520508 36.9360008239746 37.2490005493164 34.1100006103516 28.1639995574951 32.8979988098145 33.5550003051758 33.2360000610352 32.9570007324219 32.3950004577637 31.9029998779297 31.8460006713867 31.3889999389648 31.1700000762939 20.5559997558594 5.81500005722046 0.308999985456467 0.263000011444092 0.711000025272369 3.375 1.67299997806549 1.13699996471405 7.51300001144409 8.32600021362305 7.84200000762939 7.27400016784668 6.46099996566772 5.7979998588562 3.72000002861023 10.081000328064 13.1680002212524 13.9250001907349 12.3199996948242 12.9069995880127 11.4540004730225 12.0989999771118 11.9980001449585 10.375 8.8100004196167 7.9689998626709 5.82999992370605 3.94199991226196 1.88100004196167 0.601000010967255 0.476999998092651
37.6240005493164 34.7229995727539 35.7060012817383 35.8079986572266 35.1650009155273 33.0289993286133 33.9980010986328 34.298999786377 34.3549995422363 33.8720016479492 34.1479988098145 34.7379989624023 34.5190010070801 33.310001373291 32.0699996948242 30.5799999237061 19.8299999237061 8.64000034332275 3.62100005149841 0.164000004529953 4.81500005722046 8.00399971008301 7.70100021362305 9.66600036621094 8.5930004119873 7.62200021743774 6.74399995803833 6.44299983978271 6.14099979400635 6.51300001144409 8.72900009155273 10.0120000839233 11.0579996109009 8.66100025177002 9.0649995803833 10.1619997024536 9.63300037384033 9.68099975585938 8.25800037384033 7.66499996185303 5.25899982452393 2.47399997711182 0.503000020980835 0.601000010967255 0.488000005483627 0.476000010967255
32.1689987182617 31.1919994354248 34.2980003356934 33.4539985656738 33.0190010070801 34.0470008850098 34.3219985961914 34.951000213623 35.6780014038086 36.3849983215332 36.0989990234375 35.4889984130859 34.5929985046387 32.3120002746582 32.7630004882812 29.8929996490479 28.1770000457764 20.3490009307861 8.83699989318848 2.58899998664856 9.86299991607666 13.3020000457764 11.9280004501343 10.0240001678467 8.04699993133545 7.02699995040894 6.72900009155273 6.27299976348877 5.15199995040894 6.74900007247925 7.67500019073486 7.60500001907349 7.7519998550415 7.03200006484985 8.47799968719482 8.89599990844727 8.88399982452393 7.26700019836426 4.67899990081787 3.63800001144409 1.43099999427795 0.275000005960464 0.448000013828278 0.474000006914139 0.437000006437302 0.433999985456467
25.5970001220703 28.0279998779297 30.113000869751 30.7560005187988 31.2600002288818 33.1619987487793 34.2249984741211 34.9160003662109 35.8740005493164 36.3540000915527 36.7239990234375 35.9119987487793 34.8349990844727 31.5869998931885 29.3560009002686 28.6450004577637 25.8939990997314 14.6879997253418 1.35000002384186 5.71700000762939 10.0939998626709 13.5509996414185 13.3269996643066 11.5220003128052 9.0939998626709 6.41699981689453 4.25899982452393 3.13800001144409 3.2590000629425 4.06199979782104 6.49399995803833 6.71799993515015 4.92999982833862 5.28499984741211 7.58099985122681 7.7189998626709 7.78499984741211 2.70499992370605 2.13499999046326 0.372000008821487 0.289000004529953 0.354000002145767 0.546999990940094 0.531000018119812 0.395000010728836 0.275000005960464
25.4479999542236 26.9519996643066 29.5249996185303 29.6909999847412 30.8910007476807 32.9550018310547 34.3370018005371 35.3139991760254 35.9189987182617 37.4269981384277 37.4119987487793 36.1570014953613 36.2039985656738 34.6269989013672 28.7119998931885 27.9589996337891 25.9890003204346 1.03999996185303 4.47700023651123 10.08899974823 15.6800003051758 12.2569999694824 12.3280000686646 9.80599975585938 8.61800003051758 7.45599985122681 4.70699977874756 1.73099994659424 0.76800000667572 1.07299995422363 1.17799997329712 3.93400001525879 1.69799995422363 3.00200009346008 5.83699989318848 6.59299993515015 5.60400009155273 1.01499998569489 0.490000009536743 0.46399998664856 0.395000010728836 0.493999987840652 0.660000026226044 0.629999995231628 0.437000006437302 0.245000004768372
21.3449993133545 23.2320003509521 27.9090003967285 30.621000289917 31.5249996185303 33.8839988708496 35.6920013427734 36.117000579834 37.625 38.2830009460449 37.7330017089844 36.7369995117188 36.7480010986328 35.7389984130859 31.5419998168945 30.3640003204346 19.6889991760254 6.33199977874756 14.5570001602173 19.8990001678467 20.2150001525879 6.58099985122681 7.61999988555908 9.24199962615967 8.08300018310547 6.89400005340576 4.63700008392334 1.75300002098083 0.702000021934509 0.976000010967255 0.929000020027161 0.658999979496002 0.893999993801117 2.61800003051758 3.84400010108948 3.04099988937378 2.4300000667572 0.282999992370605 0.518999993801117 0.523000001907349 0.437999993562698 0.583999991416931 0.609000027179718 0.640999972820282 0.5 0.30799999833107
18.386999130249 19.05299949646 21.0620002746582 28.3470001220703 31.621000289917 34.1500015258789 35.9169998168945 37.0730018615723 38.9339981079102 38.7910003662109 38.4249992370605 37.2239990234375 36.6759986877441 34.3489990234375 33.7039985656738 31.6280002593994 26.8479995727539 24.0279998779297 22.3349990844727 22.0370006561279 22.1599998474121 11.2720003128052 0.870999991893768 4.62599992752075 6.11899995803833 4.89499998092651 2.84599995613098 0.796000003814697 0.442999988794327 0.800999999046326 0.846000015735626 0.521000027656555 0.549000024795532 1.53999996185303 1.77100002765656 0.358999997377396 0.221000000834465 0.114000000059605 0.296999990940094 0.500999987125397 0.38400000333786 0.477999985218048 0.517000019550323 0.579999983310699 0.563000023365021 0.375
11.1730003356934 14.6490001678467 20.6040000915527 28.3729991912842 33.423999786377 34.6829986572266 36.0040016174316 37.5279998779297 38.6360015869141 38.4189987182617 37.9020004272461 37.1300010681152 36.5400009155273 34.3979988098145 33.7750015258789 33.5940017700195 28.8460006713867 25.7269992828369 23.1599998474121 21.9440002441406 22.2240009307861 14.6319999694824 3.03399991989136 2.21000003814697 3.23499989509583 2.87599992752075 1.7960000038147 0.298000007867813 0.330000013113022 0.363000005483627 0.372999995946884 0.312000006437302 0.365000009536743 0.462999999523163 0.400999993085861 0.391000002622604 0.300999999046326 0.210999995470047 0.120999999344349 0.33500000834465 0.388000011444092 0.370999991893768 0.419999986886978 0.483999997377396 0.547999978065491 0.48199999332428
