02_asc_chm-r50m/BR211Y.asc
NCOLS 200 
NROWS 200 
XLLCORNER 530252.5 
YLLCORNER 5287503.5 
CELLSIZE 0.5 
NODATA_value -3.4e+38 
[rows 0 to 19 of 200, columns 92 to 137 of 200]
-3.4e+38 -3.4e+38 -3.4e+38 -3.4e+38 22.511999130249 21.3740005493164 20.2369995117188 14.4209995269775 6.625 -3.4e+38 -3.4e+38 -3.4e+38 -3.4e+38 -3.4e+38 -3.4e+38 -3.4e+38 -3.4e+38 -3.4e+38 -3.4e+38 -3.4e+38 -3.4e+38 -3.4e+38 -3.4e+38 -3.4e+38 -3.4e+38 -3.4e+38 -3.4e+38 -3.4e+38 -3.4e+38 -3.4e+38 -3.4e+38 -3.4e+38 -3.4e+38 -3.4e+38 -3.4e+38 -3.4e+38 -3.4e+38 -3.4e+38 -3.4e+38 -3.4e+38 -3.4e+38 -3.4e+38 -3.4e+38 -3.4e+38 -3.4e+38 -3.4e+38
29.556999206543 29.9340000152588 24.6439990997314 23.1000003814697 23.3449993133545 23.3490009307861 22.128999710083 19.1800003051758 1.30099999904633 0.444999992847443 0.512000024318695 0.479999989271164 0.446999996900558 0.41499999165535 0.382999986410141 0.368000000715256 3.4760000705719 -3.4e+38 -3.4e+38 -3.4e+38 -3.4e+38 -3.4e+38 -3.4e+38 -3.4e+38 -3.4e+38 -3.4e+38 -3.4e+38 -3.4e+38 -3.4e+38 -3.4e+38 -3.4e+38 -3.4e+38 -3.4e+38 -3.4e+38 -3.4e+38 -3.4e+38 -3.4e+38 -3.4e+38 -3.4e+38 -3.4e+38 -3.4e+38 -3.4e+38 -3.4e+38 -3.4e+38 -3.4e+38 -3.4e+38
30.6770000457764 28.6110000610352 25.6979999542236 23.8020000457764 24.3740005493164 24.0319995880127 22.8759994506836 21.636999130249 9.28499984741211 0.421999990940094 0.519999980926514 0.486999988555908 0.455000013113022 0.421999990940094 0.368000000715256 0.316000014543533 1.00600004196167 5.49700021743774 9.98799991607666 12.0500001907349 12.1920003890991 12.3599996566772 13.6809997558594 16.7290000915527 25.9899997711182 -3.4e+38 -3.4e+38 -3.4e+38 -3.4e+38 -3.4e+38 -3.4e+38 -3.4e+38 -3.4e+38 -3.4e+38 -3.4e+38 -3.4e+38 -3.4e+38 -3.4e+38 -3.4e+38 -3.4e+38 -3.4e+38 -3.4e+38 -3.4e+38 -3.4e+38 -3.4e+38 -3.4e+38
19.4349994659424 22.0909996032715 23.5610008239746 23.9300003051758 23.9599990844727 23.5839996337891 22.1849994659424 16.3080005645752 15.9049997329712 6.65199995040894 0.499000012874603 0.493999987840652 0.462000012397766 0.41499999165535 0.337000012397766 0.263000011444092 0.237000003457069 4.0460000038147 8.12399959564209 10.0930004119873 11.9160003662109 12.4790000915527 16.318000793457 28.5669994354248 28.242000579834 28.3129997253418 32.6749992370605 33.7910003662109 30.8799991607666 33.1389999389648 30.636999130249 -3.4e+38 -3.4e+38 -3.4e+38 -3.4e+38 -3.4e+38 -3.4e+38 -3.4e+38 -3.4e+38 -3.4e+38 -3.4e+38 -3.4e+38 -3.4e+38 -3.4e+38 -3.4e+38 -3.4e+38
23.4179992675781 23.1949996948242 23.3509998321533 23.7339992523193 23.753999710083 23.7169990539551 14.6470003128052 6.46000003814697 8.88300037384033 7.54300022125244 3.36299991607666 0.500999987125397 0.462000012397766 0.38400000333786 0.305999994277954 0.228000000119209 0.187999993562698 1.65799999237061 4.41400003433228 5.06599998474121 7.37099981307983 11.8120002746582 16.3330001831055 24.2059993743896 27.7810001373291 29.5100002288818 31.6620006561279 32.2509994506836 33.0219993591309 33.476001739502 33.7029991149902 31.7089996337891 32.0379981994629 27.7140007019043 19.8770008087158 19.9619998931885 -3.4e+38 -3.4e+38 -3.4e+38 -3.4e+38 -3.4e+38 -3.4e+38 -3.4e+38 -3.4e+38 -3.4e+38 -3.4e+38
24.5279998779297 23.3050003051758 23.0200004577637 23.181999206543 23.19700050354 23.0060005187988 13.8500003814697 0.196999996900558 0.210999995470047 1.45899999141693 0.45100000500679 0.453999996185303 0.418999999761581 0.340999990701675 0.263000011444092 0.185000002384186 0.241999998688698 0.215000003576279 0.517000019550323 0.238999992609024 2.36299991607666 9.32499980926514 14.7040004730225 20.4950008392334 24.8719997406006 27.2399997711182 29.3400001525879 29.9710006713867 30.2779998779297 28.2019996643066 28.9349994659424 28.2339992523193 28.6140003204346 24.5990009307861 18.632999420166 19.0349998474121 19.9790000915527 15.9139995574951 15.6319999694824 -3.4e+38 -3.4e+38 -3.4e+38 -3.4e+38 -3.4e+38 -3.4e+38 -3.4e+38
24.0690002441406 23.6539993286133 23.1490001678467 22.5750007629395 22.6809997558594 22.4769992828369 13.6590003967285 0.342999994754791 0.203999996185303 0.142000004649162 2.53099989891052 0.252999991178513 0.273000001907349 0.250999987125397 0.172000005841255 0.252000004053116 0.319000005722046 0.300000011920929 0.244000002741814 0.737999975681305 3.26900005340576 8.1870002746582 14.3159999847412 17.6350002288818 21.121000289917 23.4360008239746 24.3299999237061 27.3910007476807 30.1000003814697 30.3139991760254 22.5219993591309 21.6380004882812 21.6000003814697 16.9029998779297 10.5209999084473 10.1829996109009 11.5740003585815 5.6230001449585 5.02600002288818 7.25299978256226 10.8970003128052 -3.4e+38 -3.4e+38 -3.4e+38 -3.4e+38 -3.4e+38
23.4850006103516 23.4990005493164 22.6189994812012 21.617000579834 21 16.4130001068115 4.14799976348877 2.54800009727478 0.225999996066093 0.153999999165535 5.69000005722046 6.56899976730347 1.50699996948242 4.09200000762939 5.85799980163574 0.319999992847443 0.370999991893768 0.349000006914139 0.321000009775162 2.35500001907349 7.38100004196167 11.0270004272461 15.0019998550415 16.0960006713867 18.9160003662109 21.9440002441406 23.2469997406006 23.8759994506836 27.9479999542236 26.443000793457 21.0149993896484 19.7919998168945 16.9160003662109 8.79699993133545 0.573000013828278 0.492000013589859 0.368000000715256 0.140000000596046 0.178000003099442 0.172000005841255 0.223000004887581 0.291000008583069 8.33800029754639 -3.4e+38 -3.4e+38 -3.4e+38
22.7450008392334 22.5909996032715 20.3250007629395 15.78600025177 11.3540000915527 3.90199995040894 11.1090002059937 13.5559997558594 9.77400016784668 0.165000006556511 5.99499988555908 15.6680002212524 14.7810001373291 19.2719993591309 19.8139991760254 12.5109996795654 0.477999985218048 0.469999998807907 0.606000006198883 3.97300004959106 8.2790002822876 9.03299999237061 14.8210000991821 17.2970008850098 18.6560001373291 19.3110008239746 21.8780002593994 22.7840003967285 22.7220001220703 21.2099990844727 20.632999420166 18.9950008392334 15.6599998474121 6.13700008392334 1.33299994468689 1.01400005817413 0.541999995708466 0.133000001311302 0.187999993562698 0.48199999332428 0.409000009298325 0.515999972820282 0.930000007152557 1.52699995040894 5.77899980545044 16.5310001373291
21.2180004119873 16.7049999237061 7.74599981307983 5.38399982452393 0.163000002503395 9.5930004119873 17.1359996795654 18.4230003356934 18.7409992218018 14.1820001602173 8.84000015258789 15.3760004043579 19.2220001220703 20.2880001068115 20.3889999389648 17.9479999542236 3.31900000572205 2.75699996948242 2.65100002288818 1.79900002479553 1.54100000858307 0.330000013113022 14.5979995727539 16.6720008850098 18.2679996490479 18.7240009307861 19.2900009155273 20.6809997558594 21.1760005950928 18.8549995422363 18.25 18.2469997406006 13.0559997558594 3.42000007629395 1.6599999666214 1.20700001716614 0.693000018596649 0.180000007152557 0.187000006437302 1.25100004673004 1.88300001621246 1.75300002098083 2.17799997329712 2.72699999809265 2.80299997329712 2.8840000629425
19.7350006103516 17.4209995269775 6.53000020980835 0.43299999833107 3.04500007629395 13.168999671936 16.7259998321533 20.2040004730225 21.5750007629395 23.1870002746582 20.3889999389648 20.761999130249 21.4580001831055 23.6100006103516 22.1539993286133 21.4839992523193 15.2130002975464 16.3299999237061 17.0960006713867 12.0609998703003 2.57800006866455 5.06400012969971 11.7799997329712 16.0620002746582 16.9479999542236 17.7789993286133 18.5979995727539 19.0279998779297 18.9060001373291 17.7369995117188 17.8390007019043 12.1440000534058 1.73800003528595 1.6710000038147 1.46599996089935 1.17700004577637 0.800999999046326 0.331000000238419 0.507000029087067 1.54700005054474 2.03500008583069 2.03900003433228 2.38700008392334 2.36500000953674 2.37599992752075 2.6949999332428
18.2530002593994 17.3819999694824 7.24599981307983 4.29400014877319 11.3470001220703 17.8579998016357 18.4829998016357 21.0470008850098 23.4249992370605 25.1439990997314 25.8050003051758 24.7070007324219 23.8159999847412 24.8759994506836 25.3530006408691 24.2369995117188 22.4990005493164 22.2140007019043 11.4029998779297 10.7980003356934 1.78600001335144 5.20900011062622 10.503999710083 13.6510000228882 13.701000213623 14.6820001602173 17.2399997711182 15.9879999160767 14.2170000076294 11.1149997711182 7.73799991607666 1.2039999961853 1.36500000953674 0.86599999666214 0.652999997138977 0.363000005483627 0.211999997496605 0.312000006437302 1.53400003910065 2.32299995422363 2.28699994087219 1.61800003051758 1.60500001907349 1.55200004577637 3.53600001335144 4.0019998550415
16.6140003204346 15.8999996185303 13.4580001831055 16.9589996337891 18.5919990539551 18.7730007171631 19.4190006256104 21.5919990539551 23.0559997558594 25.8540000915527 27.1919994354248 27.2900009155273 25.742000579834 25.4220008850098 25.7770004272461 25.2819995880127 23.3269996643066 14.8470001220703 1.32700002193451 2.35400009155273 3.01300001144409 3.20799994468689 6.85799980163574 10.793999671936 10.9270000457764 11.923999786377 13.0749998092651 12 6.93400001525879 1.27400004863739 1.4650000333786 3.07599997520447 3.51699995994568 3.48200011253357 1.80599999427795 0.305999994277954 0.28999999165535 0.680000007152557 1.46000003814697 1.97399997711182 1.28900003433228 1.20899999141693 1.15600001811981 3.38899993896484 6.53000020980835 8.30099964141846
12.8369998931885 13.3269996643066 16.6110000610352 17.6630001068115 19.2119998931885 19.8600006103516 21.0919990539551 21.5659999847412 23.1569995880127 26.1599998474121 27.181999206543 27.5130004882812 27.0499992370605 26.3640003204346 26.8150005340576 27.0429992675781 23.9349994659424 18.5440006256104 4.94899988174438 2.2409999370575 2.93199992179871 2.86999988555908 2.87700009346008 3.45700001716614 4.22599983215332 6.15399980545044 6.31599998474121 4.28200006484985 3.43300008773804 2.92600011825562 2.8970000743866 4.44999980926514 4.52600002288818 4.36899995803833 3.33999991416931 0.333000004291534 0.372999995946884 0.41499999165535 0.744000017642975 0.948000013828278 0.335999995470047 0.978999972343445 0.977999985218048 4.00799989700317 8.32600021362305 11.8839998245239
7.54099988937378 10.8719997406006 17.2759990692139 19.4909992218018 21.2229995727539 20.7689990997314 21.0990009307861 21.7240009307861 24.4130001068115 25.7740001678467 26.8999996185303 27.0769996643066 27.4589996337891 27.3349990844727 27.4969997406006 27.7229995727539 25.5970001220703 22.9060001373291 15.7370004653931 3.23900008201599 3.11199998855591 3.23699998855591 2.88499999046326 3.20600008964539 3.99799990653992 4.42799997329712 4.31199979782104 4.5310001373291 4.85200023651123 4.01700019836426 3.66599988937378 4.21799993515015 4.36999988555908 4.20100021362305 1.29299998283386 0.648000001907349 0.430999994277954 0.416000008583069 0.418999999761581 0.508000016212463 0.321000009775162 0.749000012874603 0.861000001430511 4.62599992752075 8.94400024414062 13.2620000839233
4.85599994659424 9.63300037384033 17.568000793457 22.5970001220703 23.3120002746582 23.2159996032715 23.9139995574951 25.5030002593994 26.8950004577637 27.1040000915527 27.367000579834 27.7329998016357 27.6720008850098 27.9139995574951 27.9449996948242 27.9179992675781 25.0860004425049 22.6760005950928 21.8159999847412 16.6949996948242 8.9689998626709 2.83599996566772 2.44899988174438 2.85500001907349 3.76200008392334 4.59700012207031 5.07600021362305 6.36100006103516 6.09600019454956 5.15000009536743 4.15000009536743 3.67000007629395 3.93099999427795 4.08199977874756 4.1399998664856 1.58700001239777 0.352999985218048 0.247999995946884 0.232999995350838 0.507000029087067 0.398000001907349 0.624000012874603 0.926999986171722 5.23600006103516 9.51599979400635 13.7969999313354
1.28199994564056 8.39099979400635 16.8020000457764 21.2360000610352 24.4489994049072 25.0790004730225 26.1989994049072 27.2999992370605 27.4459991455078 28.636999130249 28.9909992218018 29.4839992523193 29.1830005645752 28.673999786377 28.181999206543 28.2439994812012 24.4120006561279 23.0450000762939 23.4090003967285 20.5419998168945 16.056999206543 6.55999994277954 1.52300000190735 1.84899997711182 3.96199989318848 6.83799982070923 7.9229998588562 7.96400022506714 7.54400014877319 6.26900005340576 5.40299987792969 4.14900016784668 2.66799998283386 2.46000003814697 1.66799998283386 0.175999999046326 0.202999994158745 0.224000006914139 0.238999992609024 0.643999993801117 0.832000017166138 0.435000002384186 0.699000000953674 1.95899999141693 6.76399993896484 11.7639999389648
1.75499999523163 8.64799976348877 15.539999961853 20.2089996337891 23.5109996795654 25.7859992980957 26.2999992370605 27.5060005187988 28.8209991455078 29.6119995117188 29.878999710083 29.9500007629395 29.693000793457 28.9349994659424 28.2409992218018 26.6060009002686 24.1350002288818 24.1420001983643 23.6259994506836 19.3110008239746 17.9740009307861 13.1420001983643 5.13100004196167 1.71300005912781 4.52299976348877 7.5019998550415 8.45899963378906 8.51700019836426 8.07199954986572 6.57200002670288 5.98099994659424 2.81299996376038 1.04999995231628 0.142000004649162 0.210999995470047 0.257999986410141 0.266999989748001 0.256000012159348 0.254000008106232 0.409000009298325 0.684000015258789 0.50900000333786 0.614000022411346 1.8400000333786 3.09999990463257 7.02600002288818
9.83600044250488 11.9340000152588 17.0179996490479 17.6900005340576 19.4260005950928 23.6650009155273 26.3250007629395 26.7339992523193 28.6760005950928 29.507999420166 30.1060009002686 29.6989994049072 29.3680000305176 29.076000213623 27.7700004577637 24.5389995574951 23.5249996185303 23.1770000457764 21.2299995422363 20.1389999389648 18.6469993591309 17.9759998321533 4.52099990844727 1.64900004863739 5.17199993133545 7.48699998855591 7.96400022506714 8.02700042724609 7.32399988174438 5.84299993515015 4.19000005722046 3.60400009155273 2.09699988365173 0.470999985933304 0.126000002026558 0.272000014781952 0.358999997377396 0.368999987840652 0.583999991416931 0.538999974727631 0.621999979019165 0.689000010490417 0.633000016212463 1.84800004959106 3.05100011825562 4.27799987792969
15.4720001220703 15.9460000991821 16.3719997406006 16.5970001220703 16.8099994659424 23.8269996643066 26.318000793457 27.9440002441406 28.9750003814697 28.9029998779297 29.8810005187988 29.621000289917 29.3050003051758 28.673999786377 26.3309993743896 23.7229995727539 22.9950008392334 21.9169998168945 20.3379993438721 20.0909996032715 18.7689990997314 13.4099998474121 1.33399999141693 1.86899995803833 4.62900018692017 6.05600023269653 6.5460000038147 6.65199995040894 6.41599988937378 4.85799980163574 3.01600003242493 2.14100003242493 1.59599995613098 0.476000010967255 0.27700001001358 0.483000010251999 0.528999984264374 0.580999970436096 0.651000022888184 0.77700001001358 0.912000000476837 1 0.617999970912933 1.88800001144409 3.02300000190735 4.15799999237061
