02_asc_chm-r50m/BR212X.asc
NCOLS 200 
NROWS 200 
XLLCORNER 535455 
YLLCORNER 5282418 
CELLSIZE 0.5 
NODATA_value -3.4e+38 
[rows 100 to 119 of 200, columns 138 to 183 of 200]
6.44899988174438 7.28200006484985 7.20599985122681 7.50899982452393 6.7480001449585 5.54500007629395 5.59000015258789 5.18200016021729 4.06500005722046 2.61199998855591 2.92799997329712 11.4329996109009 13.5319995880127 15.0989999771118 16.7999992370605 14.58899974823 15.9619998931885 11.8950004577637 1.76999998092651 0.97299998998642 1.87999999523163 2.19600009918213 1.65600001811981 1.88499999046326 2.01200008392334 1.47899997234344 0.740000009536743 0.583999991416931 0.601000010967255 0.488000005483627 0.467999994754791 0.398000001907349 5.17899990081787 18.9829998016357 19.8759994506836 18.8880004882812 18.5879993438721 18.2290000915527 18.3120002746582 18.4069995880127 17.5459995269775 14.0819997787476 10.5139999389648 5.92000007629395 1.52199995517731 1.77600002288818
6.43400001525879 6.37099981307983 6.04199981689453 5.8600001335144 5.43200016021729 4.76900005340576 4.73299980163574 4.25899982452393 2.71900010108948 2.20499992370605 2.74300003051758 3.51099991798401 4.97399997711182 6.75899982452393 5.08400011062622 4.11899995803833 4.25299978256226 4.6399998664856 1.81099998950958 2.54099988937378 3.91799998283386 4.01399993896484 1.85399997234344 1.85399997234344 1.73699998855591 1.15900003910065 0.330000013113022 0.428999990224838 0.524999976158142 0.441000014543533 0.582000017166138 0.531000018119812 11.2519998550415 19.4060001373291 20.0979995727539 19.0230007171631 13.3170003890991 13.1499996185303 14.4029998779297 15.1940002441406 4.59600019454956 2.31200003623962 0.893999993801117 1.20299994945526 1.33299994468689 1.58800005912781
5.44500017166138 5.45100021362305 5.46199989318848 5.31799983978271 4.27099990844727 4.24100017547607 3.75399994850159 1.95899999141693 0.700999975204468 1.58399999141693 2.87899994850159 3.97699999809265 4.06199979782104 4.17899990081787 3.96900010108948 3.77800011634827 3.62800002098083 3.47300004959106 2.85500001907349 4.66300010681152 5.24900007247925 4.95300006866455 3.4539999961853 1.55299997329712 1.33200001716614 0.77700001001358 0.448000013828278 0.361999988555908 0.441000014543533 0.513000011444092 0.653999984264374 1.59899997711182 8.55599975585938 19.7929992675781 20.3199996948242 16.1110000610352 6.87599992752075 3.75600004196167 5.20100021362305 4.31099987030029 0.939000010490417 0.84799998998642 1.18900001049042 1.19000005722046 7.66599988937378 13.2030000686646
4.64099979400635 4.78800010681152 5.15000009536743 4.77500009536743 4.64200019836426 3.9300000667572 2.99699997901917 2.5090000629425 0.691999971866608 1.80799996852875 3.0090000629425 4.20800018310547 4.76200008392334 4.43800020217896 3.79699993133545 3.46499991416931 3.58599996566772 3.65400004386902 4.16900014877319 5.71600008010864 5.65999984741211 5.63299989700317 4.72900009155273 2.41700005531311 2.15899991989136 2.15599989891052 6.33099985122681 5.06699991226196 8.96599960327148 0.479999989271164 0.774999976158142 0.885999977588654 7.21299982070923 18.4500007629395 20.5419998168945 12.206000328064 3.85199999809265 0.906000018119812 1.23000001907349 1.66299998760223 1.29200005531311 1.182000041008 1.51400005817413 1.61099994182587 5.53299999237061 11.875
4.86499977111816 4.67500019073486 4.83699989318848 4.83900022506714 5.01700019836426 3.25099992752075 2.2409999370575 1.75199997425079 1.26400005817413 1.81400001049042 2.98000001907349 4.05100011825562 4.77500009536743 4.47100019454956 3.61899995803833 3.47300004959106 3.38000011444092 4.12400007247925 5.2480001449585 6.28000020980835 6.56199979782104 6.39599990844727 5.81899976730347 4.25 5.18900012969971 12.4219999313354 18.3939990997314 21.2919998168945 21.9580001831055 9.62800025939941 2.10800004005432 1.96300005912781 6.66400003433228 17.1070003509521 16.6900005340576 7.54199981689453 1.1139999628067 1.91400003433228 2.16799998283386 2.2039999961853 2.07500004768372 2.03200006484985 2.07599997520447 1.75699996948242 3.23699998855591 9.7819995880127
5.50600004196167 5.13700008392334 4.9980001449585 5.33699989318848 5.2960000038147 2.57299995422363 1.48399996757507 0.995000004768372 1.04299998283386 1.34099996089935 3.17300009727478 3.97900009155273 4.46500015258789 4.29899978637695 3.8989999294281 3.73200011253357 2.53200006484985 3.07500004768372 4.42999982833862 5.79400014877319 6.61100006103516 6.75 6.94600009918213 6.64200019836426 13.1400003433228 20.0769996643066 20.8379993438721 21.44700050354 22.2709999084473 16.1219997406006 13.5299997329712 21.9220008850098 18.8090000152588 22.8020000457764 22.753999710083 13.9720001220703 3.62800002098083 1.91499996185303 2.4760000705719 2.8659999370575 2.73399996757507 2.11500000953674 1.81900000572205 2.17199993133545 5.62099981307983 9.71500015258789
5.97900009155273 5.61299991607666 5.43300008773804 5.52799987792969 5.57499980926514 1.89499998092651 0.836000025272369 1.09399998188019 1.27499997615814 1.57200002670288 2.24200010299683 3.82200002670288 3.7720000743866 3.46300005912781 3.72199988365173 2.91300010681152 1.9190000295639 2.06500005722046 4 5.06599998474121 5.90700006484985 6.80900001525879 10.0590000152588 13.2629995346069 19.746000289917 21.4209995269775 22.8759994506836 22.5590000152588 22.4540004730225 23.6480007171631 24.806999206543 25.0160007476807 24.9650001525879 23.4930000305176 23.0769996643066 23.0179996490479 13.3690004348755 2.10199999809265 2.44799995422363 2.94000005722046 2.66599988937378 2.16899991035461 3.65599989891052 6.47700023651123 8.26799964904785 11.7150001525879
6.42600011825562 6.3289999961853 6.08599996566772 5.68300008773804 5.75600004196167 4.71999979019165 1.12199997901917 1.23199999332428 1.24100005626678 1.29799997806549 1.75 2.36800003051758 2.90100002288818 3.1159999370575 3.15199995040894 1.86899995803833 1.56299996376038 1.45000004768372 3.19000005722046 5.24900007247925 6.4539999961853 7.09100008010864 14.1590003967285 18.4449996948242 21.2439994812012 22.8050003051758 24.0400009155273 24.4400005340576 24.6900005340576 27.0310001373291 27.576000213623 25.1189994812012 24.9449996948242 23.806999206543 22.9009990692139 22.4500007629395 20.5389995574951 9.98999977111816 2.14499998092651 2.46600008010864 2.05100011825562 1.15299999713898 4.15199995040894 7.38800001144409 8.17199993133545 17.2569999694824
6.90199995040894 6.90799999237061 6.88000011444092 6.53000020980835 6.09100008010864 6.1399998664856 3.59999990463257 0.998000025749207 0.683000028133392 1.00899994373322 1.57200002670288 2.13499999046326 2.57299995422363 2.52900004386902 2.17799997329712 1.1599999666214 1.21200001239777 1.49500000476837 3.02099990844727 5.7979998588562 6.76000022888184 7.49900007247925 17.6749992370605 19.1420001983643 22.0310001373291 25.3099994659424 27.1860008239746 27.3320007324219 28.2210006713867 29.7129993438721 30.0809993743896 27.2730007171631 25.1100006103516 24.5949993133545 23.9839992523193 23.6259994506836 23.003999710083 17.6299991607666 7.18300008773804 1.42999994754791 0.810999989509583 0.742999970912933 1.41100001335144 2.07800006866455 2.74499988555908 15.9420003890991
7.58099985122681 7.40299987792969 7.10799980163574 6.83300018310547 6.32999992370605 6.17600011825562 3.23900008201599 1.49500000476837 0.537999987602234 0.870000004768372 1.43299996852875 1.92499995231628 1.77900004386902 1.76199996471405 1.6360000371933 1.02600002288818 1.03199994564056 1.38900005817413 2.80900001525879 5.12599992752075 9.75 12.5950002670288 16.3120002746582 19.7280006408691 23.5690002441406 26.7900009155273 28.4440002441406 29.4109992980957 30.0610008239746 31.5709991455078 31.5790004730225 30.9440002441406 29.7560005187988 26.8379993438721 26.8269996643066 24.4839992523193 23.1060009002686 23.1639995574951 15.2749996185303 8.36499977111816 3.13700008392334 5.82999992370605 7.63199996948242 8.7480001449585 9.95300006866455 9.99300003051758
7.62799978256226 7.60699987411499 7.35799980163574 6.90199995040894 6.28399991989136 5.21500015258789 2.18199992179871 1.49199998378754 0.680000007152557 0.73199999332428 1.27600002288818 1.12999999523163 0.985000014305115 0.875999987125397 0.490000009536743 0.808000028133392 1.1360000371933 1.24800002574921 2.72399997711182 8.50899982452393 14.2930002212524 17.9270000457764 18.19700050354 21.1049995422363 23.2600002288818 27.8610000610352 29.492000579834 30.6770000457764 31.7140007019043 32.5800018310547 32.5279998779297 32.6769981384277 30.1119995117188 28.4869995117188 27.7819995880127 26.128999710083 23.5009994506836 23.0470008850098 19.7189998626709 9.32999992370605 7.61999988555908 9.00500011444092 11.9370002746582 12.0939998626709 12.1330003738403 11.9580001831055
7.57600021362305 7.53000020980835 5.88899993896484 5.29199981689453 3.09999990463257 3.04200005531311 2.09999990463257 1.33599996566772 0.689000010490417 0.593999981880188 0.48199999332428 0.351000010967255 0.358000010251999 0.375 0.779999971389771 1.09399998188019 1.47899997234344 1.73399996757507 1.94099998474121 5.66499996185303 7.40399980545044 10.8870000839233 18.753999710083 19.8299999237061 24.7549991607666 27.6009998321533 30.0009994506836 31.1700000762939 33.1290016174316 34.1189994812012 33.7410011291504 33.6809997558594 31.386999130249 29.246000289917 28.5580005645752 27.7660007476807 24.6599998474121 23.201000213623 20.0279998779297 11.5729999542236 12.1029996871948 13.4879999160767 10.8009996414185 12.8199996948242 12.9329996109009 12.9259996414185
5.69600009918213 4.33099985122681 3.70000004768372 2.72099995613098 2.57599997520447 2.38199996948242 2.17199993133545 1.81599998474121 1.12300002574921 0.430000007152557 0.330000013113022 0.333999991416931 0.337000012397766 0.453000009059906 0.925999999046326 1.375 1.91499996185303 2.03399991989136 2.27800011634827 5.81199979782104 5.39900016784668 7.41099977493286 14.2639999389648 20.4869995117188 25.9290008544922 28.6219997406006 30.761999130249 32.2039985656738 34.2820014953613 35.2700004577637 35.140998840332 34.5970001220703 33.1710014343262 30.9379997253418 28.8819999694824 27.9990005493164 25.7350006103516 24.9370002746582 21.7329998016357 14.7239999771118 9.79800033569336 4.87099981307983 6.63600015640259 12.6359996795654 12.8769998550415 14.1879997253418
6.26999998092651 4.88399982452393 3.70199990272522 2.50500011444092 2.32699990272522 1.93599998950958 1.76999998092651 1.94000005722046 1.57400000095367 0.880999982357025 0.412000000476837 0.312999993562698 0.31700000166893 0.532000005245209 1.00399994850159 1.98699998855591 3.86299991607666 4.23999977111816 6.40999984741211 7.13000011444092 7.32600021362305 11.4809999465942 15.8699998855591 20.4069995880127 26.0750007629395 30.0289993286133 31.7250003814697 32.8219985961914 34.3440017700195 35.6839981079102 35.9230003356934 35.2820014953613 33.9889984130859 32.0470008850098 29.6280002593994 27.32200050354 25.3950004577637 24.9559993743896 22.0839996337891 14.8479995727539 8.21300029754639 1.90499997138977 8.17399978637695 12.3920001983643 13.4940004348755 15.5299997329712
8.375 7.1710000038147 4.50299978256226 1.82099997997284 1.70099997520447 1.35899996757507 1.56099998950958 1.73099994659424 1.90100002288818 1.33200001716614 0.740000009536743 0.430000007152557 0.296999990940094 0.583000004291534 1.77900004386902 4.14699983596802 5.59899997711182 5.5460000038147 6.47900009155273 9.43900012969971 10.9040002822876 17.246000289917 17.2290000915527 20.7360000610352 26.0739994049072 30.0900001525879 31.8190002441406 32.3160018920898 33.5629997253418 34.810001373291 35.5309982299805 35.0340003967285 34.2369995117188 32.6839981079102 29.9699993133545 25.4740009307861 25.5639991760254 23.871000289917 22.5750007629395 17.2870006561279 7.97499990463257 3.26300001144409 6.4229998588562 11.7969999313354 15.3669996261597 16.5510005950928
8.17599964141846 7.35099983215332 4.77899980545044 1.41400003433228 1.00699996948242 1.18099999427795 1.35099995136261 1.52100002765656 1.69099998474121 1.78400003910065 1.09099996089935 0.757000029087067 0.513000011444092 1.36800003051758 3.46900010108948 5.24200010299683 7.98600006103516 8.37600040435791 10.6009998321533 13.0329999923706 17.7779998779297 19.1679992675781 19.4860000610352 22.6200008392334 26.1480007171631 28.7670001983643 29.8159999847412 32.0390014648438 33.0629997253418 33.6300010681152 34.3139991760254 34.0839996337891 33.3860015869141 32.5870018005371 29.0820007324219 26.3740005493164 25.9990005493164 24.8099994659424 23.2119998931885 20.4099998474121 5.44500017166138 5.15100002288818 2.48099994659424 9.48099994659424 15.7340002059937 16.7970008850098
7.82100009918213 6.17000007629395 2.80699992179871 1.36500000953674 0.764999985694885 0.972000002861023 1.14199995994568 1.31200003623962 1.48199999332428 1.65199995040894 1.54200005531311 1.08500003814697 0.966000020503998 2.48099994659424 4.67399978637695 5.87400007247925 9.51200008392334 11.9320001602173 15.6230001449585 15.7279996871948 18.2609996795654 20.0900001525879 21.6389999389648 22.8530006408691 24.257999420166 27.375 28.7740001678467 30.7399997711182 32.6119995117188 32.359001159668 32.9720001220703 32.5620002746582 31.8640003204346 30.9979991912842 28.0440006256104 26.7660007476807 26.1259994506836 25.2679996490479 22.496000289917 21.6720008850098 6.97399997711182 6.39400005340576 8.70199966430664 13.2600002288818 15.7749996185303 16.42799949646
6.61299991607666 4.73000001907349 1.81700003147125 1.19099998474121 0.592000007629395 0.762000024318695 0.931999981403351 1.10199999809265 1.27199995517731 1.442999958992 1.61300003528595 1.41299998760223 1.98000001907349 3.77600002288818 5.75500011444092 7.54899978637695 9.06999969482422 11.5410003662109 16.503999710083 18.9370002746582 20.576000213623 21.5389995574951 22.5240001678467 22.4659996032715 21.6900005340576 25.6480007171631 28.7630004882812 29.2350006103516 30.9599990844727 31.0799999237061 31.9780006408691 32.0540008544922 30.5 29.011999130249 27.2779998779297 26.8959999084473 26.1060009002686 23.3279991149902 18.9689998626709 17.6009998321533 8.73099994659424 7.8600001335144 9.27999973297119 13.3680000305176 15.9989995956421 17.0009994506836
5.79500007629395 5.92999982833862 2.60999989509583 1.05999994277954 0.372999995946884 0.535000026226044 0.698000013828278 0.860000014305115 1.02199995517731 1.24100005626678 1.52400004863739 1.54999995231628 1.78600001335144 2.84899997711182 5.26900005340576 8.77499961853027 9.15299987792969 11.9020004272461 17.1940002441406 20.5790004730225 23.2019996643066 24.1019992828369 24.5330009460449 23.7800006866455 24.2639999389648 24.7660007476807 27.2310009002686 28.2019996643066 28.8570003509521 30.257999420166 31.0930004119873 31.2409992218018 29.3139991760254 27.0930004119873 26.201000213623 26.0170001983643 25.5450000762939 17.3850002288818 11.7220001220703 9.46000003814697 9.05000019073486 8.92300033569336 10.0059995651245 13.1859998703003 15.1590003967285 16.367000579834
5.65500020980835 5.73699998855591 3.77099990844727 0.563000023365021 0.291999995708466 0.462999999523163 0.757000029087067 1.05099999904633 1.27100002765656 1.42700004577637 1.58200001716614 1.32400000095367 1.35500001907349 2.69799995422363 5.12099981307983 8.63599967956543 9.85000038146973 13.16100025177 17.7269992828369 20.306999206543 23.6650009155273 25.9619998931885 26.0349998474121 24.9039993286133 23.1870002746582 24.5990009307861 25.6720008850098 27.1119995117188 27.9060001373291 29.617000579834 29.6860008239746 29.0820007324219 27.0830001831055 24.548999786377 24.4260005950928 24.076000213623 20.8889999389648 14.9370002746582 12.0690002441406 8.59200000762939 8.10099983215332 8.71399974822998 9.24499988555908 12.1459999084473 14.6149997711182 16.076000213623
