02_asc_chm-r50m/BR210B.asc
NCOLS 200 
NROWS 200 
XLLCORNER 535914.5 
YLLCORNER 5285226.5 
CELLSIZE 0.5 
NODATA_value -3.4e+38 
[rows 20 to 39 of 200, columns 138 to 183 of 200]
28.7609996795654 28.568000793457 28.3090000152588 29.4969997406006 26.7110004425049 22.0310001373291 23.2749996185303 24.8439998626709 26.0830001831055 31.8199996948242 31.4190006256104 31.1520004272461 30.8600006103516 30.5499992370605 30.3010005950928 28.886999130249 27.9729995727539 24.4939994812012 23.7730007171631 25.9309997558594 29.6040000915527 29.7709999084473 30.2450008392334 -3.4e+38 -3.4e+38 -3.4e+38 -3.4e+38 -3.4e+38 -3.4e+38 -3.4e+38 -3.4e+38 -3.4e+38 -3.4e+38 -3.4e+38 -3.4e+38 -3.4e+38 -3.4e+38 -3.4e+38 -3.4e+38 -3.4e+38 -3.4e+38 -3.4e+38 -3.4e+38 -3.4e+38 -3.4e+38 -3.4e+38
29.0860004425049 29.3419990539551 29.6180000305176 30.2759990692139 28.3729991912842 22.9529991149902 24.1760005950928 24.8470001220703 26.8129997253418 29.6439990997314 31.2339992523193 31.0919990539551 30.7089996337891 30.4790000915527 30.1749992370605 28.6340007781982 27.2430000305176 25.7719993591309 24.7919998168945 25.2280006408691 30.8250007629395 31.7970008850098 32.0040016174316 32.1570014953613 -3.4e+38 -3.4e+38 -3.4e+38 -3.4e+38 -3.4e+38 -3.4e+38 -3.4e+38 -3.4e+38 -3.4e+38 -3.4e+38 -3.4e+38 -3.4e+38 -3.4e+38 -3.4e+38 -3.4e+38 -3.4e+38 -3.4e+38 -3.4e+38 -3.4e+38 -3.4e+38 -3.4e+38 -3.4e+38
29.1609992980957 29.5949993133545 30.1959991455078 30.7670001983643 28.613000869751 23.9519996643066 23.6340007781982 25.1590003967285 27.7110004425049 29.3799991607666 31.056999206543 30.6200008392334 30.4290008544922 30.2080001831055 29.568000793457 28.7229995727539 26.0949993133545 25.3729991912842 25.3910007476807 24.8279991149902 29.6399993896484 31.6730003356934 31.2940006256104 31.7719993591309 31.7759990692139 -3.4e+38 -3.4e+38 -3.4e+38 -3.4e+38 -3.4e+38 -3.4e+38 -3.4e+38 -3.4e+38 -3.4e+38 -3.4e+38 -3.4e+38 -3.4e+38 -3.4e+38 -3.4e+38 -3.4e+38 -3.4e+38 -3.4e+38 -3.4e+38 -3.4e+38 -3.4e+38 -3.4e+38
29.5620002746582 30.1790008544922 31.0830001831055 31.4710006713867 30.7740001678467 27.8110008239746 26.7360000610352 25.4139995574951 24.5020008087158 27.261999130249 30.3899993896484 30.2210006713867 30.4020004272461 30.2639999389648 28.7150001525879 27.9400005340576 27.0020008087158 25.3419990539551 25.3729991912842 25.632999420166 29.9200000762939 31.5289993286133 30.8409996032715 31.076000213623 31.492000579834 30.8390007019043 -3.4e+38 -3.4e+38 -3.4e+38 -3.4e+38 -3.4e+38 -3.4e+38 -3.4e+38 -3.4e+38 -3.4e+38 -3.4e+38 -3.4e+38 -3.4e+38 -3.4e+38 -3.4e+38 -3.4e+38 -3.4e+38 -3.4e+38 -3.4e+38 -3.4e+38 -3.4e+38
30.2180004119873 30.6650009155273 31.3519992828369 31.6620006561279 31.0540008544922 30.6280002593994 30.1809997558594 24.8400001525879 22.4519996643066 25.2329998016357 29.0289993286133 28.5550003051758 28.0839996337891 29.2369995117188 26.4619998931885 25.0750007629395 24.0359992980957 25.1730003356934 25.1429996490479 26.431999206543 29.3579998016357 30.9379997253418 30.5779991149902 30.6450004577637 30.882999420166 29.621000289917 29.4090003967285 -3.4e+38 -3.4e+38 -3.4e+38 -3.4e+38 -3.4e+38 -3.4e+38 -3.4e+38 -3.4e+38 -3.4e+38 -3.4e+38 -3.4e+38 -3.4e+38 -3.4e+38 -3.4e+38 -3.4e+38 -3.4e+38 -3.4e+38 -3.4e+38 -3.4e+38
30.2390003204346 30.7059993743896 31.1620006561279 31.4309997558594 31.113000869751 30.8619995117188 30.5109996795654 27.4619998931885 26.8239994049072 26.6159992218018 26.1940002441406 25.451000213623 21.503999710083 24.3840007781982 21.5690002441406 21.2919998168945 23.5860004425049 23.7560005187988 25.1499996185303 26.7639999389648 28.1630001068115 29.9939994812012 30.4780006408691 30.4710006713867 29.5520000457764 28.9810009002686 28.6480007171631 26.492000579834 -3.4e+38 -3.4e+38 -3.4e+38 -3.4e+38 -3.4e+38 -3.4e+38 -3.4e+38 -3.4e+38 -3.4e+38 -3.4e+38 -3.4e+38 -3.4e+38 -3.4e+38 -3.4e+38 -3.4e+38 -3.4e+38 -3.4e+38 -3.4e+38
28.6900005340576 29.757999420166 30.8880004882812 31.1480007171631 30.742000579834 30.5100002288818 30.4360008239746 30.0550003051758 27.3299999237061 25.8910007476807 23.7329998016357 22.4009990692139 21.3479995727539 21.1580009460449 21.076000213623 21.507999420166 21.7479991912842 22.5790004730225 25.3040008544922 26.7679996490479 27.621000289917 27.5049991607666 28.5249996185303 28.3719997406006 26.9179992675781 27.5849990844727 26.8899993896484 16.8409996032715 23.2189998626709 -3.4e+38 -3.4e+38 -3.4e+38 -3.4e+38 -3.4e+38 -3.4e+38 -3.4e+38 -3.4e+38 -3.4e+38 -3.4e+38 -3.4e+38 -3.4e+38 -3.4e+38 -3.4e+38 -3.4e+38 -3.4e+38 -3.4e+38
27.5429992675781 28.8190002441406 30.4559993743896 30.7679996490479 29.2089996337891 29.988000869751 29.7590007781982 29.0830001831055 26.9549999237061 24.1760005950928 21.8740005493164 20.1049995422363 20.7369995117188 20.7919998168945 20.4020004272461 21.2360000610352 21.7290000915527 23.8759994506836 26.4340000152588 28.246000289917 29.1389999389648 27.8400001525879 24.3500003814697 23.6590003967285 23.7450008392334 25.5009994506836 24.9820003509521 23.0109996795654 18.2089996337891 21.1800003051758 -3.4e+38 -3.4e+38 -3.4e+38 -3.4e+38 -3.4e+38 -3.4e+38 -3.4e+38 -3.4e+38 -3.4e+38 -3.4e+38 -3.4e+38 -3.4e+38 -3.4e+38 -3.4e+38 -3.4e+38 -3.4e+38
24.5699996948242 24.6429996490479 28.6550006866455 28.8229999542236 27.306999206543 27.8649997711182 27.9529991149902 27.4540004730225 24.3439998626709 19.6340007781982 17.6560001373291 16.7390003204346 17.7970008850098 19.7159996032715 19.9909992218018 20.8500003814697 23.2749996185303 25.443000793457 27.3449993133545 28.7600002288818 29.6219997406006 30.2329998016357 27.5209999084473 22.8199996948242 24.2819995880127 24.5590000152588 23.4260005950928 21.5499992370605 19.5349998474121 17.5200004577637 19.1410007476807 -3.4e+38 -3.4e+38 -3.4e+38 -3.4e+38 -3.4e+38 -3.4e+38 -3.4e+38 -3.4e+38 -3.4e+38 -3.4e+38 -3.4e+38 -3.4e+38 -3.4e+38 -3.4e+38 -3.4e+38
24.5949993133545 25.2049999237061 24.326000213623 25.1639995574951 25.0669994354248 27.4290008544922 24.4669990539551 24.8010005950928 23.9459991455078 20.6060009002686 17.2800006866455 13.3719997406006 14.6999998092651 16.8929996490479 18.6940002441406 21.2310009002686 23.2819995880127 28.0709991455078 28.7110004425049 29.4220008850098 29.9160003662109 30.8040008544922 30.5020008087158 25.3279991149902 22.5020008087158 22.1439990997314 21.5209999084473 20.0879993438721 18.0729999542236 17.1550006866455 17.2520008087158 18.2269992828369 -3.4e+38 -3.4e+38 -3.4e+38 -3.4e+38 -3.4e+38 -3.4e+38 -3.4e+38 -3.4e+38 -3.4e+38 -3.4e+38 -3.4e+38 -3.4e+38 -3.4e+38 -3.4e+38
28.5470008850098 25.6340007781982 24.5650005340576 24.6180000305176 24.4409999847412 29.4270000457764 27.613000869751 28.2609996795654 26.6879997253418 21.9950008392334 17.882999420166 13.0649995803833 12.5050001144409 17.19700050354 19.1149997711182 23.7390003204346 29.6959991455078 31.1499996185303 30.4389991760254 29.8199996948242 29.6860008239746 30.0699996948242 29.0860004425049 26.7360000610352 23.5249996185303 19.9659996032715 19.0930004119873 18.4179992675781 17.6350002288818 17.9850006103516 18.3090000152588 18.5279998779297 19.69700050354 -3.4e+38 -3.4e+38 -3.4e+38 -3.4e+38 -3.4e+38 -3.4e+38 -3.4e+38 -3.4e+38 -3.4e+38 -3.4e+38 -3.4e+38 -3.4e+38 -3.4e+38
23.6490001678467 26.7870006561279 26.4160003662109 28.9479999542236 28.3369998931885 30.363000869751 31.9640007019043 31.9069995880127 30.6760005950928 28.0939998626709 20.1949996948242 19.4029998779297 18.4899997711182 14.7089996337891 18.6040000915527 26.6299991607666 29.2670001983643 30.9799995422363 30.6110000610352 30.0849990844727 29.1669998168945 28.4829998016357 27.7569999694824 26.242000579834 23.9379997253418 19.6429996490479 19.5049991607666 18.82200050354 19.4489994049072 19.2870006561279 22.7789993286133 24.193000793457 24.1760005950928 18.8990001678467 -3.4e+38 -3.4e+38 -3.4e+38 -3.4e+38 -3.4e+38 -3.4e+38 -3.4e+38 -3.4e+38 -3.4e+38 -3.4e+38 -3.4e+38 -3.4e+38
25.6469993591309 27.4689998626709 29.1159992218018 31.0459995269775 31.5400009155273 32.1389999389648 32.7019996643066 32.4620018005371 31.8430004119873 31.3400001525879 27.4669990539551 27.4330005645752 23.5480003356934 19.3279991149902 21.4790000915527 26.8819999694824 29.3479995727539 30.2450008392334 29.9400005340576 29.1030006408691 28.4869995117188 27.4519996643066 26.8150005340576 25.2670001983643 22.867000579834 17.4790000915527 17.3449993133545 20.3010005950928 20.6620006561279 22.3490009307861 26.2530002593994 27.3780002593994 27.1809997558594 24.0020008087158 16.9629993438721 -3.4e+38 -3.4e+38 -3.4e+38 -3.4e+38 -3.4e+38 -3.4e+38 -3.4e+38 -3.4e+38 -3.4e+38 -3.4e+38 -3.4e+38
28.2660007476807 27.5340003967285 28.7250003814697 30.6219997406006 31.3659992218018 32.0610008239746 32.5309982299805 32.3919982910156 31.9060001373291 31.0590000152588 30.181999206543 28.5960006713867 26.7240009307861 25.1879997253418 24.6560001373291 28.4540004730225 29.1919994354248 29.2819995880127 29.0580005645752 28.7220001220703 28.3059997558594 27.9300003051758 25.7759990692139 23.7880001068115 22.5520000457764 16.4090003967285 16.3449993133545 21.9449996948242 24.3959999084473 24.5580005645752 27.6760005950928 28.7119998931885 27.7700004577637 26.6299991607666 22.1590003967285 24.1319999694824 -3.4e+38 -3.4e+38 -3.4e+38 -3.4e+38 -3.4e+38 -3.4e+38 -3.4e+38 -3.4e+38 -3.4e+38 -3.4e+38
30.1180000305176 29.0279998779297 27.4979991912842 29.882999420166 31.4820003509521 31.4909992218018 31.8509998321533 31.6509990692139 31.2169990539551 30.5629997253418 29.7689990997314 28.9710006713867 28.0179996490479 25.9570007324219 27.2029991149902 28.4090003967285 28.7700004577637 28.8010005950928 29.0130004882812 29.0610008239746 28.2639999389648 27.4990005493164 25.5890007019043 22.7590007781982 22.5779991149902 17.6189994812012 16.0510005950928 22.0300006866455 25.257999420166 25.2530002593994 29.4799995422363 30.0610008239746 29.2569999694824 28.5310001373291 26.576000213623 24.367000579834 22.0240001678467 -3.4e+38 -3.4e+38 -3.4e+38 -3.4e+38 -3.4e+38 -3.4e+38 -3.4e+38 -3.4e+38 -3.4e+38
31.9909992218018 31 29.0340003967285 30.6280002593994 31.693000793457 31.636999130249 31.2639999389648 31.3990001678467 31.1119995117188 30.5690002441406 29.9969997406006 29.4379997253418 28.8859996795654 26.2000007629395 28.0240001678467 27.9389991760254 27.9370002746582 27.8840007781982 28.4379997253418 28.1450004577637 27.6760005950928 27.3320007324219 25.4939994812012 22.7320003509521 21.568000793457 19.8610000610352 17.3899993896484 21.1539993286133 27.4139995574951 29.2679996490479 30.8080005645752 31.0130004882812 30.451000213623 30.1979999542236 29.4090003967285 27.8589992523193 24.2409992218018 21.1590003967285 -3.4e+38 -3.4e+38 -3.4e+38 -3.4e+38 -3.4e+38 -3.4e+38 -3.4e+38 -3.4e+38
32.8959999084473 32.882999420166 30.7560005187988 30.371000289917 31.3889999389648 31.4489994049072 31.2950000762939 31.0330009460449 30.9230003356934 30.6189994812012 30.0550003051758 29.1490001678467 27.8339996337891 27.4220008850098 26.9890003204346 27.7609996795654 27.7840003967285 27.8950004577637 27.7709999084473 27.3579998016357 27.0639991760254 26.7019996643066 24.3780002593994 22.4160003662109 21.8449993133545 21.5559997558594 21.8150005340576 23.6520004272461 29.6919994354248 30.4099998474121 31.3530006408691 31.871000289917 31.4069995880127 30.9230003356934 30.3759994506836 29.6259994506836 26.4270000457764 25.0020008087158 19.7530002593994 -3.4e+38 -3.4e+38 -3.4e+38 -3.4e+38 -3.4e+38 -3.4e+38 -3.4e+38
33.5950012207031 33.6780014038086 32.3540000915527 32.2439994812012 30.8759994506836 30.7430000305176 30.8390007019043 30.8460006713867 30.4799995422363 30.3209991455078 29.121000289917 28.7759990692139 28.3409996032715 27.8110008239746 23.6529998779297 26.5139999389648 27.6599998474121 27.8299999237061 26.507999420166 26.1149997711182 24.367000579834 27.2910003662109 27.9500007629395 24.9659996032715 25.0839996337891 22.326000213623 25.5380001068115 28.253999710083 30.0179996490479 30.7590007781982 31.568000793457 31.8880004882812 31.7360000610352 31.1030006408691 30.1730003356934 29.1609992980957 27.9580001831055 25.3640003204346 20.0939998626709 18.4810009002686 -3.4e+38 -3.4e+38 -3.4e+38 -3.4e+38 -3.4e+38 -3.4e+38
34.5740013122559 34.0320014953613 33.7830009460449 33.189998626709 30.9209995269775 30.2320003509521 29.8020000457764 29.5849990844727 29.7259998321533 29.9810009002686 28.8519992828369 27.9780006408691 27.6380004882812 26.4790000915527 23.8920001983643 25.568000793457 26.6620006561279 25.3419990539551 22.80299949646 22.2600002288818 25.6700000762939 28.1669998168945 28.5149993896484 27.5289993286133 26.4419994354248 25.0049991607666 23.6909999847412 26.9039993286133 30.1959991455078 30.5060005187988 31.2490005493164 31.6690006256104 31.6410007476807 31.173999786377 30.2709999084473 28.8099994659424 28.193000793457 21.5809993743896 19.3700008392334 17.9340000152588 20.8199996948242 -3.4e+38 -3.4e+38 -3.4e+38 -3.4e+38 -3.4e+38
34.8199996948242 34.3979988098145 33.8950004577637 32.515998840332 30.8099994659424 30.2700004577637 29.3549995422363 28.871000289917 28.9090003967285 29.0240001678467 28.1119995117188 26.181999206543 25.3939990997314 24.0319995880127 24.2439994812012 23.7639999389648 23.8239994049072 23.375 20.318000793457 22.1760005950928 26.318000793457 28.9440002441406 29.3649997711182 29.2600002288818 28.4990005493164 27.8680000305176 21.8430004119873 25.3279991149902 28.8040008544922 30.4270000457764 31.2709999084473 31.4780006408691 31.3570003509521 30.8250007629395 29.9109992980957 28.1790008544922 26.5370006561279 20.1940002441406 19.121000289917 16.4589996337891 2.88000011444092 -3.4e+38 -3.4e+38 -3.4e+38 -3.4e+38 -3.4e+38
