02_asc_chm-r50m/BR210B.asc
NCOLS 200 
NROWS 200 
XLLCORNER 535914.5 
YLLCORNER 5285226.5 
CELLSIZE 0.5 
NODATA_value -3.4e+38 
[rows 80 to 99 of 200, columns 92 to 137 of 200]
27.2369995117188 26.5809993743896 26.7320003509521 26.1639995574951 26.2159996032715 25.9790000915527 26.1030006408691 26.2560005187988 26.6439990997314 26.5510005950928 26.0830001831055 24.951000213623 24.1639995574951 18.9139995574951 18.6889991760254 16.8579998016357 10.4659996032715 8.47500038146973 6.48299980163574 3.67400002479553 4.76800012588501 13.8870000839233 19.9559993743896 26.6189994812012 27.1480007171631 27.0090007781982 26.9370002746582 24.5060005187988 21.1110000610352 21.0100002288818 19.3449993133545 15.7119998931885 15.0450000762939 15.1479997634888 14.5 15.6540002822876 16.8959999084473 18.1389999389648 19.2940006256104 20.8689994812012 22.1550006866455 23.9069995880127 24.5590000152588 25.5179996490479 26.9699993133545 27.6809997558594
23.8209991455078 25.3579998016357 26.0979995727539 25.8920001983643 26.1049995422363 26.1100006103516 26.6509990692139 27.1240005493164 27.7350006103516 27.488000869751 26.6770000457764 24.5699996948242 23.7310009002686 20.5279998779297 17.7199993133545 15.6219997406006 11.0190000534058 6.08799982070923 3.28999996185303 2.95300006866455 6.54500007629395 16.6730003356934 17.2630004882812 24.681999206543 24.3080005645752 24.6340007781982 24.5610008239746 17.1909999847412 14.8870000839233 14.6879997253418 14.2690000534058 11.2770004272461 10.3690004348755 10.8079996109009 11.3290004730225 12.5710000991821 13.7629995346069 14.7760000228882 15.8999996185303 17.6049995422363 19.3090000152588 21.19700050354 22.9300003051758 23.6509990692139 24.1809997558594 25.2350006103516
25.951000213623 25.7759990692139 25.5179996490479 25.7180004119873 25.9619998931885 26.8010005950928 27.6650009155273 27.9869995117188 28.3159999847412 28.2299995422363 27.2320003509521 25.1439990997314 23.568000793457 22.7040004730225 18.2569999694824 17.69700050354 11.753999710083 6.38700008392334 6.34600019454956 9.66399955749512 13.3959999084473 17.8209991455078 20.4629993438721 22.746000289917 21.6119995117188 22.257999420166 17.3740005493164 9.87600040435791 8.66399955749512 8.36499977111816 7.94600009918213 7.08400011062622 6.34600019454956 7.00400018692017 8.23099994659424 9.24499988555908 10.2580003738403 11.2709999084473 12.6359996795654 14.3409996032715 15.9180002212524 17.6520004272461 20.5429992675781 21.367000579834 21.3040008544922 20.4200000762939
26.5340003967285 25.6840000152588 24.2789993286133 25.5629997253418 26.1319999694824 27.0249996185303 27.8320007324219 28.5330009460449 29.0739994049072 28.6119995117188 28.05299949646 25.7789993286133 24.1679992675781 22.8530006408691 20.8640003204346 17.5779991149902 9.41899967193604 4.60699987411499 7.17700004577637 16.3759994506836 20.2469997406006 21.6620006561279 22.2199993133545 21.6700000762939 20.4979991912842 19.8840007781982 10.0590000152588 3.21099996566772 2.44000005722046 2.04299998283386 1.682000041008 2.41400003433228 2.69600009918213 3.71300005912781 4.72700023651123 5.73999977111816 6.75299978256226 7.76599979400635 9.37199974060059 10.951000213623 12.4399995803833 14.1070003509521 16.1940002441406 16.4759998321533 16.1550006866455 15.375
27.132999420166 26.1450004577637 24.367000579834 25.0279998779297 26.1019992828369 26.3110008239746 27.0729999542236 27.8950004577637 27.9570007324219 27.7670001983643 27.738000869751 26.7940006256104 24.9029998779297 23.7870006561279 21.173999786377 16.3110008239746 11.6470003128052 9.81999969482422 13.4670000076294 20.3570003509521 22.378999710083 23.2639999389648 22.9300003051758 22.3950004577637 21.3840007781982 21.4050006866455 16.1340007781982 4.13199996948242 3.29299998283386 3.80200004577637 4.31199979782104 4.16599988937378 2.62100005149841 1.86899995803833 1.51999998092651 2.23499989509583 3.24799990653992 4.40399980545044 5.98299980163574 7.47300004959106 8.86999988555908 10.5629997253418 11.5310001373291 11.2110004425049 10.8900003433228 10.5699996948242
27.4400005340576 26.6539993286133 25.3269996643066 24.5149993896484 25.4580001831055 25.9650001525879 26.5389995574951 27.3050003051758 27.5330009460449 27.3449993133545 27.3129997253418 27.3129997253418 24.628999710083 22.9190006256104 22.5069999694824 21.0949993133545 21.3020000457764 17.3589992523193 22.8740005493164 22.4729995727539 25.3010005950928 25.2360000610352 24.8479995727539 23.5729999542236 21.9909992218018 21.8209991455078 20.5879993438721 12.9940004348755 7.7810001373291 8.29100036621094 7.47800016403198 4.51000022888184 2.19000005722046 1.75600004196167 1.13999998569489 0.657999992370605 0.430000007152557 1.01499998569489 2.50500011444092 3.99499988555908 5.02799987792969 6.45300006866455 6.26599979400635 5.94500017166138 5.625 5.30399990081787
27.818000793457 26.5270004272461 25.9150009155273 24.5030002593994 24.6159992218018 25.8570003509521 26.3680000305176 26.9529991149902 27.2049999237061 27.1319999694824 27.1079998016357 26.7679996490479 24.3299999237061 22.3740005493164 22.4599990844727 23.7859992980957 24.1550006866455 24.3239994049072 24.9939994812012 24.92799949646 25.4109992980957 25.3570003509521 24.8099994659424 23.8199996948242 22.2759990692139 21.318000793457 20.9669990539551 16.2670001983643 12.2700004577637 10.2309999465942 7.10699987411499 3.98200011253357 1.60500001907349 1.49100005626678 0.875 0.404000014066696 0.419999986886978 0.284000009298325 0.216000005602837 0.51800000667572 1.18599998950958 1.32099997997284 1.00100004673004 0.680000007152557 0.822000026702881 1.44900000095367
27.6529998779297 26.6520004272461 26.2660007476807 24.2810001373291 23.4200000762939 24.7590007781982 26.1840000152588 25.9039993286133 26.5189990997314 26.7609996795654 26.2469997406006 25.0499992370605 23.6569995880127 20.9969997406006 21.4169998168945 22.5650005340576 24.7749996185303 25.2630004882812 25.3540000915527 25.3950004577637 25.2649993896484 25.2019996643066 24.8719997406006 23.1550006866455 22.2929992675781 21.2159996032715 20.6319999694824 16.2789993286133 12.664999961853 9.70400047302246 6.5789999961853 3.45499992370605 1.04700005054474 1.11099994182587 0.771000027656555 0.528999984264374 0.580999970436096 1.32000005245209 1.42799997329712 1.5349999666214 2.63199996948242 4.69199991226196 5.58300018310547 6.21000003814697 6.83699989318848 7.46500015258789
27.5240001678467 26.4580001831055 26.3159999847412 22.1650009155273 22.4130001068115 22.5440006256104 24.7040004730225 25.2000007629395 25.3719997406006 25.6319999694824 25.6690006256104 24.6030006408691 21.0979995727539 18.4200000762939 19.1940002441406 21.3740005493164 23.5330009460449 25.4069995880127 25.1040000915527 23.9069995880127 24.1569995880127 24.9640007019043 24.42799949646 23.306999206543 22.6030006408691 21.867000579834 21.0160007476807 17.0170001983643 11.5240001678467 8.39000034332275 5.25500011444092 2.24900007247925 0.680999994277954 0.832000017166138 0.833000004291534 2.82800006866455 7.14599990844727 5.23099994659424 5.05200004577637 5.15999984741211 6.35799980163574 8.17700004577637 10.7049999237061 12.2250003814697 12.8529996871948 13.4799995422363
27.4549999237061 26.5259990692139 26.1609992980957 20.9939994812012 20.9150009155273 22.6509990692139 23.9050006866455 24.3759994506836 23.7080001831055 24.3279991149902 24.8369998931885 23.253999710083 18.6040000915527 16.5900001525879 15.2320003509521 20.5610008239746 23.0139999389648 24.8910007476807 24.5160007476807 23.8540000915527 22.4190006256104 23.6060009002686 22.1650009155273 22.3239994049072 22.1340007781982 21.6159992218018 19.4230003356934 13.1909999847412 9.77000045776367 5.00699996948242 2.26099991798401 3.81500005722046 4.66099977493286 4.98799991607666 5.91200017929077 12.9340000152588 11.8409996032715 10.039999961853 8.67599964141846 8.78400039672852 9.6540002822876 12.0869998931885 14.1899995803833 16.7180004119873 18.8680000305176 19.2779998779297
27.2630004882812 26.8990001678467 26.246000289917 20.5599994659424 18.136999130249 18.9599990844727 18.4099998474121 22.1900005340576 21.8379993438721 21.621000289917 22.4899997711182 18.8330001831055 12.5340003967285 10.6630001068115 10.1780004501343 18.4780006408691 25.863000869751 25.306999206543 25.6760005950928 23.5209999084473 27.8500003814697 21.8939990997314 27.318000793457 22.8199996948242 22.132999420166 21.3099994659424 18.5139999389648 13.0579996109009 8.77499961853027 9.75500011444092 10.6359996795654 12.3219995498657 14.5179996490479 16.8799991607666 16.0189990997314 19.0209999084473 16.6350002288818 14.8500003814697 13.0649995803833 12.4079999923706 12.9490003585815 15.414999961853 17.6760005950928 20.2029991149902 21.673999786377 21.7929992675781
26.5990009307861 26.4249992370605 23.9400005340576 20.8159999847412 17.8470001220703 17.8649997711182 19.1100006103516 20.5779991149902 21.0739994049072 21.3110008239746 20.0869998931885 15.6409997940063 11.0010004043579 10.7679996490479 10.6730003356934 21.2609996795654 27.8859996795654 27.5739994049072 29.2859992980957 28.3899993896484 30.0370006561279 31.3290004730225 31.7409992218018 30.0249996185303 27.2430000305176 17.9370002746582 15.1219997406006 14.1169996261597 13.8450002670288 16.5659999847412 18.4850006103516 20.4489994049072 24.423999786377 27.6119995117188 26.125 23.6860008239746 21.4449996948242 19.6599998474121 17.875 16.0890007019043 16.2450008392334 18.7110004425049 21.1770000457764 21.8649997711182 21.8910007476807 21.9379997253418
25.9449996948242 25.7670001983643 21.6870002746582 19.7940006256104 18.2700004577637 14.16100025177 13.710000038147 14.0159997940063 15.9379997253418 16.8969993591309 16.5300006866455 13.6920003890991 10.7620000839233 20.4979991912842 26.3090000152588 27.6429996490479 27.9459991455078 28.7040004730225 30.867000579834 33.7719993591309 33.8559989929199 34.0960006713867 32.6319999694824 32.2480010986328 31.7479991912842 15.3240003585815 12.0780000686646 9.3459997177124 15.6909999847412 20.0480003356934 21.9489994049072 24.5540008544922 28.6219997406006 29.882999420166 27.9820003509521 28.3509998321533 26.253999710083 24.4689998626709 22.6840000152588 20.8990001678467 19.7639999389648 22.0069999694824 25.2959995269775 22.57200050354 22.3649997711182 24.2080001831055
22.0240001678467 22.3770008087158 21.2730007171631 20.0139999389648 10.4010000228882 9.39099979400635 8.9399995803833 8.48799991607666 8.03699970245361 8.27499961853027 8.67700004577637 8.31400012969971 16.0550003051758 23.4930000305176 25.7000007629395 27.7000007629395 28.3360004425049 28.9209995269775 31.9120006561279 35.798999786377 36.1949996948242 35.6990013122559 32.1720008850098 31.2880001068115 23.7950000762939 15.043999671936 15.4849996566772 17.5620002746582 19.5949993133545 22.5380001068115 23.7250003814697 27.7269992828369 29.511999130249 30.4589996337891 29.7490005493164 29.6949996948242 29.253999710083 27.8080005645752 26.3619995117188 24.882999420166 23.3920001983643 25.3540000915527 26.681999206543 24.7509994506836 24.8959999084473 25.3610000610352
21.3799991607666 21.8859996795654 21.1959991455078 16.4349994659424 5.07200002670288 4.62099981307983 4.16900014877319 3.71799993515015 4.4060001373291 5.21199989318848 8.08699989318848 11.4040002822876 16.0279998779297 23.4659996032715 26.0389995574951 27.673999786377 30.0729999542236 32.2519989013672 35.6020011901855 36.5740013122559 36.310001373291 35.9700012207031 33.2290000915527 28.2569999694824 16.1389999389648 16.1009998321533 17.0610008239746 18.6389999389648 20.806999206543 24.173999786377 24.9610004425049 25.7369995117188 28.6180000305176 30.5849990844727 30.5300006866455 29.9580001831055 29.5359992980957 27.8169994354248 26.5139999389648 25.0240001678467 23.5330009460449 26.0149993896484 26.8129997253418 27.3250007629395 29.3299999237061 28.1909999847412
16.2740001678467 17.3120002746582 13.3680000305176 3.29200005531311 1.18799996376038 2.07200002670288 2.95700001716614 3.69600009918213 4.24100017547607 4.78599977493286 6.09899997711182 13.2200002670288 19.3490009307861 23.5130004882812 27.1580009460449 28.2169990539551 30.3619995117188 33.7799987792969 35.5989990234375 36.1129989624023 35.9290008544922 35.9360008239746 33.7000007629395 27.7029991149902 19.8840007781982 19.7390003204346 20.8770008087158 22.0149993896484 19.3330001831055 22.8929996490479 22.8470001220703 24.2670001983643 28.7250003814697 30.8409996032715 30.4890003204346 30.2970008850098 29.75 28.0310001373291 26.3120002746582 25.1599998474121 24.007999420166 26.5830001831055 26.9419994354248 28.8740005493164 31.076000213623 30.7950000762939
3.71300005912781 7.13700008392334 5.28299999237061 0.83899998664856 1.50800001621246 2.1800000667572 2.72499990463257 3.26999998092651 3.81500005722046 4.28700017929077 4.11100006103516 11.2309999465942 18.3519992828369 24.8689994812012 26.8239994049072 29.443000793457 31.5620002746582 33.8269996643066 34.7890014648438 35.3310012817383 35.5499992370605 35.5019989013672 33.0299987792969 28.0249996185303 25.1679992675781 23.5540008544922 20.2220001220703 13.9700002670288 7.71700000762939 7.75899982452393 21.4360008239746 21.6359996795654 25.9370002746582 30.4580001831055 29.8910007476807 29.9409999847412 24.3759994506836 19.3719997406006 20.0699996948242 21.0020008087158 24.0750007629395 25.757999420166 27.007999420166 31.6529998779297 32.6689987182617 32.976001739502
3.26600003242493 2.87800002098083 0.833000004291534 1.05599999427795 1.20899999141693 1.75499999523163 2.29999995231628 2.84500002861023 3.39000010490417 3.625 3.20799994468689 9.24300003051758 16.3640003204346 23.3059997558594 26.378999710083 29.7129993438721 31.4020004272461 31.9150009155273 33.2229995727539 34.2249984741211 35.0849990844727 34.9850006103516 32.0460014343262 27.375 27.4540004730225 23.6940002441406 17.5960006713867 8.92800045013428 1.87100005149841 2.79500007629395 17.0919990539551 21.4549999237061 16.7329998016357 29.3139991760254 29.386999130249 29.5739994049072 17.9270000457764 13.2430000305176 8.90200042724609 21.8939990997314 25.4080009460449 26.0130004882812 27.2749996185303 31.3439998626709 33.7910003662109 33.9970016479492
9.77099990844727 8.8769998550415 3.95700001716614 1.05999994277954 1.08200001716614 1.3289999961853 1.87399995326996 2.41899991035461 2.96399998664856 2.94600009918213 2.52900004386902 7.25500011444092 14.375 14.6140003204346 18.3950004577637 27.628999710083 29.6539993286133 31.0820007324219 32.2669982910156 32.3050003051758 33.2729988098145 32.4809989929199 29.738000869751 29.2339992523193 29.1499996185303 25.1070003509521 10.0069999694824 3.03999996185303 2.4779999256134 1.90600001811981 15.1639995574951 10.4230003356934 7.19099998474121 23.1009998321533 23.0930004119873 25.7959995269775 13.8369998931885 8.94900035858154 9.51799964904785 20.0970001220703 24.8850002288818 25.7520008087158 26.6679992675781 32.3390007019043 33.5789985656738 34.6710014343262
15.043999671936 13.5939998626709 8.47700023651123 3.55699992179871 1.44200003147125 1.10899996757507 1.44900000095367 1.99399995803833 2.52900004386902 2.26799988746643 1.85099995136261 5.26700019836426 10.0570001602173 5.88600015640259 14.0600004196167 25.5389995574951 27.3099994659424 28.173999786377 30.7150001525879 30.3209991455078 29.9379997253418 29.5990009307861 28.4570007324219 28.7049999237061 28.8199996948242 25.1569995880127 9.50100040435791 4.52600002288818 3.36100006103516 2.75799989700317 5.49200010299683 2.16400003433228 2.42700004577637 8.33699989318848 8.53400039672852 10.16100025177 9.74199962615967 10.2360000610352 10.6660003662109 12.1940002441406 18.7019996643066 24.9500007629395 24.9340000152588 31.4599990844727 32.5260009765625 34.4780006408691
