02_asc_chm-r50m/BR210B.asc
NCOLS 200 
NROWS 200 
XLLCORNER 535914.5 
YLLCORNER 5285226.5 
CELLSIZE 0.5 
NODATA_value -3.4e+38 
[rows 160 to 179 of 200, columns 46 to 91 of 200]
1.99899995326996 2.04200005531311 1.70500004291534 1.54100000858307 1.54299998283386 3.6340000629425 5.51399993896484 6.94000005722046 8.58500003814697 14.7089996337891 17.8759994506836 21.92799949646 25.423999786377 26.128999710083 26.923999786377 26.6189994812012 22.9300003051758 23.0699996948242 26.4729995727539 18.2299995422363 10.085000038147 5.7020001411438 3.78299999237061 2.02999997138977 2.90700006484985 5.98999977111816 9.82800006866455 13.3380002975464 15.3450002670288 19.2849998474121 21.1229991912842 22.6520004272461 23.4740009307861 23.7329998016357 24.1270008087158 26.8449993133545 29.3010005950928 28.1110000610352 26.1949996948242 28.6189994812012 30.5540008544922 31.1040000915527 31.4309997558594 31.3330001831055 30.6809997558594 30.617000579834
4.02899980545044 2.4300000667572 2.17899990081787 1.88499999046326 1.65799999237061 1.01800000667572 0.820999979972839 3.11700010299683 6.94600009918213 11.6269998550415 16.3080005645752 22.3759994506836 25.5809993743896 26.6620006561279 28.488000869751 28.1800003051758 26.9440002441406 27.94700050354 29.4340000152588 27.7099990844727 12.835000038147 7.10099983215332 4.89400005340576 4.82499980926514 5.31599998474121 8.87800025939941 12.2299995422363 14.6730003356934 16.3910007476807 18.1439990997314 21.1380004882812 22.9160003662109 23.7040004730225 28.6900005340576 29.1870002746582 31.4080009460449 32.0919990539551 31.1650009155273 27.7299995422363 27.1639995574951 29.011999130249 29.6140003204346 28.2789993286133 30.1979999542236 30.1200008392334 30.5750007629395
6.85200023651123 2.67499995231628 3.20000004768372 2.76600003242493 1.40199995040894 0.688000023365021 0.663999974727631 0.929000020027161 7.22200012207031 12.7360000610352 18.0340003967285 22.7439994812012 25.8390007019043 27.44700050354 30.181999206543 30.2560005187988 30.1079998016357 30.4400005340576 29.8959999084473 29.5109996795654 17.1359996795654 8.79199981689453 7.92999982833862 7.63199996948242 6.34800004959106 6.69600009918213 8.90999984741211 12.1510000228882 16.3549995422363 16.9759998321533 19.6380004882812 23.5830001831055 23.951000213623 29.7189998626709 32.314998626709 32.6669998168945 32.8250007629395 33.0419998168945 29.0009994506836 29.3649997711182 27.6340007781982 26.8139991760254 22.2269992828369 26.4340000152588 26.4589996337891 24.4370002746582
12.0719995498657 6.60200023651123 3.92300009727478 4.09100008010864 1.39400005340576 0.722000002861023 0.545000016689301 0.898000001907349 1.02499997615814 10.9350004196167 18.4729995727539 26.5639991760254 29.9619998931885 31.4080009460449 31.1340007781982 31.6770000457764 31.6709995269775 31.5139999389648 30.3460006713867 25.7959995269775 12.9569997787476 10.3640003204346 9.42700004577637 9.17199993133545 9.49499988555908 16.0160007476807 10.206000328064 9.78400039672852 15.1330003738403 17.6049995422363 19.5060005187988 22.9720001220703 24.1860008239746 30.5149993896484 33.1230010986328 33.4150009155273 34.0709991455078 34.3209991455078 34.2080001831055 34.1949996948242 29.6280002593994 22.9340000152588 18.9419994354248 19.0970001220703 18.7800006866455 18.0009994506836
15.3680000305176 9.45899963378906 9.31599998474121 9.31400012969971 7.53299999237061 5.00500011444092 5.97100019454956 7.64300012588501 4.18200016021729 11.6949996948242 21.2210006713867 29.6520004272461 31.9190006256104 31.7029991149902 32.226001739502 32.398998260498 32.0610008239746 32.2229995727539 31.4120006561279 23.5639991760254 11.3039999008179 11.08899974823 10.2589998245239 11.2390003204346 17.9540004730225 27.0219993591309 26.7369995117188 20.7679996490479 23.4729995727539 20.8659992218018 21.4209995269775 22.3500003814697 26.07200050354 31.3400001525879 34.2239990234375 34.6389999389648 35.1500015258789 34.9990005493164 34.3370018005371 34.0740013122559 31.05299949646 24.6189994812012 19.132999420166 17.7870006561279 16.6420001983643 15.8079996109009
22.3209991455078 19.8309993743896 21.1079998016357 18.1340007781982 16.7870006561279 21.6079998016357 23.007999420166 19.988000869751 18.4360008239746 16.8850002288818 21.4309997558594 26.7609996795654 31.2719993591309 32.6030006408691 32.9809989929199 32.9169998168945 32.3219985961914 32.4900016784668 31.8840007781982 21.5919990539551 11.7930002212524 11.3870000839233 13.826000213623 18.382999420166 25.3020000457764 26.3780002593994 28.2509994506836 29.4540004730225 28.2199993133545 26.9769992828369 25.886999130249 26.556999206543 28.3129997253418 32.4379997253418 34.9080009460449 35.6150016784668 36.0309982299805 35.5260009765625 34.4809989929199 33.7709999084473 29.0279998779297 26.1140003204346 20.7919998168945 17.5370006561279 16.7900009155273 14.1850004196167
23.32200050354 27.3939990997314 28.3600006103516 27.7210006713867 24.9060001373291 29.4589996337891 29.1110000610352 28.7530002593994 27.7040004730225 26.6550006866455 25.7740001678467 27.1889991760254 30.9599990844727 32.9420013427734 33.4290008544922 33.3650016784668 32.6679992675781 32.4900016784668 32.2729988098145 25.8649997711182 19.8129997253418 13.1630001068115 12.3170003890991 18.1529998779297 23.7560005187988 27.2360000610352 28.9400005340576 29.8090000152588 30.1639995574951 30.2950000762939 28.8969993591309 28.0809993743896 27.931999206543 32.5340003967285 35.8489990234375 36.6749992370605 36.6679992675781 36.1150016784668 35.0400009155273 33.3460006713867 28.8059997558594 27.4270000457764 21.9220008850098 16.4449996948242 15.831000328064 14.0100002288818
28.113000869751 30.9680004119873 31.193000793457 30.7360000610352 30.2880001068115 30.378999710083 30.2119998931885 29.363000869751 28.4740009307861 28.1340007781982 27.7950000762939 27.7240009307861 31.4130001068115 33.023998260498 33.8450012207031 33.6949996948242 33.007999420166 32.3460006713867 31.6550006866455 28.7180004119873 27.617000579834 23.8479995727539 12.0719995498657 11.9779996871948 19.5709991455078 27.3449993133545 29.0170001983643 29.7870006561279 30.882999420166 31.1840000152588 30.4750003814697 28.1550006866455 27.7630004882812 30.9379997253418 35.3740005493164 37.056999206543 37.1370010375977 36.7610015869141 35.6860008239746 34.5859985351562 27.7999992370605 25.1040000915527 19.2950000762939 15.5979995727539 15.0220003128052 13.4370002746582
31.2430000305176 31.6310005187988 32.0909996032715 32.3279991149902 32.0089988708496 31.5179996490479 31.1940002441406 27.8320007324219 29.4249992370605 29.0300006866455 28.6340007781982 28.6149997711182 30.9449996948242 32.5740013122559 33.4640007019043 33.4090003967285 32.8720016479492 32.3240013122559 31.7099990844727 31.2919998168945 29.4589996337891 22.0189990997314 11.9940004348755 12.7089996337891 26.9850006103516 28.056999206543 29.2339992523193 29.5769996643066 30.5580005645752 30.9759998321533 30.7110004425049 30.7399997711182 30.4449996948242 33.0660018920898 35.673999786377 36.4799995422363 36.6500015258789 36.2509994506836 35.6730003356934 33.5620002746582 27.9160003662109 23.9860000610352 19.7889995574951 17.7350006103516 15.6619997024536 9.99699974060059
30.2399997711182 31.8229999542236 32.8489990234375 33.4459991455078 32.9780006408691 32.0699996948242 31.5699996948242 27.4400005340576 24.2439994812012 29.1900005340576 28.9699993133545 29.6909999847412 31.0620002746582 31.7469997406006 32.742000579834 32.9059982299805 32.5139999389648 31.9570007324219 30.4479999542236 29.871000289917 29.6590003967285 28.8929996490479 20.2339992523193 22.7560005187988 27.8939990997314 29.076000213623 29.2630004882812 29.4939994812012 30.0860004425049 30.4400005340576 30.7479991912842 30.7910003662109 32.4980010986328 33.7840003967285 34.6839981079102 35.5279998779297 35.5639991760254 35.2379989624023 34.7430000305176 32.3870010375977 27.4549999237061 26.7530002593994 23.7880001068115 19.0380001068115 16.3579998016357 13.0459995269775
27.9360008239746 31.1060009002686 33.2630004882812 33.5769996643066 33.1080017089844 32.3790016174316 32.0270004272461 31.0289993286133 28.3519992828369 29.1189994812012 29.2549991607666 30.0900001525879 31.0359992980957 31.2150001525879 31.992000579834 32.476001739502 31.738000869751 31.3500003814697 29.0400009155273 28.8540000915527 28.9360008239746 27.1760005950928 25.4500007629395 26.2329998016357 28.2099990844727 28.9659996032715 29.0590000152588 29.3199996948242 29.8740005493164 30.1340007781982 29.8099994659424 31.0750007629395 31.8059997558594 33.5139999389648 34.4630012512207 35.109001159668 35.0289993286133 34.6189994812012 33.648998260498 31.4209995269775 28.7810001373291 27.6240005493164 26.9589996337891 19.6070003509521 18.9629993438721 19.9139995574951
29.568000793457 30.1140003204346 32.7709999084473 32.9860000610352 32.4269981384277 32.2109985351562 31.4080009460449 29.4409999847412 29.4150009155273 29.3460006713867 28.9669990539551 30.0639991760254 30.8519992828369 30.7980003356934 31.6229991912842 31.9570007324219 31.4190006256104 31.3490009307861 30.6140003204346 29.5949993133545 28.7040004730225 25.2229995727539 25.4090003967285 25.7259998321533 22.9270000457764 27.5830001831055 28.7709999084473 29.125 29.6669998168945 30.4029998779297 30.3479995727539 31.2479991912842 32.0740013122559 33.5040016174316 34.185001373291 34.7509994506836 34.5390014648438 34.5099983215332 34.0260009765625 32.1440010070801 27.6709995269775 27.1590003967285 27.1709995269775 26.2900009155273 23.1410007476807 22.992000579834
30.625 28.6420001983643 31.2189998626709 32.3870010375977 31.8409996032715 31.628999710083 30.9909992218018 30.3530006408691 29.7870006561279 28.4360008239746 28.0389995574951 27.7830009460449 30.2150001525879 30.5480003356934 31.3950004577637 30.6630001068115 30.2080001831055 30.3899993896484 29.5499992370605 28.9549999237061 29.2259998321533 26.7609996795654 24.7789993286133 22.4249992370605 17.2439994812012 23.5219993591309 26.3649997711182 27.5310001373291 31.3990001678467 32.5989990234375 33.6069984436035 33.4729995727539 33.6759986877441 33.9109992980957 34.2000007629395 34.4480018615723 33.8440017700195 31.2110004425049 31.9130001068115 29.8959999084473 27.056999206543 23.568000793457 25.7229995727539 25.3239994049072 25.0809993743896 24.2569999694824
32.5439987182617 31.6879997253418 32.4059982299805 31.2310009002686 30.9860000610352 30.6229991912842 30.2560005187988 30.1959991455078 29.2900009155273 26.8320007324219 26.5919990539551 23.6959991455078 27.1959991455078 29.4389991760254 29.9130001068115 28.818000793457 27.3059997558594 27.0370006561279 27.4810009002686 27.5389995574951 28.0200004577637 23.6720008850098 22.2730007171631 18.3409996032715 17.2259998321533 23.8810005187988 23.9069995880127 26.3129997253418 30.9139995574951 33.5029983520508 33.882999420166 33.8839988708496 33.7770004272461 33.9339981079102 34.2029991149902 34.3759994506836 34.125 27.2350006103516 24.1159992218018 24.8640003204346 25.1079998016357 7.41499996185303 22.2210006713867 27.8460006713867 27.9629993438721 27.6490001678467
33.2490005493164 32.8740005493164 31.5849990844727 28.4080009460449 30.1000003814697 29.9659996032715 29.9559993743896 28.738000869751 26.9820003509521 25.9680004119873 26.7070007324219 25.7250003814697 27.9939994812012 28.5839996337891 28.6959991455078 28.0939998626709 27.2830009460449 26.9680004119873 26.6830005645752 26.4640007019043 24.5960006713867 21.7019996643066 20.5499992370605 19.6110000610352 21.6389999389648 23.3419990539551 25.9060001373291 31.1979999542236 33.0940017700195 33.6959991455078 33.9370002746582 33.9650001525879 33.859001159668 33.9049987792969 34.0359992980957 34.4420013427734 34.4169998168945 34.0849990844727 30.8309993743896 26.3950004577637 28.1580009460449 29.1270008087158 30.2670001983643 30.2029991149902 28.9570007324219 28.82200050354
32.931999206543 32.5089988708496 29.8969993591309 26.2880001068115 27.8419990539551 28.6049995422363 29.4389991760254 27.2169990539551 27.0389995574951 26.2169990539551 26.8980007171631 27.3290004730225 27.8810005187988 28.6049995422363 28.6310005187988 28.1639995574951 27.451000213623 26.8600006103516 26.6870002746582 26.4619998931885 24.8439998626709 22.257999420166 20.1520004272461 19.0459995269775 21.05299949646 27.2759990692139 29.7229995727539 31.753999710083 33.306999206543 33.8390007019043 34.0299987792969 34.0400009155273 34.0200004577637 34.0940017700195 34.3839988708496 34.5639991760254 34.4869995117188 34.3779983520508 31.8439998626709 27.9909992218018 29.8090000152588 30.7250003814697 30.7970008850098 30.6550006866455 29.7880001068115 29.7110004425049
32.3639984130859 32.201000213623 31.9459991455078 28.67799949646 27.6639995574951 28.2660007476807 29.7569999694824 29.6110000610352 29.4909992218018 28.7940006256104 29.2320003509521 28.3999996185303 28.9039993286133 29.1499996185303 28.9599990844727 28.8560009002686 28.1000003814697 27.1259994506836 26.5109996795654 25.8490009307861 24.7280006408691 22.003999710083 19.7810001373291 18.5919990539551 20.6790008544922 26.5970001220703 29.80299949646 31.4039993286133 33.3230018615723 33.7840003967285 34.1419982910156 34.2299995422363 34.3460006713867 34.4259986877441 34.4739990234375 34.484001159668 34.4500007629395 34.0830001831055 33.7509994506836 31.6679992675781 31.2840003967285 32.298999786377 32.3580017089844 31.7169990539551 31.556999206543 30.94700050354
31.636999130249 31.3309993743896 30.7509994506836 30.30299949646 28.9790000915527 28.886999130249 30.3190002441406 30.8659992218018 31.0930004119873 31.0849990844727 30.7840003967285 30.8309993743896 30.4009990692139 29.9810009002686 29.5919990539551 28.8020000457764 28.0540008544922 27.2390003204346 26.5709991455078 25.875 24.0349998474121 19.4890003204346 18.9300003051758 19.1830005645752 21.5109996795654 23.8309993743896 29.7439994812012 30.8150005340576 33.0620002746582 34.3940010070801 34.4269981384277 34.5740013122559 34.7299995422363 34.7150001525879 34.7050018310547 34.6339988708496 34.7620010375977 33.6240005493164 33.1479988098145 33.0960006713867 32.5309982299805 33.1699981689453 33.5719985961914 33.2290000915527 32.7109985351562 32.4519996643066
29.0699996948242 28.257999420166 28.0270004272461 28.0729999542236 29.4829998016357 30.4489994049072 31.1879997253418 31.6760005950928 32.0540008544922 31.9360008239746 31.5580005645752 31.3470001220703 30.7369995117188 30.1870002746582 30.2900009155273 28.3500003814697 27.4080009460449 27.1849994659424 26.5069999694824 25.507999420166 22.6259994506836 19.5450000762939 20.3810005187988 20.8910007476807 22.3530006408691 22.7759990692139 27.1089992523193 31.9489994049072 34.3160018920898 34.6399993896484 34.6780014038086 34.765998840332 34.826000213623 34.6290016174316 34.7779998779297 34.6889991760254 34.923999786377 34.3110008239746 33.7169990539551 32.0499992370605 29.7150001525879 31.4860000610352 34.0950012207031 34.0670013427734 33.3030014038086 32.8969993591309
27.0769996643066 26.0470008850098 25.2819995880127 25.7059993743896 28.5300006866455 30.3950004577637 31.8120002746582 32.1529998779297 32.9469985961914 32.7400016784668 32.4879989624023 32.1949996948242 30.7549991607666 30.306999206543 29.5410003662109 27.6809997558594 27.0520000457764 26.181999206543 25.7199993133545 25.1229991912842 24.2000007629395 22.5540008544922 22.0400009155273 22.8549995422363 24.7770004272461 26.3719997406006 28.2040004730225 32.9059982299805 34.1619987487793 34.5279998779297 34.7249984741211 35.0040016174316 34.8050003051758 34.3460006713867 34.6349983215332 34.7589988708496 34.9389991760254 34.7309989929199 34.1689987182617 32.8409996032715 30.548999786377 32.2690010070801 33.439998626709 33.8390007019043 33.5750007629395 33.0340003967285
