02_asc_chm-r50m/BR212A.asc
NCOLS 200 
NROWS 200 
XLLCORNER 534727.5 
YLLCORNER 5285374.5 
CELLSIZE 0.5 
NODATA_value -3.4e+38 
[rows 60 to 79 of 200, columns 138 to 183 of 200]
8.50699996948242 3.38000011444092 0.372999995946884 0.331999987363815 0.331999987363815 0.418000012636185 0.504000008106232 0.601999998092651 0.763000011444092 0.989000022411346 1.02999997138977 1.14999997615814 0.851000010967255 1.03299999237061 1.19400000572205 0.97299998998642 0.681999981403351 0.870000004768372 1.09800004959106 1.1690000295639 1.51400005817413 1.95899999141693 2.33599996566772 2.04099988937378 2.41199994087219 3.53600001335144 3.92799997329712 3.66700005531311 3.28200006484985 1.12300002574921 1.01499998569489 1.35599994659424 1.97399997711182 16.121000289917 20.4169998168945 21.5480003356934 23.5839996337891 24.2000007629395 26.7689990997314 27.9440002441406 28.1940002441406 29.1049995422363 28.1340007781982 28.996000289917 28.1399993896484 28.6040000915527
3.02699995040894 1.8639999628067 0.261000007390976 0.326999992132187 0.412999987602234 0.499000012874603 0.586000025272369 0.693000018596649 0.765999972820282 0.885999977588654 0.927999973297119 1.00899994373322 1.14800000190735 1.12000000476837 1.16299998760223 0.939000010490417 0.88400000333786 1.1360000371933 1.31599998474121 1.49699997901917 1.77699995040894 2.16000008583069 2.26300001144409 2.49600005149841 2.93300008773804 3.49699997901917 3.76099991798401 3.65400004386902 2.50699996948242 1.54200005531311 1.0460000038147 1.53799998760223 4.0460000038147 7.95499992370605 20.1979999542236 23.8500003814697 26.4610004425049 27.1490001678467 29.201000213623 30.011999130249 30.5699996948242 31.3040008544922 31.1509990692139 30.2290000915527 29.4610004425049 29.6149997711182
2.04900002479553 0.293000012636185 0.28099998831749 0.432000011205673 0.587999999523163 0.744000017642975 0.899999976158142 0.89300000667572 0.741999983787537 0.782999992370605 0.824999988079071 0.866999983787537 0.949000000953674 1.07400000095367 1.18599998950958 1.06900000572205 1.13300001621246 1.44500005245209 1.63100004196167 1.692999958992 2.02300000190735 2.79999995231628 3.10400009155273 3.59200000762939 3.55399990081787 3.29699993133545 3.32599997520447 2.85899996757507 1.75499999523163 1.62699997425079 1.43099999427795 1.1690000295639 1.54799997806549 6.69600009918213 17.1800003051758 25.2350006103516 27.5499992370605 28.8649997711182 31.3999996185303 32.2610015869141 32.6790008544922 32.7360000610352 32.7859992980957 32.2249984741211 31.6949996948242 30.9260005950928
1.26400005817413 0.40200001001358 0.377999991178513 0.419999986886978 0.497999995946884 0.612999975681305 0.768999993801117 0.76800000667572 0.667999982833862 0.725000023841858 0.757000029087067 0.788999974727631 0.856000006198883 0.878000020980835 4.27699995040894 2.44700002670288 12.956000328064 5.50699996948242 1.8639999628067 2.23600006103516 2.21199989318848 3.34299993515015 4.11999988555908 4.55999994277954 3.78399991989136 2.81900000572205 2.8289999961853 2.13700008392334 1.49300003051758 1.49100005626678 1.42200005054474 1.29499995708466 1.37300002574921 8.31099987030029 20.8500003814697 26.5729999542236 28.3619995117188 30.136999130249 32.8370018005371 33.1769981384277 33.7169990539551 33.9710006713867 33.8409996032715 33.3860015869141 32.9490013122559 31.4200000762939
0.549000024795532 0.550999999046326 0.526000022888184 0.481000006198883 0.583999991416931 0.760999977588654 0.832000017166138 0.63400000333786 0.583999991416931 0.624000012874603 0.681999981403351 0.764999985694885 0.736000001430511 4.76700019836426 11.3479995727539 13.4010000228882 18.4869995117188 10.128999710083 6.24399995803833 2.53299999237061 2.38100004196167 2.74499988555908 4.46700000762939 4.76999998092651 4.32499980926514 3.17799997329712 2.31200003623962 1.90900003910065 1.0110000371933 1.04499995708466 0.967000007629395 0.910000026226044 1.68499994277954 16.4529991149902 25.0750007629395 27.4099998474121 28.4599990844727 30.4759998321533 32.8610000610352 33.9819984436035 34.8619995117188 35.265998840332 34.7120018005371 34.2560005187988 33.765998840332 32.5029983520508
0.680000007152557 0.684000015258789 0.675999999046326 0.683000028133392 1.05799996852875 1.1690000295639 0.973999977111816 0.746999979019165 0.521000027656555 0.522000014781952 0.601999998092651 0.563000023365021 0.515999972820282 4.73199987411499 15.2779998779297 18.5739994049072 18.9820003509521 18.5739994049072 9.99600028991699 2.4210000038147 2.3050000667572 2.72499990463257 4.01200008392334 4.16900014877319 3.49900007247925 2.90799999237061 2.25399994850159 1.47399997711182 1.27100002765656 1.50499999523163 1.74000000953674 1.97399997711182 2.40700006484985 15.2589998245239 25.6790008544922 28.113000869751 29.8050003051758 31.7240009307861 33.4570007324219 34.6650009155273 35.4570007324219 35.7360000610352 35.3089981079102 35.4449996948242 34.5379981994629 33.4930000305176
0.782000005245209 0.685999989509583 0.577000021934509 0.689000010490417 1.14600002765656 0.976000010967255 0.772000014781952 0.532000005245209 0.41499999165535 0.40200001001358 0.388999998569489 0.319000005722046 0.358999997377396 1.99600005149841 13.0799999237061 18.3640003204346 15.5319995880127 15.3579998016357 8.14200019836426 2.23699998855591 2.14499998092651 2.31200003623962 2.88800001144409 3.08899998664856 2.76900005340576 2.34299993515015 2.23399996757507 1.53900003433228 1.53100001811981 1.72899997234344 1.8860000371933 1.95099997520447 2.20900011062622 18.4440002441406 26.8470001220703 28.4379997253418 30.3400001525879 31.8589992523193 33.6319999694824 34.8610000610352 35.4010009765625 36.2410011291504 36.3230018615723 36.0519981384277 35.2159996032715 34.3310012817383
1.06599998474121 0.699999988079071 0.63400000333786 0.90200001001358 1.0900000333786 0.704999983310699 0.630999982357025 0.495999991893768 0.426999986171722 0.312000006437302 0.331999987363815 0.354000002145767 0.39300000667572 0.430999994277954 2.875 1.23599994182587 7.34999990463257 2.46700000762939 2.17499995231628 1.78299999237061 1.85500001907349 1.80099999904633 2.15400004386902 2.38899993896484 2.00500011444092 2.01999998092651 1.96200001239777 1.56200003623962 1.64999997615814 1.66700005531311 1.60800004005432 1.54999995231628 1.40600001811981 17.1900005340576 26.6180000305176 27.9400005340576 29.4449996948242 31.7880001068115 33.6629981994629 34.5769996643066 35.1650009155273 36.0699996948242 36.4080009460449 35.9519996643066 34.9389991760254 34.5330009460449
1.16100001335144 1.05999994277954 1.07599997520447 1.30499994754791 1.19900000095367 0.603999972343445 0.670000016689301 0.745999991893768 0.352999985218048 0.351000010967255 0.745999991893768 0.595000028610229 0.395000010728836 0.430999994277954 0.630999982357025 0.676999986171722 0.560999989509583 0.749000012874603 1.29799997806549 1.79900002479553 1.52400004863739 1.40499997138977 1.55400002002716 1.57400000095367 1.74500000476837 1.70500004291534 1.57200002670288 1.48800003528595 3.22699999809265 1.76999998092651 1.25 1.18900001049042 1.12800002098083 14.0539999008179 25.8269996643066 27.0330009460449 27.9839992523193 30.9990005493164 33.3959999084473 34.1870002746582 34.4529991149902 35.3610000610352 35.7869987487793 35.2770004272461 34.548999786377 34.3059997558594
1.45899999141693 1.40900003910065 1.76499998569489 1.88699996471405 1.40100002288818 0.469999998807907 0.662000000476837 0.550999999046326 0.384999990463257 1.06700003147125 1.74800002574921 1.63199996948242 1.32500004768372 1.01800000667572 0.740000009536743 0.609000027179718 0.488999992609024 0.558000028133392 0.876999974250793 1.39999997615814 1.49300003051758 0.990000009536743 1.10599994659424 1.33800005912781 1.48500001430511 1.36099994182587 1.30299997329712 1.34599995613098 2.16000008583069 5.0770001411438 6.66099977493286 5.20300006866455 3.74600005149841 3.50399994850159 18.8470001220703 25.5440006256104 27.2569999694824 31.1119995117188 32.6360015869141 33.0709991455078 33.1520004272461 34.4339981079102 35.0660018920898 34.9910011291504 34.4259986877441 33.5820007324219
1.91299998760223 1.44700002670288 1.90900003910065 2.05299997329712 1.60699999332428 1.00499999523163 0.75 0.490000009536743 1.38699996471405 2.06900000572205 2.75099992752075 2.67000007629395 2.36299991607666 2.05699992179871 1.94900000095367 1.85399997234344 1.50399994850159 1.18799996376038 1.33700001239777 0.690999984741211 0.867999970912933 0.638999998569489 0.921999990940094 1.21599996089935 1.14999997615814 1.11699998378754 1.1599999666214 1.2039999961853 1.24699997901917 3.76900005340576 6.68699979782104 9.60499954223633 10.0950002670288 8.63700008392334 11.3479995727539 20.4060001373291 25.6860008239746 30.121000289917 31.5629997253418 31.4080009460449 31.5470008850098 33.9739990234375 34.6800003051758 34.0690002441406 33.7309989929199 32.923999786377
1.96800005435944 1.0460000038147 0.955999970436096 1.90699994564056 1.85399997234344 1.64199995994568 0.934000015258789 0.624000012874603 1.9099999666214 3.07100009918213 3.75300002098083 3.70799994468689 3.40100002288818 3.17000007629395 3.15899991989136 3.09800004959106 2.74900007247925 2.50799989700317 3.52699995040894 1.23399996757507 0.23199999332428 0.504999995231628 0.910000026226044 0.939000010490417 0.930999994277954 0.975000023841858 1.01800000667572 1.06099998950958 1.10500001907349 2.46199989318848 5.37900018692017 8.29699993133545 11.2150001525879 14.1319999694824 13.5279998779297 20.4370002746582 24.6450004577637 27.9020004272461 29.1340007781982 30.0380001068115 31.492000579834 33.4010009765625 32.9249992370605 32.7869987487793 32.7280006408691 32.4809989929199
2.14299988746643 1.84200000762939 3.00600004196167 3.17300009727478 2.26999998092651 1.49100005626678 1.12300002574921 0.758000016212463 1.85500001907349 3.69899988174438 4.75500011444092 4.74499988555908 4.50099992752075 4.36600017547607 4.36800003051758 4.34299993515015 4.0310001373291 7.00099992752075 5.71700000762939 3.53600001335144 1.692999958992 0.493999987840652 0.727999985218048 0.745000004768372 0.788999974727631 0.832000017166138 0.875999987125397 0.919000029563904 0.962000012397766 1.15400004386902 4.07100009918213 6.98899984359741 9.9069995880127 12.8240003585815 15.7419996261597 19.3040008544922 24.9810009002686 26.326000213623 26.2240009307861 28.3619995117188 30.5419998168945 31.7959995269775 32.048999786377 31.9099998474121 31.7350006103516 30.57200050354
2.94700002670288 2.78399991989136 3.03099989891052 2.86299991607666 1.77799999713898 0.768999993801117 0.876999974250793 0.771000027656555 1.79900002479553 3.64499998092651 5.48899984359741 5.83199977874756 5.61399984359741 5.57499980926514 5.5770001411438 5.5789999961853 7.88100004196167 10.1990003585815 8.08899974822998 6.00899982452393 4.16599988937378 1.82400000095367 0.560000002384186 0.602999985218048 0.646000027656555 0.689999997615814 0.732999980449677 0.77700001001358 0.819999992847443 0.862999975681305 2.76300001144409 5.68100023269653 8.59899997711182 11.5170001983643 14.3640003204346 16.7520008087158 22.3099994659424 26.07200050354 26.3279991149902 27.0349998474121 27.8090000152588 30.2169990539551 30.6140003204346 31.9169998168945 31.7609996795654 27.2779998779297
3.34599995613098 3.55299997329712 3.3289999961853 3.16300010681152 2.66199994087219 0.485000014305115 0.375999987125397 1.27699995040894 4.61600017547607 5.43699979782104 5.41599988937378 7.60200023651123 10.9479999542236 10.0450000762939 9.89200019836426 9.63700008392334 12.4130001068115 12.7049999237061 10.3249998092651 8.48200035095215 5.94199991226196 2.25699996948242 0.721000015735626 0.575999975204468 0.504000008106232 0.546999990940094 0.591000020503998 0.63400000333786 0.677999973297119 0.721000015735626 1.4559999704361 4.3730001449585 7.29099988937378 10.2089996337891 12.831000328064 15.2220001220703 16.2159996032715 16.0279998779297 16.4740009307861 24.0610008239746 23.9150009155273 28.1909999847412 27.5440006256104 27.4720001220703 25.4939994812012 23.6849994659424
2.6470000743866 3.20300006866455 3.44700002670288 3.40100002288818 2.38899993896484 0.505999982357025 0.541000008583069 2.99799990653992 6.96700000762939 9.84899997711182 13.6079998016357 18.7849998474121 16.9360008239746 15.8039999008179 17.367000579834 17.3859996795654 16.1410007476807 14.8839998245239 12.581000328064 10.0590000152588 7.31799983978271 2.32699990272522 0.916000008583069 0.771000027656555 0.625999987125397 0.481000006198883 0.448000013828278 0.492000013589859 0.535000026226044 0.578999996185303 0.621999979019165 3.06500005722046 5.98299980163574 8.90100002288818 11.3000001907349 15.9040002822876 18.193000793457 16.8150005340576 15.6149997711182 17.4220008850098 20.3159999847412 23.0380001068115 22.7679996490479 19.7290000915527 15.5100002288818 11.7829999923706
2.3529999256134 2.56299996376038 2.67400002479553 2.98300004005432 2.09500002861023 0.712000012397766 0.704999983310699 4.67700004577637 9.7790002822876 15.8649997711182 26.0209999084473 25.4220008850098 23.0249996185303 20.5090007781982 22.5900001525879 22.94700050354 23.0919990539551 17.9270000457764 13.8579998016357 11.6560001373291 7.38800001144409 2.39599990844727 1.09200000762939 0.966000020503998 0.820999979972839 0.675999999046326 0.531000018119812 0.386000007390976 0.39300000667572 0.435999989509583 0.479999989271164 1.75699996948242 4.67500019073486 7.37799978256226 11.33899974823 17.9209995269775 20.4979991912842 19.1200008392334 17.7430000305176 17.2660007476807 19.4459991455078 21.6270008087158 20.7719993591309 16.6429996490479 12.5139999389648 8.38500022888184
2.29800009727478 2.84800004959106 1.90400004386902 1.78600001335144 1.43299996852875 0.919000029563904 2.04299998283386 6.35699987411499 15.3439998626709 25.5930004119873 27.0900001525879 27.128999710083 27.0410003662109 26.3330001831055 26.6720008850098 26.6660003662109 26.5049991607666 22.7089996337891 21.5510005950928 23.1110000610352 10.5270004272461 2.46600008010864 1.19700002670288 1.16100001335144 1.01600003242493 0.870999991893768 0.726000010967255 0.580999970436096 0.435999989509583 0.293999999761581 0.337000012397766 0.449000000953674 3.36700010299683 6.77400016784668 13.3559999465942 19.9379997253418 22.8040008544922 21.4260005950928 20.621000289917 20.7600002288818 22.8419990539551 24.3090000152588 23.1550006866455 19.2430000305176 15.1140003204346 10.9849996566772
3.07399988174438 3.8970000743866 3.79699993133545 2.79099988937378 1.7849999666214 2.42000007629395 3.08699989318848 7.28999996185303 18.503999710083 26.4009990692139 27.2169990539551 27.0869998931885 28.0349998474121 28.4060001373291 28.3400001525879 27.9799995422363 27.5270004272461 27.2369995117188 25.4720001220703 24.4349994659424 19.6459999084473 1.84099996089935 1.16999995708466 1.35599994659424 1.21099996566772 1.06599998474121 0.921000003814697 0.774999976158142 0.629999995231628 0.485000014305115 0.340000003576279 0.238000005483627 2.20900011062622 8.79100036621094 15.3730001449585 21.9549999237061 25.1089992523193 24.0520000457764 24.05299949646 24.3279991149902 26.238000869751 25.8889999389648 24.7789993286133 21.8430004119873 17.7140007019043 13.585000038147
3.84999990463257 4.6729998588562 5.49599981307983 4.74499988555908 3.73900008201599 4.91099977493286 6.34499979019165 7.72700023651123 22.1790008544922 25.4370002746582 27.2959995269775 27.3959999084473 28.3680000305176 29.2479991912842 29.242000579834 28.8040008544922 28.2859992980957 28.2660007476807 27.4370002746582 25.8099994659424 8.5310001373291 0.486999988555908 1.17200005054474 5.44700002670288 4.63899993896484 4.42199993133545 3.00200009346008 1.58299994468689 0.830999970436096 0.685999989509583 0.541000008583069 0.395999997854233 2.70900011062622 9.90499973297119 17.3899993896484 23.9720001220703 27.4829998016357 27.6909999847412 27.3199996948242 27.8959999084473 29.5790004730225 27.4689998626709 26.4029998779297 24.443000793457 20.3139991760254 16.701000213623
