02_asc_chm-r50m/BR211Y.asc
NCOLS 200 
NROWS 200 
XLLCORNER 530252.5 
YLLCORNER 5287503.5 
CELLSIZE 0.5 
NODATA_value -3.4e+38 
[rows 160 to 179 of 200, columns 92 to 137 of 200]
28.7810001373291 28.8320007324219 28.2609996795654 23.8509998321533 19.8939990997314 15.9119997024536 14.1239995956421 8.04399967193604 7.16200017929077 2.0550000667572 0.795000016689301 0.769999980926514 0.721000015735626 0.709999978542328 0.740000009536743 0.730000019073486 0.714999973773956 0.699000000953674 0.683000028133392 0.667999982833862 0.65200001001358 0.637000024318695 0.497999995946884 0.407000005245209 0.261000007390976 0.210999995470047 0.324000000953674 1.19400000572205 2.83599996566772 18.1809997558594 25.5799999237061 26.548999786377 26.8920001983643 26.2299995422363 26.3299999237061 25.5310001373291 21.8199996948242 20.8780002593994 23.1669998168945 26.2730007171631 27.1009998321533 27.3419990539551 27.5750007629395 27.0319995880127 25.9169998168945 27.9589996337891
30.1439990997314 30.2049999237061 29.4020004272461 29.1040000915527 26.3950004577637 18.8090000152588 12.3240003585815 0.178000003099442 0.193000003695488 0.219999998807907 0.486999988555908 0.63400000333786 0.560000002384186 0.483999997377396 0.465000003576279 0.449999988079071 0.433999985456467 0.418000012636185 0.402999997138977 0.490000009536743 0.657999992370605 0.827000021934509 0.995999991893768 0.356000006198883 0.30799999833107 0.257999986410141 0.256000012159348 0.282999992370605 2.32100009918213 13.7729997634888 20.886999130249 23.1259994506836 25.8999996185303 25.6630001068115 25.8430004119873 23.8910007476807 22.1679992675781 21.5520000457764 24.5629997253418 25.9349994659424 27.3120002746582 28.0130004882812 28.1760005950928 27.5 27 27.6590003967285
31.6989994049072 31.2150001525879 30.1979999542236 29.6280002593994 29.8349990844727 26.9860000610352 16.3090000152588 0.681999981403351 0.208000004291534 0.333000004291534 0.377000004053116 0.560000002384186 2.76300001144409 7.55499982833862 5.19799995422363 5.36600017547607 5.53499984741211 5.7039999961853 5.87200021743774 6.04099988937378 6.21000003814697 4.30299997329712 0.912000000476837 0.361000001430511 0.321999996900558 0.282999992370605 0.244000002741814 0.308999985456467 0.310999989509583 5.13299989700317 7.65999984741211 11.5509996414185 21.5009994506836 24.6229991912842 23.9249992370605 22.4029998779297 21.2919998168945 24.3419990539551 25.9150009155273 26.2759990692139 27.8320007324219 28.5459995269775 28.7350006103516 28.8479995727539 28.5559997558594 27.9699993133545
32.576000213623 32.9090003967285 32.8530006408691 31.2070007324219 30.7880001068115 28.9340000152588 7.61399984359741 4.12200021743774 4.78800010681152 7.25400018692017 7.59100008010864 15.7370004653931 21.4489994049072 23.6900005340576 22.1110000610352 10.9180002212524 11.0869998931885 11.2550001144409 11.423999786377 9.88000011444092 5.69899988174438 1.35599994659424 4.46700000762939 1.84300005435944 0.344999998807907 0.305999994277954 0.266000002622604 0.282000005245209 0.319000005722046 0.547999978065491 0.842000007629395 6.40700006484985 11.6389999389648 17.9850006103516 21.6919994354248 21.4190006256104 20.6609992980957 24.1310005187988 25.8150005340576 26.1439990997314 28.867000579834 29.7670001983643 29.8110008239746 29.8020000457764 27.5170001983643 26.7999992370605
33.7099990844727 33.9819984436035 34.0289993286133 32.9620018005371 30.6749992370605 30.0729999542236 22.2159996032715 18.8929996490479 14.0369997024536 13.0240001678467 22.3339996337891 28.0869998931885 29.1830005645752 29.2590007781982 28.8859996795654 25.07200050354 16.6380004882812 14.8290004730225 10.4860000610352 6.14200019836426 1.79900002479553 4.50299978256226 6.36499977111816 3.7409999370575 1.11699998378754 0.328000009059906 0.289000004529953 0.409000009298325 0.430999994277954 0.504999995231628 0.629000008106232 5.46299982070923 8.94299983978271 16.4939994812012 19.5629997253418 19.9230003356934 19.9449996948242 23.011999130249 24.7590007781982 26.3199996948242 29.363000869751 30.0939998626709 30.2600002288818 29.5230007171631 28.2320003509521 18.621000289917
34.8650016784668 34.6240005493164 34.2719993591309 32.9160003662109 30.7229995727539 30.1189994812012 27.2700004577637 25.44700050354 23.9120006561279 20.9050006866455 25.6389999389648 29.0170001983643 29.7290000915527 30.1110000610352 29.8059997558594 28.5830001831055 15.2720003128052 10.9289999008179 6.58500003814697 2.24200010299683 3.90799999237061 9.97700023651123 8.26299953460693 5.63899993896484 3.01399993896484 0.389999985694885 0.312000006437302 0.414000004529953 0.284999996423721 0.190999999642372 0.354000002145767 3.23900008201599 10.8520002365112 17.2609996795654 18.3780002593994 19.2630004882812 19.3209991455078 20.9619998931885 22.5860004425049 27.1870002746582 29.0939998626709 29.8990001678467 29.9750003814697 29.2759990692139 29.1909999847412 6.34200000762939
35.2680015563965 35.4669990539551 34.9080009460449 34.1759986877441 31.2259998321533 30.8840007781982 29.4720001220703 25.6259994506836 23.8530006408691 23.7749996185303 27.5799999237061 29.6909999847412 30.5590000152588 30.5610008239746 29.6879997253418 27.7660007476807 23.7250003814697 7.02899980545044 2.68499994277954 3.31399989128113 9.38199996948242 12.7849998474121 10.16100025177 7.53700017929077 4.91200017929077 2.28800010681152 0.333000004291534 0.354000002145767 1.02699995040894 2.83699989318848 6.53599977493286 7.92799997329712 13.2679996490479 14.4969997406006 15.6300001144409 17.132999420166 18.261999130249 17.5510005950928 19.6310005187988 26.1439990997314 27.7900009155273 28.5900001525879 28.7569999694824 28.8799991607666 27.8929996490479 11.9309997558594
35.7120018005371 35.9679985046387 35.2229995727539 34.2910003662109 31.7679996490479 30.7950000762939 30.7439994812012 19.6270008087158 22.9419994354248 26.3110008239746 27.5249996185303 29.5030002593994 30.8400001525879 30.7600002288818 30.32200050354 27.4769992828369 25.617000579834 4.77500009536743 2.71900010108948 8.78800010681152 14.8570003509521 14.6829996109009 12.0590000152588 9.43400001525879 6.80999994277954 4.12799978256226 0.389999985694885 1.25600004196167 4.55999994277954 8.44499969482422 10.5349998474121 10.9549999237061 13.5179996490479 14.7299995422363 15.4350004196167 15.7270002365112 16.7759990692139 17.3229999542236 18.1240005493164 22.7530002593994 24.8929996490479 25.9300003051758 27.5960006713867 27.2870006561279 24.8209991455078 23.4300003051758
35.3019981384277 35.2200012207031 35.0250015258789 34.5410003662109 31.8159999847412 30.4220008850098 27.9080009460449 24.1450004577637 26.2360000610352 27.3640003204346 27.9249992370605 29.5790004730225 30.8050003051758 30.9209995269775 30.6140003204346 27.1180000305176 26.636999130249 6.11199998855591 17.69700050354 15.4619998931885 19.2049999237061 16.5300006866455 13.7620000839233 10.4969997406006 5.96600008010864 1.11600005626678 0.989000022411346 3.08500003814697 4.61299991607666 8.74100017547607 10.4469995498657 11.8620004653931 13.8889999389648 15.1090002059937 15.7239999771118 16.0580005645752 16.9780006408691 19.1240005493164 19.9619998931885 23.4899997711182 24.1110000610352 24.8700008392334 25.9909992218018 25.9349994659424 24.30299949646 23.8169994354248
34.117000579834 33.931999206543 33.2560005187988 33.6049995422363 31.1529998779297 29.8129997253418 28.306999206543 27.125 26.3309993743896 26.4810009002686 27.25 28.632999420166 30.4330005645752 29.7369995117188 29.0610008239746 27.7819995880127 27.9020004272461 29.7189998626709 30.0090007781982 26.7299995422363 21.0370006561279 16.6140003204346 12.1400003433228 7.28999996185303 2.43899989128113 0.666999995708466 1.72899997234344 3.82500004768372 5.88500022888184 8.79199981689453 10.4069995880127 12.0290002822876 13.8009996414185 15.0050001144409 15.576000213623 18.1240005493164 20.5939998626709 22.863000869751 23.3360004425049 23.6690006256104 24.2700004577637 24.8549995422363 24.9629993438721 25.0520000457764 24.8120002746582 24.6940002441406
32.7919998168945 32.8709983825684 31.1639995574951 27.5429992675781 24.9589996337891 28.2509994506836 27.4389991760254 24.9300003051758 23.8689994812012 24.3470001220703 24.9850006103516 28.4979991912842 28.6399993896484 31.0230007171631 30.863000869751 32.3170013427734 32.2179985046387 31.4930000305176 31.0480003356934 26.798999786377 19.7630004882812 13.4630002975464 8.61299991607666 3.76300001144409 0.689999997615814 0.921999990940094 2.46799993515015 4.56500005722046 6.66099977493286 8.8439998626709 10.1070003509521 11.2180004119873 13.0920000076294 14.4219999313354 14.8269996643066 19.7970008850098 22.7199993133545 22.92799949646 22.951000213623 23.1979999542236 23.8339996337891 24.2129993438721 24.431999206543 24.8780002593994 24.9109992980957 25.0289993286133
31.4309997558594 31.9020004272461 31.423999786377 29.0669994354248 26.7439994812012 27.5559997558594 22.6159992218018 19.2730007171631 17.1359996795654 18.7220001220703 23.5370006561279 25.068000793457 23.5330009460449 29.3099994659424 32.6049995422363 33.3160018920898 33.6290016174316 33.1020011901855 31.9969997406006 29.8560009002686 28.1310005187988 18.2409992218018 5.08599996566772 0.712000012397766 0.944999992847443 1.17700004577637 3.20799994468689 5.30499982833862 7.40100002288818 8.625 9.4379997253418 11.2040004730225 11.5819997787476 12.8669996261597 12.6029996871948 17.1800003051758 19.2719993591309 21.7059993743896 21.9850006103516 22.9909992218018 23.6560001373291 24.0380001068115 23.798999786377 24.0400009155273 24.4179992675781 24.3899993896484
27.8579998016357 30.5849990844727 30.5049991607666 29.4519996643066 28.5149993896484 22.92799949646 17.3530006408691 12.5559997558594 9.72399997711182 13.0970001220703 17.4340000152588 19.7530002593994 19.3729991912842 27.0030002593994 33.0559997558594 34.007999420166 34.2039985656738 33.515998840332 32.2519989013672 30.3600006103516 30.1639995574951 23.0690002441406 1.55900001525879 0.967000007629395 1.20000004768372 1.85199999809265 3.94799995422363 5.69399976730347 6.36499977111816 7.03700017929077 8.32100009918213 10.1029996871948 10.7919998168945 9.65499973297119 11.8669996261597 12.6079998016357 12.3129997253418 14.7510004043579 16.8649997711182 20.3150005340576 23.6350002288818 23.7189998626709 23.1450004577637 22.9519996643066 23.2040004730225 22.9009990692139
24.3859996795654 27.7140007019043 27.7889995574951 26.8439998626709 26.8470001220703 22.2779998779297 19.9290008544922 11.4399995803833 2.65799999237061 5.38700008392334 6.95300006866455 8.53699970245361 12.4779996871948 27.5970001220703 33.9790000915527 34.4830017089844 34.4440002441406 33.4679985046387 31.7810001373291 30.4440002441406 27.9389991760254 19.806999206543 1.90699994564056 1.47500002384186 1.45500004291534 2.59200000762939 3.44600009918213 4.63700008392334 5.76900005340576 6.75400018692017 7.4689998626709 8.99699974060059 8.9370002746582 7.06899976730347 10.1219997406006 11.16100025177 10.5559997558594 9.95400047302246 8.55000019073486 17.2339992523193 23.6560001373291 23.5599994659424 18.6900005340576 22.4559993743896 22.9009990692139 23.1599998474121
22.492000579834 23.4769992828369 23.8460006713867 24.2469997406006 24.8640003204346 22.8850002288818 22.6299991607666 15.496000289917 3.60599994659424 0.799000024795532 0.428000003099442 0.493999987840652 15.3120002746582 29.4029998779297 33.7439994812012 34.3800010681152 34.125 33.492000579834 32.1669998168945 31.4599990844727 29.0450000762939 21.2520008087158 2.5090000629425 2.11400008201599 1.47300004959106 1.63800001144409 2.51999998092651 3.50500011444092 4.48999977111816 5.50500011444092 6.58300018310547 5.89499998092651 5.95100021362305 6.17600011825562 7.87900018692017 8.51900005340576 8.9980001449585 7.87799978256226 6.61299991607666 6.91499996185303 22.6580009460449 19.7450008392334 12.8319997787476 14.0670003890991 19.5130004882812 19.32200050354
24.9300003051758 24.8819999694824 24.6040000915527 23.4969997406006 23.2000007629395 22.6539993286133 22.0839996337891 17.5659999847412 13.6049995422363 10.7980003356934 6.26399993896484 4.1710000038147 17.9930000305176 29.2870006561279 32.2630004882812 33.507999420166 33.0550003051758 32.7270011901855 32.3810005187988 31.7110004425049 30.0520000457764 18.7719993591309 1.557000041008 1.63100004196167 1.03600001335144 1.5 1.61600005626678 2.2260000705719 3.21099996566772 4.2039999961853 4.46099996566772 2.65300011634827 1.78100001811981 3.57100009918213 5.5770001411438 5.71799993515015 7.52400016784668 8.19900035858154 7.00899982452393 7.17600011825562 17.7630004882812 15.3269996643066 13.4799995422363 12.6160001754761 12.1230001449585 11.7650003433228
24.5750007629395 25.0510005950928 24.7019996643066 23.6849994659424 22.2159996032715 22.0200004577637 18.5069999694824 16.3880004882812 15.5959997177124 11.0019998550415 11.46399974823 16.113000869751 20.7630004882812 30.4750003814697 31.121000289917 31.7399997711182 32.3190002441406 32.1209983825684 31.1679992675781 30.3719997406006 30.5359992980957 25.5990009307861 5.91400003433228 1.73399996757507 1.38699996471405 1.40900003910065 1.71099996566772 1.59500002861023 1.82500004768372 2.35199999809265 1.79200005531311 1.25 1.22000002861023 1.35699999332428 1.27100002765656 1.39400005340576 4.625 7.05600023269653 8.33899974822998 8.43000030517578 11.1090002059937 12.0930004119873 14.0609998703003 12.6169996261597 11.9750003814697 8.6560001373291
23.7290000915527 24.7350006103516 23.2630004882812 23.5100002288818 22.5060005187988 21.6830005645752 19.8560009002686 16.378999710083 15.3039999008179 17.6410007476807 19.4759998321533 21.3110008239746 23.1459999084473 29.6149997711182 30.2679996490479 31.1270008087158 30.8479995727539 30.5249996185303 31.1060009002686 28.951000213623 28.2140007019043 15.668999671936 2.71099996566772 1.79299998283386 1.72300004959106 1.48599994182587 1.75499999523163 1.44799995422363 0.977999985218048 0.767000019550323 0.925000011920929 1.10300004482269 0.878000020980835 0.561999976634979 0.42399999499321 0.791000008583069 3.60700011253357 8.35099983215332 11.0010004043579 11.3850002288818 10.0159997940063 12.1879997253418 14.4040002822876 13.1359996795654 12.2469997406006 13.1160001754761
23.2689990997314 21.8899993896484 21.5340003967285 22.2679996490479 22.2509994506836 21.548999786377 16.1770000457764 15.0509996414185 15.0349998474121 12.2709999084473 8.73600006103516 9.65799999237061 11.4930000305176 22.2199993133545 29.2220001220703 30.2660007476807 29.5240001678467 28.9340000152588 29.6180000305176 28.0370006561279 17.9080009460449 3.36100006103516 2.91700005531311 1.18299996852875 1.3639999628067 1.53999996185303 1.64100003242493 1.19900000095367 0.874000012874603 0.42399999499321 0.777999997138977 0.952000021934509 0.635999977588654 0.319999992847443 1.63699996471405 4.10400009155273 5.62900018692017 11.3640003204346 12.0389995574951 11.5260000228882 13.2200002670288 14.2299995422363 14.7530002593994 14.1180000305176 13.9940004348755 14.3190002441406
22.4459991455078 21.7689990997314 21.4120006561279 21.3850002288818 20.8649997711182 20.3059997558594 18.0979995727539 14.9060001373291 14.0629997253418 12.1350002288818 8.67800045013428 5.22200012207031 1.76499998569489 7.36199998855591 18.6609992980957 28.0279998779297 28.6900005340576 28.367000579834 27.4120006561279 24.992000579834 21.3600006103516 6.10799980163574 4.16099977493286 1.76699995994568 1.76900005340576 1.80200004577637 1.9190000295639 1.80099999904633 1.46000003814697 0.629000008106232 0.632000029087067 0.709999978542328 0.395000010728836 1.0349999666214 5.51000022888184 9.72399997711182 8.13899993896484 9.85200023651123 9.98900032043457 8.1899995803833 11.1319999694824 13.9359998703003 14.2639999389648 13.7360000610352 13.4379997253418 12.206000328064
