02_asc_chm-r50m/BR210A.asc
NCOLS 200 
NROWS 200 
XLLCORNER 539137 
YLLCORNER 5283289.5 
CELLSIZE 0.5 
NODATA_value -3.4e+38 
[rows 100 to 119 of 200, columns 138 to 183 of 200]
22.7919998168945 21.6030006408691 20.7140007019043 19.6280002593994 20.4340000152588 29.7840003967285 34.2480010986328 34.6809997558594 34.5579986572266 34.3289985656738 32.6570014953613 32.3209991455078 30.2569999694824 24.1550006866455 11.1230001449585 1.39400005340576 1.18599998950958 1.14699995517731 0.952000021934509 0.929000020027161 4.14799976348877 5.08900022506714 4.80200004577637 3 1.20099997520447 1.37000000476837 1.01499998569489 0.949000000953674 1.4559999704361 1.40299999713898 3.92700004577637 6.04899978637695 5.92700004577637 7.13299989700317 10.2639999389648 15.6730003356934 18.746000289917 19.7999992370605 22.6630001068115 22.5639991760254 22.4230003356934 21.7569999694824 20.451000213623 18.9759998321533 17.4309997558594 13.3830003738403
23.0359992980957 21.4009990692139 21.128999710083 21.9260005950928 22.19700050354 34.265998840332 35.1699981689453 35.3460006713867 35.0940017700195 35.5979995727539 33.6450004577637 30.1529998779297 29.9419994354248 25.0219993591309 11.5869998931885 4.28299999237061 1.53799998760223 1.66400003433228 1.42799997329712 0.992999970912933 1.35699999332428 2.46099996566772 1.78699994087219 1.39999997615814 1.61000001430511 1.54999995231628 1.25199997425079 0.966000020503998 1.4559999704361 1.17999994754791 0.625999987125397 3.48000001907349 3.74600005149841 1.88800001144409 6.70100021362305 13.371000289917 17.7700004577637 19.3579998016357 19.6919994354248 19.5669994354248 20.4090003967285 20.0639991760254 19.1030006408691 18.5340003967285 17.2530002593994 13.9029998779297
20.2089996337891 16.5230007171631 14.2049999237061 21.1569995880127 30.2840003967285 35.3190002441406 36.0509986877441 36.859001159668 39.0979995727539 36.3479995727539 35.8079986572266 33.4269981384277 29.8199996948242 23.2980003356934 4.09800004959106 1.27400004863739 1.69500005245209 1.83800005912781 1.64499998092651 1.44700002670288 1.33399999141693 1.442999958992 1.08500003814697 1.10300004482269 1.49199998378754 1.62699997425079 1.05499994754791 1.38900005817413 1.45099997520447 1.00199997425079 0.615000009536743 0.275000005960464 0.591000020503998 0.591000020503998 0.810000002384186 7.26900005340576 13.0649995803833 15.9989995956421 19.0949993133545 19.2740001678467 18.8209991455078 17.9479999542236 17.9139995574951 16.9519996643066 15.9449996948242 12.3970003128052
15.6499996185303 12.8879995346069 12.8559999465942 13.3920001983643 33.6629981994629 35.5120010375977 36.6650009155273 38.7560005187988 40.7729988098145 36.3740005493164 36.189998626709 35.0610008239746 29.1639995574951 15.585000038147 0.814999997615814 0.717999994754791 1.49000000953674 1.63100004196167 1.39800000190735 1.38199996948242 1.06200003623962 0.779999971389771 1.02999997138977 1.07299995422363 1.23199999332428 1.19400000572205 1.04799997806549 1.26300001144409 1.2039999961853 1.15299999713898 0.910000026226044 0.423000007867813 0.263000011444092 0.400999993085861 0.435000002384186 2.50600004196167 7.42399978637695 9.89599990844727 14.0260000228882 17.0200004577637 16.2210006713867 15.0900001525879 14.1840000152588 12.0450000762939 9.6540002822876 6.43300008773804
13.0590000152588 11.5369997024536 11.5649995803833 9.91300010681152 31.3419990539551 32.8790016174316 35.4440002441406 36.7929992675781 38.3619995117188 36.2080001831055 35.7459983825684 34.6399993896484 32.0629997253418 17.9150009155273 1.80499994754791 1.25499999523163 1.182000041008 1.2960000038147 1.11800003051758 1.60199999809265 1.24000000953674 1.10699999332428 1.10800004005432 1.16199994087219 1.307000041008 1.20500004291534 1.05299997329712 1.04299998283386 0.816999971866608 0.666999995708466 0.583000004291534 0.430999994277954 0.26800000667572 0.358999997377396 0.319000005722046 0.393999993801117 4.4210000038147 6.52500009536743 5.73600006103516 8.15900039672852 8.47200012207031 7.03299999237061 9.21199989318848 5.69099998474121 2.29800009727478 0.526000022888184
13.8120002746582 12.7950000762939 11.4630002975464 9.23799991607666 22.1959991455078 30.8500003814697 34.0180015563965 35.9309997558594 36.0410003662109 35.5960006713867 34.2879981994629 33.0979995727539 29.9249992370605 18.1590003967285 7.125 1.31299996376038 1.00100004673004 1.21300005912781 1.50199997425079 1.81299996376038 1.27100002765656 1.26800000667572 1.23199999332428 1.19500005245209 1.31599998474121 1.2960000038147 1.19799995422363 1.15499997138977 0.615000009536743 0.239999994635582 0.328000009059906 0.33899998664856 0.305000007152557 0.367000013589859 0.430999994277954 0.583000004291534 2.18700003623962 2.20900011062622 0.275999993085861 0.50900000333786 0.36599999666214 1.22800004482269 5.67199993133545 4.31899976730347 0.888999998569489 0.879000008106232
14.3079996109009 13.8929996490479 12.8459997177124 11.3030004501343 21.0629997253418 30.5429992675781 34.7779998779297 35.5919990539551 35.8089981079102 32.9039993286133 30.6119995117188 28.8349990844727 21.80299949646 13.7250003814697 5.26800012588501 1.23599994182587 1.15499997138977 1.23199999332428 1.49699997901917 1.81200003623962 1.63399994373322 1.53400003910065 1.61300003528595 1.52999997138977 1.43400001525879 1.33800005912781 1.28699994087219 1.21200001239777 1.2150000333786 0.860000014305115 0.662000000476837 0.391000002622604 0.684000015258789 0.809000015258789 0.708999991416931 0.790000021457672 0.708000004291534 0.296999990940094 0.31700000166893 0.319999992847443 0.333999991416931 0.86599999666214 2.13299989700317 1.73099994659424 1.72200000286102 1.40600001811981
14.2419996261597 13.9589996337891 13.3579998016357 12.9359998703003 24.0520000457764 29.8649997711182 32.4129981994629 33.5789985656738 31.378999710083 27.7759990692139 24.67799949646 22.5 17.4619998931885 12.0240001678467 4.88500022888184 1.16999995708466 1.09300005435944 1.12800002098083 1.62399995326996 1.72399997711182 1.84099996089935 1.76900005340576 1.66799998283386 1.46300005912781 1.36699998378754 1.15400004386902 1.31400001049042 1.38300001621246 1.45700001716614 1.42999994754791 1.19400000572205 0.656000018119812 0.680999994277954 0.657000005245209 0.740000009536743 0.811999976634979 0.745999991893768 0.428999990224838 0.31700000166893 0.28999999165535 0.386000007390976 0.935000002384186 1.25100004673004 1.56200003623962 1.75499999523163 1.64400005340576
15.7749996185303 14.2600002288818 13.6879997253418 13.4680004119873 13.2270002365112 24.871000289917 27.9570007324219 29.0919990539551 27.0349998474121 26.451000213623 24.0699996948242 16.7569999694824 9.86200046539307 8.55500030517578 1.25600004196167 1.18900001049042 1.182000041008 1.33200001716614 1.61000001430511 1.75699996948242 1.80200004577637 1.84800004959106 1.68299996852875 1.19900000095367 1.08700001239777 1.0440000295639 1.25199997425079 1.25499999523163 1.32799994945526 1.59800004959106 1.68599998950958 1.01800000667572 0.549000024795532 0.388999998569489 0.374000012874603 0.621999979019165 0.453999996185303 0.312999993562698 0.257999986410141 0.397000014781952 0.500999987125397 0.976000010967255 1.12600004673004 1.24800002574921 1.40699994564056 1.442999958992
15.3290004730225 14.5979995727539 14.2080001831055 12.9829998016357 12.2370004653931 11.581000328064 20.6429996490479 21.2110004425049 21.7889995574951 20.4190006256104 18.8279991149902 4.84999990463257 1.27900004386902 3.81200003623962 1.02900004386902 0.98199999332428 1.0809999704361 1.20899999141693 1.43900001049042 1.63699996471405 1.6599999666214 1.74300003051758 1.71700000762939 1.27699995040894 1.0460000038147 1.01900005340576 1.11199998855591 0.992999970912933 1.09899997711182 1.2940000295639 1.24800002574921 1.06700003147125 0.639999985694885 0.393999993801117 0.444000005722046 0.569000005722046 0.43299999833107 0.17399999499321 0.252999991178513 0.519999980926514 0.712000012397766 0.908999979496002 1.24399995803833 1.58899998664856 1.53100001811981 1.45899999141693
14.5229997634888 14.3830003738403 14.3649997711182 13.3159999847412 11.456000328064 8.70100021362305 11.6870002746582 12.9709997177124 16.07200050354 20.4899997711182 11.5139999389648 6.66200017929077 3.18300008773804 1.17499995231628 0.829999983310699 0.977999985218048 1.15600001811981 1.26999998092651 1.37800002098083 1.49600005149841 1.57200002670288 1.63199996948242 1.67400002479553 1.53100001811981 1.38900005817413 1.29100000858307 1.14300000667572 0.741999983787537 0.924000024795532 0.949000000953674 0.782999992370605 0.792999982833862 0.823000013828278 0.601000010967255 0.458000004291534 0.44200000166893 0.197999998927116 0.256000012159348 0.416000008583069 0.853999972343445 0.950999975204468 1.04100000858307 1.48199999332428 1.72399997711182 1.81700003147125 1.49899995326996
13.5220003128052 13.5989999771118 13.0600004196167 11.5270004272461 11.0900001525879 10.423999786377 11.3409996032715 17.0170001983643 23.4580001831055 26.4209995269775 11.5970001220703 7.06099987030029 2.52500009536743 1.01400005817413 0.894999980926514 1.23300004005432 1.34500002861023 1.26800000667572 1.29799997806549 0.865000009536743 1.21899998188019 1.49199998378754 1.59399998188019 1.50199997425079 1.53900003433228 1.11300003528595 1.26499998569489 0.976000010967255 1.01400005817413 1.06099998950958 0.985000014305115 0.712000012397766 0.624000012874603 0.342000007629395 0.233999997377396 0.178000003099442 1.29999995231628 0.73199999332428 0.637000024318695 0.851999998092651 1.22200000286102 1.48099994659424 1.75100004673004 1.83200001716614 1.63900005817413 1.34200000762939
11.7550001144409 11.0719995498657 8.9379997253418 14.8920001983643 18.6529998779297 17.1410007476807 17.0049991607666 23.8780002593994 27.068000793457 27 11.5019998550415 6.71299982070923 1.92400002479553 0.518999993801117 0.89300000667572 1.10300004482269 1.17900002002716 1.11300003528595 1.3860000371933 1.2059999704361 1.12600004673004 1.28600001335144 1.19200003147125 2.37299990653992 7.55900001525879 2.45499992370605 0.439000010490417 0.569000005722046 0.787999987602234 0.806999981403351 0.426999986171722 0.379999995231628 1.58000004291534 5.37599992752075 5.26900005340576 6.38000011444092 3.54399991035461 3.32999992370605 2.93799996376038 2.8199999332428 0.949999988079071 1.85000002384186 3.12599992752075 2.73300004005432 1.26300001144409 1.08700001239777
9.16800022125244 7.73299980163574 3.92499995231628 24.3950004577637 26.1429996490479 24.7719993591309 23.3449993133545 27.1439990997314 28.923999786377 26.0629997253418 9.93299961090088 5.43300008773804 0.934000015258789 0.444000005722046 0.423000007867813 0.833000004291534 1.08599996566772 0.884999990463257 1.42999994754791 1.63999998569489 1.10399997234344 1.12000000476837 8.62899971008301 17.746000289917 21.6520004272461 15.1590003967285 5.53700017929077 5.89699983596802 5.78200006484985 0.219999998807907 0.273000001907349 5.26000022888184 10.0909996032715 14.3210000991821 17.8400001525879 19.3549995422363 17.4080009460449 15.6219997406006 7.35599994659424 5.97100019454956 3.14299988746643 5.39900016784668 7.19399976730347 5.2960000038147 3.21900010108948 0.981000006198883
7.41499996185303 6.60400009155273 6.75500011444092 19.6949996948242 26.8810005187988 27.7630004882812 28.7749996185303 29.9179992675781 30.2759990692139 25.2290000915527 11.2209997177124 4.52299976348877 0.549000024795532 0.513999998569489 0.333999991416931 0.508000016212463 0.994000017642975 0.734000027179718 1.27400004863739 1.70299994945526 1.46099996566772 2.21600008010864 16.2630004882812 24.5230007171631 26.5890007019043 26.193000793457 24.6200008392334 18.8990001678467 17.3540000915527 1.21300005912781 0.391999989748001 6.51900005340576 15.0590000152588 19.8899993896484 24.7210006713867 25.8560009002686 26.32200050354 27.2150001525879 26.2220001220703 18.0520000457764 7.40500020980835 8.80099964141846 8.71300029754639 4.35599994659424 11.0869998931885 1.16499996185303
17.2520008087158 8.52799987792969 9.6850004196167 21.7929992675781 25.0330009460449 26.8530006408691 30.9650001525879 32.3129997253418 32.0750007629395 29.0009994506836 16.7859992980957 6.41800022125244 0.679000020027161 0.444000005722046 0.270999997854233 0.546999990940094 0.787000000476837 1.04700005054474 1.52100002765656 1.79900002479553 1.74800002574921 1.66400003433228 19.0230007171631 27.6299991607666 29.1569995880127 28.9829998016357 24.0860004425049 26.2929992675781 18.4179992675781 0.0970000028610229 0.549000024795532 7.21799993515015 17.4379997253418 24.8579998016357 25.9680004119873 27.1529998779297 27.7889995574951 27.7180004119873 27.6590003967285 27.1720008850098 16.7369995117188 9.08699989318848 7.21400022506714 11.3690004348755 24.5520000457764 24.7549991607666
24.548999786377 14.4370002746582 14.6269998550415 22.0249996185303 27.2819995880127 30.4699993133545 33.2159996032715 34.4280014038086 32.4599990844727 28.443000793457 21.011999130249 13.8210000991821 5.9229998588562 0.319000005722046 0.256999999284744 0.642000019550323 1.02699995040894 1.23300004005432 1.42499995231628 8.02700042724609 10.8690004348755 18.1749992370605 27.0620002746582 28.6889991760254 30.5779991149902 30.7999992370605 28.8990001678467 29.3449993133545 28.6569995880127 5.27099990844727 3.00600004196167 1.54700005054474 12.543999671936 27.6639995574951 28.4570007324219 29.2409992218018 29.0139999389648 28.8819999694824 28.943000793457 28.6749992370605 24.4829998016357 14.4180002212524 17.4610004425049 23.6660003662109 30.068000793457 30.7830009460449
25.2980003356934 20.5149993896484 16.5599994659424 22.951000213623 29.1660003662109 31.7709999084473 34.5859985351562 35.2840003967285 32.632999420166 28.4540004730225 22.9209995269775 11.4919996261597 6.8600001335144 0.266000002622604 0.354999989271164 0.709999978542328 1.057000041008 1.16199994087219 6.41699981689453 16.9090003967285 26.507999420166 29.003999710083 29.3139991760254 30.5540008544922 31.128999710083 31.8190002441406 31.5849990844727 31.4230003356934 30.9300003051758 17.8950004577637 11.5010004043579 10.5500001907349 6.3439998626709 20.0550003051758 28.9529991149902 29.0330009460449 29.1299991607666 29.3819999694824 29.5170001983643 29.3120002746582 29.2029991149902 27.488000869751 27.6030006408691 28.9990005493164 30.4519996643066 31.3199996948242
25.8880004882812 15.5100002288818 16.2290000915527 24.9820003509521 29.886999130249 32.3969993591309 34.4589996337891 34.5579986572266 33.2789993286133 29.4039993286133 20.1340007781982 11.3690004348755 2.7590000629425 0.602999985218048 0.73199999332428 0.970000028610229 1.23599994182587 1.21300005912781 10.0979995727539 21.7910003662109 24.5750007629395 28.7059993743896 28.8810005187988 31.2099990844727 32.3940010070801 32.8030014038086 32.4959983825684 32.2830009460449 29.5060005187988 20.9659996032715 19.996000289917 19.0839996337891 17.7959995269775 27.2369995117188 28.7409992218018 28.7759990692139 29.0709991455078 29.7369995117188 29.9860000610352 29.3910007476807 29.3579998016357 29.007999420166 28.7360000610352 29.0370006561279 30.7439994812012 31.9220008850098
19.5559997558594 7.81199979782104 9.77200031280518 20.0690002441406 27.0330009460449 31.80299949646 31.6509990692139 31.3840007781982 31.3169994354248 29.5230007171631 20.8850002288818 13.5030002593994 3.56500005722046 0.554000020027161 0.595000028610229 0.83899998664856 1.41600000858307 1.49500000476837 6.56599998474121 16.5650005340576 19.0319995880127 28.576000213623 29.9190006256104 31.5590000152588 32.3959999084473 32.9280014038086 32.9220008850098 31.8409996032715 29.4090003967285 27.6989994049072 26.3649997711182 27.0049991607666 26.2569999694824 26.8689994812012 28.5049991607666 28.57200050354 30.125 30.6509990692139 30.9939994812012 29.4290008544922 29.44700050354 29.6070003509521 29.3999996185303 30 31.2150001525879 32.2470016479492
