02_asc_chm-r50m/BR212I.asc
NCOLS 199 
NROWS 197 
XLLCORNER 530780 
YLLCORNER 5293543.5 
CELLSIZE 0.5 
NODATA_value -3.4e+38 
[rows 120 to 139 of 197, columns 138 to 183 of 199]
7.67199993133545 8.46500015258789 6.09899997711182 2.39000010490417 2.51600003242493 2.20099997520447 1.70099997520447 4.49399995803833 7.54300022125244 17.8959999084473 13.3500003814697 19.4829998016357 21.8309993743896 23.988000869751 24.7980003356934 25.9589996337891 20.681999206543 4.25299978256226 22.9860000610352 21.5510005950928 17.1979999542236 14.7659997940063 11.5640001296997 9.44699954986572 6.67399978637695 3.46499991416931 3.13499999046326 2.56900000572205 2.28200006484985 2.91100001335144 3.43700003623962 3.1010000705719 10.914999961853 25.2520008087158 29.6660003662109 31.943000793457 31.7240009307861 31.4120006561279 32.7939987182617 34.7779998779297 34.7229995727539 34.5460014343262 35.0559997558594 35.0439987182617 31.9869995117188 30.3540000915527
4.27299976348877 2.92600011825562 2.35199999809265 2.63899993896484 2.97300004959106 2.92700004577637 2.7720000743866 1.92200005054474 0.832000017166138 4.29400014877319 10.4270000457764 16.5599994659424 21.4249992370605 23.5809993743896 24.05299949646 25.2150001525879 26.3759994506836 26.7770004272461 26.7740001678467 26.5289993286133 24.757999420166 24.5249996185303 22.1009998321533 17.125 6.66400003433228 3.57200002670288 3.36899995803833 2.99900007247925 3.1710000038147 3.93499994277954 7.01900005340576 6.19000005722046 8.26200008392334 26.6770000457764 31.5230007171631 32.0029983520508 32.1870002746582 32.9529991149902 34.4309997558594 34.8779983520508 35.0209999084473 35.3959999084473 35.6479988098145 34.9070014953613 32.4020004272461 31.1560001373291
3.31900000572205 1.97300004959106 2.23200011253357 2.29200005531311 2.49300003051758 2.62899994850159 2.67799997329712 2.24399995803833 0.772000014781952 4.50799989700317 7.76800012588501 13.6379995346069 19.7709999084473 23.1749992370605 23.5729999542236 24.4710006713867 25.7409992218018 27.298999786377 27.3239994049072 27.0410003662109 26.1270008087158 24.7870006561279 25.503999710083 18.8360004425049 3.69600009918213 3.74200010299683 3.57999992370605 3.40100002288818 5.37200021743774 9.92599964141846 13.4130001068115 14.0240001678467 14.6619997024536 26.6219997406006 31.8659992218018 32.6599998474121 34.2179985046387 34.476001739502 36.298999786377 35.257999420166 35.3810005187988 35.7939987182617 35.8930015563965 35.4790000915527 32.6710014343262 31.6790008544922
2.4449999332428 1.68099999427795 2.15799999237061 2.19400000572205 2.37700009346008 2.3840000629425 2.34899997711182 1.92499995231628 2.03299999237061 7.17700004577637 8.14700031280518 12.8140001296997 16.8479995727539 22.7679996490479 23.2180004119873 23.613000869751 25.6410007476807 28.9459991455078 30.742000579834 29.7250003814697 29.3159999847412 30.2399997711182 27.0550003051758 26.2089996337891 8.10099983215332 3.71900010108948 3.79099988937378 4.19600009918213 12.8800001144409 17.3880004882812 20.0259990692139 21.8579998016357 22.3500003814697 30.6669998168945 32.9210014343262 34.492000579834 35.7550010681152 37.1920013427734 37.9869995117188 37.7019996643066 36.1030006408691 35.9609985351562 35.8040008544922 35.4819984436035 33.5530014038086 34.0470008850098
1.42499995231628 1.18299996852875 1.68099999427795 1.80499994754791 2.09100008010864 2.05599999427795 2.01999998092651 1.60599994659424 3.29500007629395 8.73099994659424 10.4390001296997 11.78600025177 16.4529991149902 21.1200008392334 23.2210006713867 22.7740001678467 24.7229995727539 31.3040008544922 33.2849998474121 32.306999206543 32.4770011901855 33.5970001220703 31.2630004882812 27.0580005645752 10.2919998168945 10.539999961853 9.66800022125244 16.6639995574951 21.7180004119873 24.8400001525879 24.9500007629395 24.8889999389648 29.9599990844727 33.4550018310547 33.6440010070801 34.7560005187988 36.1580009460449 37.5149993896484 38.2939987182617 38.7150001525879 37.6590003967285 35.9739990234375 35.8569984436035 35.2130012512207 34.6780014038086 34.3619995117188
1.00399994850159 0.619000017642975 0.820999979972839 1.5349999666214 1.97599995136261 1.72699999809265 1.69200003147125 1.28699994087219 4.55700016021729 9.99300003051758 15.4289999008179 13.701000213623 15.4250001907349 20.2569999694824 23.4060001373291 23.4810009002686 27.0559997558594 32.2970008850098 33.1580009460449 33.3230018615723 33.6730003356934 33.6959991455078 33.1529998779297 32.1990013122559 25.7320003509521 24.9109992980957 26.5620002746582 25.9169998168945 24.9540004730225 27.1509990692139 28.0139999389648 29.4659996032715 33.4189987182617 34.6949996948242 34.3460006713867 35.4980010986328 35.951000213623 38.1440010070801 39.0499992370605 39.3400001525879 38.8489990234375 36.1539993286133 35.9900016784668 35.3390007019043 34.189998626709 35.3330001831055
0.537000000476837 0.492000013589859 0.800000011920929 1.28699994087219 1.9099999666214 1.56700003147125 1.36300003528595 0.967999994754791 5.81899976730347 11.2550001144409 16.6909999847412 20.1480007171631 16.9629993438721 22.173999786377 26.8519992828369 28.2789993286133 29.507999420166 30.6539993286133 32.0219993591309 33.431999206543 35.2849998474121 34.7210006713867 33.0379981994629 32.3779983520508 32.0629997253418 32.0320014953613 30.6259994506836 12.3070001602173 15.6940002441406 28.5359992980957 30.6879997253418 30.2749996185303 33.3899993896484 35.4449996948242 35.0270004272461 36.6380004882812 37.5069999694824 39.1430015563965 39.2919998168945 39.6839981079102 39.8219985961914 37.5610008239746 35.7249984741211 35.25 34.1069984436035 35.9700012207031
0.300000011920929 0.597000002861023 0.903999984264374 1.20099997520447 1.75300002098083 1.50100004673004 1.15799999237061 1.64499998092651 7.08099985122681 12.5159997940063 17.9519996643066 23.3880004882812 22.5879993438721 28.1259994506836 29.5599994659424 30.1870002746582 32.4690017700195 31.6900005340576 32.5530014038086 34.7960014343262 37.2970008850098 36.2039985656738 35.0960006713867 32.6759986877441 32.0149993896484 32.1809997558594 32.5130004882812 21.8589992523193 31.5729999542236 30.6060009002686 32.2729988098145 33.3390007019043 35.6370010375977 35.7770004272461 35.6240005493164 37.273998260498 37.9269981384277 38.9389991760254 39.693000793457 39.931999206543 39.9580001831055 38.6860008239746 36.9700012207031 34.9739990234375 34.4539985656738 36.2430000305176
0.446000009775162 0.708000004291534 1.00899994373322 1.31599998474121 1.56200003623962 1.43599998950958 1.63999998569489 1.58800005912781 1.51199996471405 5.82499980926514 18.5809993743896 25.5879993438721 26.3099994659424 28.4759998321533 29.9759998321533 30.576000213623 32.5979995727539 34.2620010375977 35.273998260498 37.3059997558594 37.890998840332 37.4669990539551 36.7770004272461 36.0480003356934 32.5299987792969 32.5740013122559 32.6259994506836 31.3570003509521 30.2800006866455 31.6730003356934 34.3429985046387 35.2589988708496 35.8040008544922 35.564998626709 36.5130004882812 37.5629997253418 37.7910003662109 38.701000213623 39.3639984130859 39.6380004882812 39.548999786377 38.8019981384277 37.5509986877441 34.9370002746582 34.3880004882812 35.0410003662109
0.894999980926514 1.00999999046326 1.27199995517731 1.53400003910065 1.63800001144409 2.06399989128113 2.2039999961853 1.80400002002716 6.42700004577637 12.4720001220703 14.0010004043579 26.0949993133545 25.9699993133545 25.9160003662109 30.1009998321533 29.9459991455078 32.9780006408691 35.9160003662109 36.882999420166 37.4480018615723 37.6570014953613 37.8720016479492 37.851001739502 35.4150009155273 33.7120018005371 32.7480010986328 31.3859996795654 29.7800006866455 30.0690002441406 32.2159996032715 29.7240009307861 35.4970016479492 35.6440010070801 35.2449989318848 35.9039993286133 37.4220008850098 37.9290008544922 38.8709983825684 39.0789985656738 38.7560005187988 38.6459999084473 38.1259994506836 37.5050010681152 33.8979988098145 32.4570007324219 32.1809997558594
1.45299994945526 1.58299994468689 1.59099996089935 1.10199999809265 1.30799996852875 1.80400002002716 2.1949999332428 3.17000007629395 9.86299991607666 16.173999786377 22.2630004882812 26.4890003204346 26.0520000457764 25.8859996795654 29.068000793457 30.2830009460449 32.5540008544922 34.4389991760254 35.7840003967285 36.7249984741211 37.1949996948242 37.265998840332 37.0180015563965 35.9309997558594 34.3349990844727 32.3250007629395 30.8439998626709 20.5389995574951 21.2830009460449 17.8129997253418 18.1070003509521 31.4500007629395 34.7919998168945 35.1520004272461 35.7859992980957 37.4879989624023 38.3289985656738 39.0309982299805 38.6609992980957 38.4160003662109 37.4869995117188 37.1319999694824 33.4490013122559 28.8899993896484 28.7469997406006 29.7849998474121
3.16599988937378 1.83800005912781 1.80999994277954 1.88399994373322 1.85899996757507 1.71800005435944 1.89900004863739 4.70100021362305 11.3940000534058 17.8159999847412 22.6849994659424 22.3530006408691 25.0160007476807 26.011999130249 29.9270000457764 31.92799949646 34.0530014038086 35.382999420166 36.4169998168945 36.9039993286133 37.1529998779297 37.2130012512207 36.3549995422363 36.0200004577637 32.8619995117188 32.3600006103516 27.42799949646 10.0170001983643 4.17999982833862 3.35599994659424 16.7770004272461 30.0860004425049 31.8020000457764 34.7729988098145 35.451000213623 36.8489990234375 37.931999206543 38.7599983215332 38.2309989929199 37.9179992675781 36.435001373291 34.5870018005371 31.9459991455078 21.5049991607666 13.6099996566772 29.0179996490479
4.79699993133545 2.71900010108948 1.94700002670288 1.93499994277954 1.89300000667572 1.78199994564056 1.8289999961853 3.87400007247925 8.14000034332275 13.0089998245239 17.8770008087158 21.3050003051758 21.3519992828369 25.9440002441406 27.7709999084473 28.7660007476807 29.6299991607666 34.0730018615723 36.5439987182617 36.5499992370605 35.8889999389648 35.8839988708496 36.2470016479492 35.7779998779297 33.939998626709 32.8390007019043 28.3729991912842 16.0939998626709 5.95900011062622 7.23000001907349 22.6270008087158 29.5179996490479 30.1340007781982 33.5429992675781 36.0279998779297 37.3279991149902 38.0400009155273 38.2099990844727 37.8339996337891 37.6459999084473 36.6619987487793 33.1080017089844 21.6660003662109 7.38800001144409 4.01399993896484 29.1040000915527
3.99699997901917 1.74899995326996 1.71800005435944 1.72300004959106 1.7610000371933 1.89999997615814 4.08300018310547 6.26599979400635 8.44900035858154 10.6319999694824 13.0699996948242 17.9389991760254 18.19700050354 23.1119995117188 25.5750007629395 25.6219997406006 27.9790000915527 32.3489990234375 34.931999206543 34.8619995117188 34.2109985351562 34.1809997558594 34.617000579834 34.9379997253418 33.8549995422363 33.1769981384277 31.2110004425049 27.2830009460449 20.4069995880127 21.9500007629395 28.2000007629395 28.5830001831055 29.0849990844727 32.4910011291504 35.4930000305176 37.3390007019043 37.8310012817383 35.7919998168945 35.9700012207031 36.9029998779297 35.6949996948242 28.4650001525879 22.0389995574951 15.5389995574951 9.03899955749512 29.6229991912842
1.61199998855591 1.58200001716614 1.55099999904633 1.63399994373322 1.5809999704361 3.07399988174438 5.2649998664856 7.45499992370605 9.64599990844727 11.8369998931885 14.0279998779297 16.2189998626709 18.3330001831055 20.5939998626709 25.07200050354 25.0990009307861 25.1439990997314 29.1280002593994 32.3300018310547 32.2879981994629 33.6189994812012 33.7070007324219 33.5690002441406 33.4269981384277 33.4879989624023 32.7869987487793 32.1030006408691 29.8290004730225 24.2490005493164 23.4009990692139 23.4400005340576 24.2320003509521 24.67799949646 29.7479991912842 33.5629997253418 35.5200004577637 35.5890007019043 32.632999420166 32.4900016784668 33.1520004272461 32.1749992370605 32.3209991455078 29.1060009002686 23.9939994812012 18.2080001831055 26.0310001373291
1.44500005245209 1.41400003433228 1.75699996948242 1.64499998092651 1.58200001716614 2.83800005912781 5.1560001373291 7.06599998474121 9.25699996948242 11.4479999542236 13.6389999389648 15.8299999237061 18.1879997253418 20.8600006103516 20.5139999389648 25.3910007476807 27.7740001678467 30.1429996490479 30.5400009155273 32.2589988708496 34.0330009460449 34.140998840332 33.8680000305176 33.6940002441406 33.7309989929199 32.6839981079102 32.4080009460449 32.2840003967285 25.9080009460449 23.3290004730225 22.7150001525879 24.3090000152588 26.0790004730225 30.9740009307861 33.8400001525879 32.7350006103516 32.7519989013672 31.1200008392334 29.806999206543 23.0049991607666 20.6800003051758 26.4249992370605 32.1699981689453 31.8269996643066 28.1480007171631 33.8610000610352
1.54299998283386 1.87899994850159 1.76800000667572 1.65600001811981 1.58399999141693 2.72099995613098 4.59800004959106 7.00699996948242 9.03400039672852 11.0590000152588 13.25 15.4409999847412 17.6319999694824 22.8050003051758 21.8939990997314 24.8209991455078 30.681999206543 32.6399993896484 32.1920013427734 33.1049995422363 34.0320014953613 34.0429992675781 33.9900016784668 33.9570007324219 33.9389991760254 33.7270011901855 33.2249984741211 31.9729995727539 28.7269992828369 25.5890007019043 25.3150005340576 26.7189998626709 27.6830005645752 29.7749996185303 30.6299991607666 31.07200050354 31.8050003051758 27.9500007629395 26.2700004577637 13.1929998397827 8.27400016784668 14.2840003967285 20.2940006256104 26.30299949646 33.4710006713867 34.0019989013672
2.00200009346008 1.88999998569489 1.77900004386902 1.66700005531311 1.58599996566772 2.60400009155273 4.48099994659424 6.35699987411499 8.85799980163574 11.4399995803833 12.8610000610352 15.0520000457764 17.242000579834 20.878999710083 26.9020004272461 28.9559993743896 31.9190006256104 33.5120010375977 32.9990005493164 33.2550010681152 33.9230003356934 33.9980010986328 33.9869995117188 34.984001159668 35.2019996643066 34.6619987487793 34.0979995727539 33.7809982299805 31.8379993438721 25.423999786377 25.6469993591309 27.0400009155273 28.4200000762939 29.6720008850098 29.6690006256104 29.0100002288818 29.2859992980957 27.2950000762939 25.4409999847412 20.9580001831055 12.2919998168945 5.54899978637695 11.5590000152588 17.5690002441406 31.1399993896484 33.3919982910156
2.01300001144409 1.90100002288818 1.78999996185303 1.67799997329712 1.58800005912781 2.48799991607666 4.36399984359741 6.24100017547607 8.11699962615967 10.7089996337891 13.5530004501343 15.0459995269775 16.8530006408691 19.0440006256104 25.5200004577637 28.9629993438721 31.8169994354248 33.6139984130859 33.4220008850098 33.7700004577637 33.9529991149902 34.0849990844727 34.0919990539551 35.6360015869141 36.4830017089844 36.2799987792969 34.9959983825684 34.6669998168945 34.7999992370605 29.7689990997314 26.8460006713867 27.30299949646 28.5650005340576 29.3770008087158 29.4009990692139 29.1200008392334 28.1089992523193 27.3959999084473 25.4489994049072 18.6450004577637 17.5590000152588 11.2729997634888 3.29500007629395 11.6260004043579 27.1709995269775 33.9729995727539
2.0239999294281 1.91199994087219 1.80099999904633 1.68900001049042 1.58899998664856 2.37100005149841 4.24700021743774 6.12400007247925 8 9.8769998550415 12.5609998703003 15.4040002822876 17.451000213623 18.6550006866455 26.121000289917 29.2700004577637 32.1609992980957 33.6599998474121 34.1910018920898 34.2169990539551 33.9049987792969 35.8390007019043 37.6059989929199 37.5470008850098 36.9589996337891 36.8740005493164 35.2630004882812 34.9150009155273 34.4700012207031 28.2929992675781 20.9750003814697 20.0069999694824 27.8290004730225 28.9650001525879 28.7730007171631 28.0480003356934 26.5440006256104 25.6410007476807 22.2189998626709 2.16899991035461 6.72100019454956 3.01999998092651 2.66499996185303 15.9409999847412 29.1849994659424 32.507999420166
