02_asc_chm-r50m/BR211A.asc
NCOLS 201 
NROWS 200 
XLLCORNER 540054.5 
YLLCORNER 5310453 
CELLSIZE 0.5 
NODATA_value -3.4e+38 
[rows 0 to 19 of 200, columns 92 to 137 of 201]
-3.4e+38 -3.4e+38 -3.4e+38 22.7099990844727 25.8269996643066 26.2840003967285 27.1420001983643 26.3939990997314 26.076000213623 25.6550006866455 23.9150009155273 22.7040004730225 21.7029991149902 20.9479999542236 -3.4e+38 -3.4e+38 -3.4e+38 -3.4e+38 -3.4e+38 -3.4e+38 -3.4e+38 -3.4e+38 -3.4e+38 -3.4e+38 -3.4e+38 -3.4e+38 -3.4e+38 -3.4e+38 -3.4e+38 -3.4e+38 -3.4e+38 -3.4e+38 -3.4e+38 -3.4e+38 -3.4e+38 -3.4e+38 -3.4e+38 -3.4e+38 -3.4e+38 -3.4e+38 -3.4e+38 -3.4e+38 -3.4e+38 -3.4e+38 -3.4e+38 -3.4e+38
11.6949996948242 17.2830009460449 22.5970001220703 24.125 24.0960006713867 24.5610008239746 26.0849990844727 25.2830009460449 25.1060009002686 24.125 23.2700004577637 22.4220008850098 21.7810001373291 21.4990005493164 20.8099994659424 19.0139999389648 20.2770004272461 21.7140007019043 22.1679992675781 21.931999206543 20.6539993286133 -3.4e+38 -3.4e+38 -3.4e+38 -3.4e+38 -3.4e+38 -3.4e+38 -3.4e+38 -3.4e+38 -3.4e+38 -3.4e+38 -3.4e+38 -3.4e+38 -3.4e+38 -3.4e+38 -3.4e+38 -3.4e+38 -3.4e+38 -3.4e+38 -3.4e+38 -3.4e+38 -3.4e+38 -3.4e+38 -3.4e+38 -3.4e+38 -3.4e+38
14.1350002288818 17.9780006408691 21.0279998779297 22.6439990997314 22.4150009155273 22.8700008392334 24.2089996337891 24.6040000915527 24.363000869751 23.6219997406006 23.076000213623 22.3899993896484 21.3139991760254 20.3229999542236 19.2180004119873 19.3689994812012 20.9080009460449 22.0970001220703 22.4820003509521 22.4370002746582 21.8560009002686 21.4710006713867 21.3969993591309 21.4909992218018 21.6700000762939 21.8880004882812 21.4459991455078 -3.4e+38 -3.4e+38 -3.4e+38 -3.4e+38 -3.4e+38 -3.4e+38 -3.4e+38 -3.4e+38 -3.4e+38 -3.4e+38 -3.4e+38 -3.4e+38 -3.4e+38 -3.4e+38 -3.4e+38 -3.4e+38 -3.4e+38 -3.4e+38 -3.4e+38
8.78999996185303 12.2110004425049 16.8199996948242 20.7189998626709 20.44700050354 21.6560001373291 23.0729999542236 22.886999130249 23.0790004730225 23.1669998168945 22.8999996185303 22.1650009155273 20.6019992828369 19.2290000915527 19.1110000610352 19.6089992523193 21.0130004882812 22.1100006103516 22.3939990997314 22.3490009307861 21.5879993438721 20.9039993286133 21.0830001831055 21.556999206543 22.1909999847412 22.2940006256104 22.9349994659424 23.1149997711182 22.5939998626709 22.1599998474121 22.4990005493164 22.5200004577637 21.5909996032715 -3.4e+38 -3.4e+38 -3.4e+38 -3.4e+38 -3.4e+38 -3.4e+38 -3.4e+38 -3.4e+38 -3.4e+38 -3.4e+38 -3.4e+38 -3.4e+38 -3.4e+38
2.70099997520447 4.92899990081787 13.2829999923706 19.4440002441406 22.6079998016357 21.2040004730225 21.9409999847412 22.3649997711182 22.4829998016357 22.3500003814697 22.0919990539551 21.7959995269775 20.5319995880127 19.1979999542236 18.9340000152588 19.1490001678467 20.80299949646 21.4899997711182 21.7360000610352 21.6979999542236 21.2770004272461 20.5459995269775 20.75 21.1919994354248 22.0470008850098 22.9799995422363 23.4039993286133 23.3110008239746 22.738000869751 23.0849990844727 23.6560001373291 23.8129997253418 23.5249996185303 22.9270000457764 21.0839996337891 20.2329998016357 20.1229991912842 20.181999206543 -3.4e+38 -3.4e+38 -3.4e+38 -3.4e+38 -3.4e+38 -3.4e+38 -3.4e+38 -3.4e+38
2.78699994087219 2.96300005912781 12.3579998016357 23.0459995269775 25.3330001831055 22.056999206543 21.3449993133545 21.9500007629395 21.8780002593994 21.3199996948242 20.9580001831055 20.5699996948242 20.4629993438721 20.5289993286133 19.3090000152588 18.2099990844727 20.1700000762939 21.1180000305176 21.0960006713867 20.125 20.4640007019043 20.0970001220703 20.2759990692139 20.5139999389648 21.882999420166 23.0990009307861 23.5459995269775 23.2140007019043 22.8549995422363 23.4680004119873 24.0030002593994 24.298999786377 24.1499996185303 23.1630001068115 22.1450004577637 21.9820003509521 21.7660007476807 21.3159999847412 20.8619995117188 20.8560009002686 20.7099990844727 -3.4e+38 -3.4e+38 -3.4e+38 -3.4e+38 -3.4e+38
3.26099991798401 3.99499988555908 2.6949999332428 17.0259990692139 26.6200008392334 24.0499992370605 21.5100002288818 21.5470008850098 21.0149993896484 21.0629997253418 20.8150005340576 19.9400005340576 19.5799999237061 19.617000579834 19.4500007629395 19.3719997406006 19.6650009155273 19.7140007019043 19.7919998168945 18.2980003356934 19.4190006256104 18.2220001220703 18.4890003204346 19.621000289917 21.2689990997314 22.6749992370605 22.7180004119873 22.9360008239746 22.4400005340576 23.0960006713867 23.9090003967285 24.2630004882812 24.1550006866455 23.1889991760254 22.57200050354 22.4990005493164 22.5139999389648 22.0289993286133 21.5830001831055 21.1900005340576 21.9570007324219 22.4689998626709 23.1550006866455 -3.4e+38 -3.4e+38 -3.4e+38
10.0200004577637 11.75 9.97700023651123 24.613000869751 27.4950008392334 25.7959995269775 22.7469997406006 21.8139991760254 19.6389999389648 20.4659996032715 20.2399997711182 19.2779998779297 18.4969997406006 17.238000869751 16.9459991455078 15.0129995346069 15.4200000762939 15.3599996566772 17.4150009155273 17.6560001373291 17.923999786377 16.0259990692139 17.0839996337891 19.0860004425049 20.6620006561279 21.8279991149902 21.9400005340576 21.9839992523193 22.1180000305176 22.4409999847412 23.5620002746582 23.8889999389648 23.632999420166 23.1420001983643 23.1340007781982 23.3110008239746 22.943000793457 22.4559993743896 21.8840007781982 21.6599998474121 21.9370002746582 24.2310009002686 24.8020000457764 24.7759990692139 25.4309997558594 -3.4e+38
12.0649995803833 15.4720001220703 18.8799991607666 21.3610000610352 26.9370002746582 27.0750007629395 25.0510005950928 22.0499992370605 17.7029991149902 18.9330005645752 19.6340007781982 19.2919998168945 17.7119998931885 13.5620002746582 12.6780004501343 13.3699998855591 10.66100025177 10.5340003967285 14.3540000915527 15.9530000686646 15.9720001220703 17.7360000610352 17.875 19.80299949646 20.7119998931885 20.9629993438721 21.1949996948242 21.5520000457764 21.4340000152588 21.5020008087158 22.6809997558594 23.5359992980957 23.2140007019043 22.8129997253418 23.1639995574951 23.6660003662109 23.1439990997314 22.5200004577637 22.1149997711182 22.3719997406006 22.5279998779297 23.8169994354248 26.0729999542236 26.363000869751 26.6319999694824 26.3939990997314
9.01299953460693 12.4200000762939 15.8269996643066 25.2679996490479 29.2970008850098 28.7689990997314 27.6919994354248 23.8099994659424 18.253999710083 19.306999206543 19.2369995117188 19.0270004272461 16.9290008544922 11.2040004730225 9.79599952697754 7.05299997329712 4.22700023651123 6.83500003814697 11.6870002746582 11.8380002975464 11.798999786377 14.8940000534058 19.0100002288818 20.8190002441406 21.068000793457 21.1639995574951 21.2560005187988 21.2530002593994 20.826000213623 20.761999130249 21.1940002441406 22.3309993743896 22.9069995880127 22.6100006103516 23.2390003204346 23.4860000610352 23.011999130249 22.5330009460449 23.0709991455078 24.0219993591309 24.5300006866455 25.371000289917 26.4559993743896 27.0359992980957 27.3460006713867 27.2119998931885
5.96099996566772 9.36800003051758 14.8620004653931 27.1879997253418 28.9650001525879 28.8320007324219 28.636999130249 21.4559993743896 18.17799949646 13.4969997406006 16.9729995727539 16.4009990692139 12.9910001754761 10.7019996643066 9.17599964141846 7.71099996566772 6.51700019836426 7.30000019073486 7.4520001411438 7.63399982452393 8.03299999237061 14.8950004577637 20.4340000152588 21.1730003356934 21.6340007781982 22.1700000762939 21.9150009155273 21.4680004119873 20.6700000762939 20.6019992828369 20.5659999847412 21.8780002593994 22.238000869751 21.9370002746582 22.2870006561279 22.3430004119873 22.0620002746582 22.0939998626709 21.6889991760254 22.1429996490479 24.4020004272461 25.6189994812012 26.496000289917 27.4500007629395 27.8859996795654 27.6089992523193
5.22100019454956 6.31599998474121 16.8880004882812 27.681999206543 28.5459995269775 27.1599998474121 24.2859992980957 11.0159997940063 13.0290002822876 12.673999786377 13.4250001907349 12.4300003051758 11.0100002288818 10.673999786377 10.1890001296997 9.49499988555908 7.81099987030029 6.68599987030029 6.97900009155273 10.03600025177 13.3199996948242 18.6140003204346 20.7590007781982 21.5659999847412 22.3020000457764 22.6720008850098 22.3540000915527 21.6019992828369 20.9069995880127 20.7250003814697 20.6529998779297 20.7709999084473 20.6189994812012 20.7840003967285 21.2670001983643 21.4540004730225 21.2600002288818 21.3610000610352 20.9939994812012 23.1790008544922 25.048999786377 25.7469997406006 27.0170001983643 28.076000213623 28.1790008544922 27.7600002288818
5.08500003814697 5.36899995803833 14.5080003738403 27.94700050354 28.4939994812012 25.6499996185303 20.0580005645752 12.5480003356934 11.4340000152588 12.4890003204346 12.6510000228882 11.9350004196167 10.9230003356934 10.3999996185303 10.1520004272461 9.74400043487549 7.58699989318848 6.16400003433228 8.9980001449585 12.7670001983643 16.5100002288818 19.6539993286133 20.8139991760254 21.7119998931885 22.628999710083 23.0580005645752 22.6189994812012 21.7639999389648 20.75 20.3150005340576 20.3540000915527 20.2229995727539 19.8759994506836 20.3349990844727 20.7549991607666 20.7000007629395 20.503999710083 20.4209995269775 20.6490001678467 23.3770008087158 24.7129993438721 25.5830001831055 27.0090007781982 27.6060009002686 28.07200050354 27.8330001831055
7.18100023269653 21.7450008392334 19.4619998931885 28.5149993896484 27.3549995422363 24.5499992370605 19.2889995574951 13.9700002670288 11.9320001602173 20.9300003051758 18.3540000915527 13.9320001602173 11.4280004501343 10.8520002365112 10.7950000762939 9.96500015258789 7.95499992370605 5.24599981307983 8.84000015258789 12.0780000686646 16.05299949646 18.6639995574951 20.5820007324219 21.4130001068115 22.1860008239746 22.4370002746582 22.382999420166 21.056999206543 20.496000289917 19.8290004730225 19.4290008544922 19.6410007476807 19.0769996643066 19.1720008850098 20.3850002288818 20.5429992675781 20.1909999847412 19.7730007171631 20.5389995574951 22.5189990997314 24.1119995117188 25.128999710083 26.3460006713867 27.1450004577637 27.4829998016357 27.3040008544922
19.9780006408691 28.7900009155273 25.8290004730225 28.7479991912842 28.2929992675781 21.8050003051758 20.5820007324219 21.8229999542236 24.1280002593994 25.1690006256104 21.7719993591309 16.3729991912842 12.2080001831055 11.1169996261597 10.9069995880127 10.0719995498657 8.04500007629395 5.48999977111816 7.8899998664856 11.8649997711182 15.6750001907349 17.673999786377 19.673999786377 17.4029998779297 21.4540004730225 21.6669998168945 21.6509990692139 20.7830009460449 20.4489994049072 19.7159996032715 18.943000793457 18.6849994659424 18.8229999542236 18.318000793457 18.6159992218018 19.3659992218018 19.2220001220703 18.8540000915527 19.9909992218018 20.6809997558594 23.4060001373291 24.7019996643066 25.9500007629395 26.5109996795654 26.625 26.2180004119873
28.5729999542236 30.7719993591309 29.4740009307861 30.173999786377 28.0330009460449 23.3479995727539 15.2019996643066 18.9720001220703 24.0520000457764 26.238000869751 24.3040008544922 19.6830005645752 12.4270000457764 10.460000038147 12.4399995803833 11.6800003051758 8.13099956512451 6.13100004196167 7.67700004577637 11.6529998779297 14.6850004196167 15.3219995498657 12.0010004043579 8.73299980163574 13.8459997177124 20.5340003967285 20.4909992218018 20.4650001525879 20.1840000152588 18.6949996948242 17.3470001220703 17.5049991607666 16.636999130249 14.701000213623 16.7369995117188 18.1140003204346 17.5639991760254 15.0550003051758 19.1200008392334 20.2819995880127 21.6180000305176 23.1270008087158 24.9249992370605 25.1429996490479 25.2830009460449 25.326000213623
30.701000213623 31.1149997711182 31.4099998474121 30.6630001068115 28.0419998168945 26.8910007476807 19.6520004272461 20.9169998168945 24.0629997253418 26.121000289917 24.1730003356934 20.5620002746582 11.2379999160767 8.95699977874756 11.793999671936 18.8920001983643 20.07200050354 14.6260004043579 9.81400012969971 11.4399995803833 10.701000213623 7.05399990081787 4.53700017929077 6.92399978637695 10.0220003128052 19.7880001068115 20.0590000152588 16.3500003814697 12.4359998703003 12.2919998168945 14.1960000991821 11.9350004196167 10.8629999160767 10.7729997634888 12.3070001602173 14.4849996566772 9.32100009918213 2.04900002479553 14.6059999465942 20.2670001983643 21.1180000305176 21.8040008544922 22.5200004577637 23.5109996795654 24.7119998931885 24.9060001373291
30.048999786377 30.9969997406006 31.4529991149902 31.1539993286133 30.1380004882812 28.2229995727539 23.7700004577637 23.9790000915527 25.9109992980957 24.048999786377 21.6599998474121 20.0440006256104 17.4519996643066 11.4289999008179 10.6990003585815 18.007999420166 21.6350002288818 19.9290008544922 14.168999671936 11.8000001907349 12.1969995498657 10.2639999389648 12.0450000762939 11.4420003890991 7.17399978637695 6.22800016403198 15.7659997940063 12.0220003128052 7.91699981689453 8.02999973297119 11.4589996337891 5.93499994277954 5.45900011062622 6.25099992752075 8.22700023651123 6.65999984741211 0.818000018596649 1.05999994277954 1.77100002765656 14.9409999847412 18.1180000305176 21.0849990844727 22.2129993438721 22.6770000457764 23.8059997558594 24.1240005493164
27.9260005950928 30.4640007019043 31.0599994659424 30.613000869751 29.4169998168945 28.4220008850098 26.5970001220703 25.9489994049072 25.621000289917 23.3320007324219 21.5769996643066 20.3920001983643 18.4699993133545 14.9840002059937 7.43599987030029 10.121000289917 16.5919990539551 18.9139995574951 15.7950000762939 13.9910001754761 14.2819995880127 14.5010004043579 14.1350002288818 12.1429996490479 7.11800003051758 6.43100023269653 7.39300012588501 12.9580001831055 13.6929998397827 12.4060001373291 7.8600001335144 6.05700016021729 5.65999984741211 4.52299976348877 4.29300022125244 1.65199995040894 1.35699999332428 0.685999989509583 0.669000029563904 4.4689998626709 9.2209997177124 16.2770004272461 21.5370006561279 22.4020004272461 23.0510005950928 22.8950004577637
24.3939990997314 29.548999786377 30.3470001220703 30.2719993591309 29.2369995117188 28.0590000152588 27.3770008087158 26.8920001983643 26.4750003814697 23.8780002593994 22.4850006103516 20.5 18.7479991912842 16.375 7.90500020980835 11.4980001449585 13.3629999160767 14.5229997634888 13.8090000152588 14.1149997711182 14.8290004730225 14.701000213623 14.2150001525879 13.2650003433228 10.1070003509521 7.95900011062622 8.64599990844727 17.7950000762939 18.2970008850098 18.3819999694824 16.3059997558594 16.757999420166 13.7030000686646 9.00699996948242 5.15700006484985 5.38800001144409 5.71999979019165 1.03299999237061 0.407000005245209 1.0440000295639 0.975000023841858 10.6920003890991 16.9559993743896 21.6849994659424 22.1959991455078 22.007999420166
