02_asc_chm-r50m/BR212A.asc
NCOLS 200 
NROWS 200 
XLLCORNER 534727.5 
YLLCORNER 5285374.5 
CELLSIZE 0.5 
NODATA_value -3.4e+38 
[rows 60 to 79 of 200, columns 0 to 45 of 200]
-3.4e+38 -3.4e+38 -3.4e+38 -3.4e+38 -3.4e+38 -3.4e+38 -3.4e+38 -3.4e+38 -3.4e+38 0.899999976158142 0.632000029087067 0.898000001907349 1.37399995326996 1.79999995231628 2.06299996376038 1.84599995613098 1.65299999713898 1.35000002384186 1.12600004673004 1.39699995517731 1.36899995803833 1.31599998474121 1.24100005626678 1.17299997806549 1.10500001907349 1.05099999904633 1.00899994373322 0.897000014781952 0.940999984741211 1.26600003242493 1.57299995422363 1.66600000858307 1.48599994182587 0.785000026226044 0.677999973297119 1.05599999427795 1.64199995994568 1.1710000038147 1.04700005054474 1.42299997806549 3.8050000667572 5.52600002288818 3.89499998092651 -3.4e+38 3.62800002098083 3.68499994277954
-3.4e+38 -3.4e+38 -3.4e+38 -3.4e+38 -3.4e+38 -3.4e+38 -3.4e+38 -3.4e+38 1.37100005149841 1.11500000953674 0.603999972343445 1.23000001907349 1.77999997138977 2.0460000038147 2.20099997520447 2.14199995994568 1.85599994659424 1.63199996948242 1.62000000476837 1.52799999713898 1.47899997234344 1.55499994754791 1.38199996948242 1.31500005722046 1.24899995326996 1.2059999704361 1.16400003433228 1.10099995136261 1.03699994087219 1.34700000286102 1.54999995231628 1.40400004386902 1.25600004196167 0.751999974250793 0.564999997615814 0.97299998998642 1.26300001144409 1.22699999809265 1.44099998474121 1.65299999713898 1.84500002861023 2.52500009536743 2.69899988174438 3.19899988174438 3.68899989128113 3.77900004386902
-3.4e+38 -3.4e+38 -3.4e+38 -3.4e+38 -3.4e+38 -3.4e+38 -3.4e+38 -3.4e+38 1.64199995994568 0.58899998664856 0.917999982833862 1.47099995613098 1.84599995613098 2.18400001525879 2.0239999294281 2.0550000667572 1.90699994564056 1.62699997425079 1.73599994182587 1.6599999666214 1.57500004768372 1.76600003242493 1.57799994945526 1.45700001716614 1.40299999713898 1.34700000286102 1.26499998569489 1.18299996852875 1.09599995613098 0.948000013828278 1.14199995994568 0.758000016212463 0.726000010967255 0.499000012874603 0.597000002861023 0.796000003814697 0.967000007629395 1.12000000476837 1.35099995136261 1.567999958992 1.73099994659424 2.03699994087219 2.86500000953674 3.59999990463257 3.95499992370605 3.66300010681152
-3.4e+38 -3.4e+38 -3.4e+38 -3.4e+38 -3.4e+38 -3.4e+38 -3.4e+38 1.52799999713898 1.34099996089935 0.819000005722046 1.14699995517731 1.56599998474121 2.00600004196167 2.44600009918213 2.35800004005432 2.01200008392334 1.72500002384186 1.45099997520447 1.24600005149841 1.40900003910065 1.57200002670288 1.90299999713898 1.81700003147125 1.60699999332428 1.5110000371933 1.42900002002716 1.34700000286102 1.27400004863739 1.15600001811981 1.00699996948242 0.857999980449677 0.765999972820282 0.435000002384186 0.337999999523163 0.572000026702881 0.819999992847443 0.930000007152557 1.09300005435944 1.24199998378754 1.47300004959106 1.85500001907349 2.35700011253357 3.14299988746643 3.61899995803833 3.82399988174438 3.3199999332428
-3.4e+38 -3.4e+38 -3.4e+38 -3.4e+38 -3.4e+38 -3.4e+38 -3.4e+38 1.70299994945526 1.37300002574921 1.01199996471405 0.929000020027161 1.37999999523163 1.83000004291534 2.2590000629425 2.19300007820129 1.58200001716614 1.35099995136261 1.375 0.976000010967255 0.864000022411346 1.20299994945526 2.47199988365173 2.5699999332428 2.0239999294281 1.62800002098083 1.50999999046326 1.42799997329712 1.3639999628067 1.2150000333786 1.06700003147125 0.919000029563904 0.653999984264374 0.282000005245209 0.439000010490417 0.683000028133392 0.930999994277954 0.919000029563904 1.10500001907349 1.28100001811981 1.44599997997284 2.1470000743866 2.6470000743866 3.03999996185303 3.04399991035461 3.2260000705719 3.23699998855591
-3.4e+38 -3.4e+38 -3.4e+38 -3.4e+38 -3.4e+38 -3.4e+38 1.1360000371933 1.92799997329712 1.82099997997284 0.813000023365021 0.625999987125397 0.906000018119812 1.34399998188019 1.49199998378754 1.62399995326996 1.18599998950958 0.976999998092651 1.19700002670288 0.925000011920929 0.523000001907349 1.03199994564056 1.50399994850159 2.34100008010864 2.2739999294281 2.0239999294281 1.64800000190735 1.50999999046326 1.42400002479553 1.27499997615814 1.05200004577637 0.757000029087067 0.593999981880188 0.279000014066696 0.563000023365021 0.794000029563904 0.986000001430511 0.907999992370605 1.09399998188019 1.27999997138977 1.4650000333786 2.22000002861023 2.93199992179871 2.95000004768372 2.78200006484985 2.875 3.02099990844727
-3.4e+38 -3.4e+38 -3.4e+38 -3.4e+38 -3.4e+38 -3.4e+38 1.12300002574921 1.76199996471405 1.43799996376038 0.612999975681305 0.31700000166893 0.426999986171722 0.560000002384186 0.691999971866608 0.824000000953674 0.745999991893768 0.602999985218048 0.823000013828278 0.875999987125397 0.635999977588654 0.662000000476837 0.416000008583069 0.887000024318695 2.53500008583069 2.48099994659424 1.99300003051758 1.66400003433228 1.47200000286102 1.17799997329712 0.883000016212463 0.587999999523163 0.462000012397766 0.342999994754791 0.626999974250793 0.91100001335144 1.03699994087219 0.897000014781952 1.08299994468689 1.35500001907349 1.79299998283386 2.15599989891052 3.15599989891052 3.65700006484985 3.15100002288818 3.13899993896484 2.8970000743866
-3.4e+38 -3.4e+38 -3.4e+38 -3.4e+38 -3.4e+38 -3.4e+38 0.720000028610229 1.36000001430511 0.977999985218048 0.347000002861023 0.241999998688698 0.395999997854233 0.398999989032745 0.393999993801117 0.389999985694885 0.361000001430511 0.375 0.49099999666214 0.925000011920929 0.796999990940094 0.629999995231628 0.699999988079071 1.99100005626678 2.34899997711182 2.70700001716614 2.62599992752075 2.41100001335144 1.85399997234344 1.29499995708466 0.741999983787537 0.418999999761581 0.321999996900558 0.407000005245209 0.670000016689301 0.867999970912933 0.935999989509583 0.83899998664856 1.10300004482269 1.36699998378754 1.71899998188019 2.21700000762939 3.59100008010864 4.66499996185303 4.24300003051758 3.45700001716614 2.95199990272522
-3.4e+38 -3.4e+38 -3.4e+38 -3.4e+38 -3.4e+38 0.523000001907349 0.938000023365021 0.955999970436096 0.584999978542328 0.565999984741211 0.210999995470047 0.432000011205673 0.456999987363815 0.453000009059906 0.284000009298325 0.333000004291534 0.384999990463257 0.850000023841858 1.2059999704361 1.45899999141693 1.92799997329712 2.34899997711182 3.00799989700317 3.30699992179871 3.37599992752075 3.11299991607666 3.2720000743866 2.90499997138977 2.34800004959106 1.78999996185303 0.648999989032745 0.433999985456467 0.287000000476837 0.270000010728836 0.272000014781952 0.34400001168251 0.381000012159348 0.569999992847443 1.20000004768372 2.03999996185303 2.97199988365173 3.84299993515015 4.80200004577637 4.65399980545044 3.7590000629425 3.18300008773804
-3.4e+38 -3.4e+38 -3.4e+38 -3.4e+38 -3.4e+38 0.497000008821487 1.08200001716614 0.933000028133392 0.685000002384186 0.477999985218048 0.180999994277954 0.432000011205673 0.515999972820282 0.206000000238419 0.280000001192093 0.372999995946884 0.418999999761581 0.605000019073486 1.75499999523163 2.0220000743866 2.54999995231628 2.98300004005432 3.6159999370575 3.70799994468689 3.80399990081787 3.55599999427795 3.81900000572205 3.73799991607666 2.70300006866455 1.22099995613098 0.41100001335144 0.508000016212463 0.425000011920929 0.296999990940094 0.256999999284744 0.368000000715256 0.382999986410141 0.470999985933304 1.23800003528595 2.07699990272522 2.49600005149841 3.2260000705719 4.25899982452393 4.14300012588501 3.39100003242493 2.94700002670288
-3.4e+38 -3.4e+38 -3.4e+38 -3.4e+38 -3.4e+38 0.675000011920929 1.02400004863739 0.925000011920929 0.718999981880188 0.671000003814697 1.03100001811981 1.18799996376038 0.767000019550323 0.331000000238419 0.333999991416931 0.465000003576279 0.474999994039536 0.319999992847443 0.825999975204468 2.37800002098083 2.48399996757507 3.21199989318848 3.8989999294281 3.76300001144409 3.82299995422363 3.96600008010864 3.89000010490417 2.95199990272522 1.60000002384186 0.250999987125397 0.250999987125397 0.296999990940094 0.316000014543533 0.568000018596649 0.225999996066093 0.697000026702881 0.551999986171722 0.658999979496002 1.067999958992 1.36099994182587 2.23900008201599 2.38700008392334 2.73000001907349 3.00200009346008 2.89100003242493 2.75300002098083
-3.4e+38 -3.4e+38 -3.4e+38 -3.4e+38 -3.4e+38 0.642000019550323 0.943000018596649 0.933000028133392 0.856000006198883 1.04999995231628 1.81500005722046 1.77799999713898 1.36199998855591 0.935000002384186 0.810999989509583 0.63400000333786 0.531000018119812 0.375999987125397 0.221000000834465 2.08699989318848 3.00699996948242 3.37299990653992 3.95600008964539 3.73399996757507 3.6010000705719 3.85500001907349 3.69799995422363 2.30900001525879 0.991999983787537 0.474000006914139 0.365000009536743 0.361000001430511 0.497000008821487 1.24600005149841 1.58200001716614 2.06399989128113 2.01200008392334 1.36099994182587 1.432000041008 1.35599994659424 1.53600001335144 1.76999998092651 2.29900002479553 2.74399995803833 2.76099991798401 2.79800009727478
-3.4e+38 -3.4e+38 -3.4e+38 -3.4e+38 2.15100002288818 1.06099998950958 2.39800000190735 3.83100008964539 3.31599998474121 2.40100002288818 2.05699992179871 1.88399994373322 1.61099994182587 1.30099999904633 0.926999986171722 0.554000020027161 0.412999987602234 0.528999984264374 1.77300000190735 3.57200002670288 3.81900000572205 3.82100009918213 3.77900004386902 3.61899995803833 3.68499994277954 3.83299994468689 3.43600010871887 2.09299993515015 0.953999996185303 0.572000026702881 0.414000004529953 0.36599999666214 0.703000009059906 1.92499995231628 2.91199994087219 3.39199995994568 3.28800010681152 2.8050000667572 2.25699996948242 1.71300005912781 1.43700003623962 2.08899998664856 3.40700006484985 4.47100019454956 4.30200004577637 4.2189998626709
-3.4e+38 -3.4e+38 -3.4e+38 -3.4e+38 2.43400001525879 3.91199994087219 4.49300003051758 4.98699998855591 4.98999977111816 4.08900022506714 2.29999995231628 1.99800002574921 1.32400000095367 1.13100004196167 0.660000026226044 0.328999996185303 0.828999996185303 1.96700000762939 2.84299993515015 3.41000008583069 3.48799991607666 3.34200000762939 3.31500005722046 3.33100008964539 3.21700000762939 2.60599994659424 2.40700006484985 1.34899997711182 0.560000002384186 0.549000024795532 0.654999971389771 0.699999988079071 1.87399995326996 3.22300004959106 3.69000005722046 3.84299993515015 3.65000009536743 3.30699992179871 3.26999998092651 2.76399993896484 2.32399988174438 3.81599998474121 4.82299995422363 4.91200017929077 4.98199987411499 4.93800020217896
-3.4e+38 -3.4e+38 -3.4e+38 -3.4e+38 3.24699997901917 4.6560001373291 5.51100015640259 5.83400011062622 5.56599998474121 4.625 3.16100001335144 2.32800006866455 0.703000009059906 0.333000004291534 0.256000012159348 0.252000004053116 0.584999978542328 1.25 2.06100010871887 2.93499994277954 2.9539999961853 2.99799990653992 2.83800005912781 2.72300004959106 2.2409999370575 1.62899994850159 1.01800000667572 0.541999995708466 0.528999984264374 0.558000028133392 1.03699994087219 1.49500000476837 2.50300002098083 3.53800010681152 3.80800008773804 3.98699998855591 3.81100010871887 3.58200001716614 3.45900011062622 3.37199997901917 2.97499990463257 4.65100002288818 5.10400009155273 5.38000011444092 5.24200010299683 5.13800001144409
-3.4e+38 -3.4e+38 -3.4e+38 -3.4e+38 4.14200019836426 5.51700019836426 6.26399993896484 6.28700017929077 5.54400014877319 5.02600002288818 4.16699981689453 3.09200000762939 1.53699994087219 0.388000011444092 0.349999994039536 0.256999999284744 0.58899998664856 1.25499999523163 1.91999995708466 2.42400002479553 2.7739999294281 2.34800004959106 2.21799993515015 1.87699997425079 1.26499998569489 0.684000015258789 0.580999970436096 0.5 0.495000004768372 0.493000000715256 0.513999998569489 2.54999995231628 2.79800009727478 3.67899990081787 4.03800010681152 4.11199998855591 4.00099992752075 3.84800004959106 3.76200008392334 3.50099992752075 3.50200009346008 4.47700023651123 4.90000009536743 5.13000011444092 4.98799991607666 4.48000001907349
-3.4e+38 -3.4e+38 -3.4e+38 -3.4e+38 5.46500015258789 6.17899990081787 6.46299982070923 6.2020001411438 5.59499979019165 5.18499994277954 4.80600023269653 3.19799995422363 1.03799998760223 0.894999980926514 1.22699999809265 0.740000009536743 0.46900001168251 0.962999999523163 1.4559999704361 1.97699999809265 2.18400001525879 1.71200001239777 1.51199996471405 0.899999976158142 0.720000028610229 0.617999970912933 0.472000002861023 0.467999994754791 0.46399998664856 0.458999991416931 0.451999992132187 2.20700001716614 3.58299994468689 3.76999998092651 4.13600015640259 4.34999990463257 4.31400012969971 4.25699996948242 3.79800009727478 3.45000004768372 3.77800011634827 3.96199989318848 4.46099996566772 4.40399980545044 3.98900008201599 3.67700004577637
-3.4e+38 -3.4e+38 -3.4e+38 4.58799982070923 5.83199977874756 6.32100009918213 6.63000011444092 6.45699977874756 6.37099981307983 6.00600004196167 5.3439998626709 3.51600003242493 2.35400009155273 2.92600011825562 2.80399990081787 2.88499999046326 2.8529999256134 1.557000041008 0.98199999332428 1.55099999904633 1.59399998188019 1.09200000762939 0.857999980449677 0.755999982357025 0.652999997138977 0.444999992847443 0.441000014543533 0.435999989509583 0.432000011205673 0.428000003099442 0.426999986171722 0.837000012397766 3.30900001525879 3.81699991226196 3.96300005912781 4.61299991607666 4.83599996566772 4.69099998474121 4.27099990844727 3.93799996376038 3.31900000572205 3.39800000190735 3.66199994087219 3.82299995422363 4.1399998664856 3.97699999809265
-3.4e+38 -3.4e+38 -3.4e+38 5.57999992370605 6.42799997329712 6.00099992752075 6.63399982452393 6.60599994659424 6.15899991989136 5.65100002288818 3.63499999046326 3.59699988365173 3.83599996566772 3.61999988555908 3.45099997520447 3.375 3.29099988937378 3.27500009536743 2.20499992370605 1.71599996089935 1.52199995517731 0.945999979972839 0.791000008583069 0.689000010490417 0.46900001168251 0.412999987602234 0.409000009298325 0.405000001192093 0.409000009298325 0.430999994277954 0.451999992132187 1.41999995708466 2.28800010681152 2.97499990463257 3.34500002861023 4.29199981689453 4.73299980163574 4.27799987792969 4.21700000762939 3.67899990081787 3.41300010681152 3.79200005531311 3.85899996757507 3.92000007629395 4.55999994277954 4.72800016403198
-3.4e+38 -3.4e+38 -3.4e+38 6.46799993515015 6.72800016403198 6.02299976348877 6.19199991226196 6.05600023269653 5.50699996948242 5.34299993515015 4.60799980163574 4.64499998092651 4.53800010681152 4.59999990463257 4.30200004577637 3.94400000572205 3.62400007247925 3.4449999332428 2.82299995422363 1.75999999046326 1.51600003242493 1.08200001716614 0.725000023841858 0.508000016212463 0.386000007390976 0.381000012159348 0.391000002622604 0.412000000476837 0.433999985456467 0.456000000238419 0.694000005722046 1.89800000190735 2.1010000705719 2.3050000667572 2.69099998474121 3.66499996185303 2.87100005149841 2.32100009918213 2.08500003814697 3.01699995994568 3.65899991989136 3.79500007629395 3.68499994277954 3.9779999256134 4.76399993896484 5.13600015640259
