02_asc_chm-r50m/BR21X5.asc
NCOLS 201 
NROWS 200 
XLLCORNER 530745 
YLLCORNER 5288143.5 
CELLSIZE 0.5 
NODATA_value -3.4e+38 
[rows 120 to 139 of 200, columns 138 to 183 of 201]
0.740000009536743 0.754000008106232 0.921000003814697 0.623000025749207 0.444000005722046 2.3050000667572 7.77099990844727 12.7089996337891 19.0020008087158 21.2450008392334 22.9750003814697 27.1539993286133 29.5739994049072 31.6159992218018 32.8390007019043 32.4189987182617 31.798999786377 31.636999130249 31.4370002746582 30.5930004119873 30.326000213623 23.7089996337891 13.3800001144409 11.2600002288818 6.03499984741211 0.384999990463257 0.435999989509583 0.330000013113022 0.275999993085861 0.34400001168251 0.270000010728836 0.296999990940094 0.499000012874603 1.08800005912781 1.53799998760223 10.7980003356934 15.9219999313354 14.5590000152588 9.97999954223633 2.97199988365173 0.465000003576279 0.554000020027161 0.592999994754791 0.546999990940094 0.72299998998642 0.649999976158142
0.421000003814697 0.507000029087067 0.656000018119812 0.578999996185303 1.74699997901917 5.8769998550415 10.0080003738403 16.0160007476807 20.4130001068115 24.1049995422363 25.0349998474121 30.1450004577637 31.5809993743896 32.5779991149902 33.0610008239746 33.7109985351562 34.0040016174316 32.4440002441406 32.3289985656738 31.6350002288818 30.6399993896484 29.1609992980957 24.6909999847412 19.0340003967285 11.496000289917 1.94200003147125 0.372999995946884 0.316000014543533 0.194000005722046 0.270000010728836 0.381999999284744 0.337999999523163 0.675000011920929 1.24899995326996 9.4709997177124 13.1660003662109 16.4400005340576 15.4799995422363 14.5620002746582 6.17399978637695 0.488999992609024 0.607999980449677 0.667999982833862 0.63400000333786 0.61599999666214 0.524999976158142
0.680000007152557 0.453999996185303 0.517000019550323 1.18900001049042 4.74100017547607 8.28899955749512 11.8360004425049 15.3920001983643 18.3400001525879 27.0960006713867 28.2730007171631 31.951000213623 32.6150016784668 33.148998260498 33.7109985351562 35.5789985656738 36.9790000915527 35.5190010070801 34.0219993591309 32.8810005187988 31.4479999542236 28.5970001220703 24.4330005645752 21.9529991149902 11.3640003204346 1.8309999704361 0.360000014305115 0.363000005483627 0.300999999046326 0.277999997138977 0.310999989509583 0.349000006914139 0.467999994754791 0.765999972820282 0.84799998998642 16.1870002746582 15.8050003051758 12.8520002365112 12.16100025177 5.45599985122681 0.541999995708466 0.638999998569489 0.66100001335144 0.646000027656555 0.574999988079071 0.814999997615814
1.73800003528595 1.68700003623962 2.26099991798401 1.43900001049042 3.42799997329712 6.97599983215332 10.5240001678467 14.1110000610352 20.2999992370605 28.7099990844727 29.3889999389648 32.0909996032715 34.8460006713867 35.1710014343262 36.4930000305176 37.359001159668 37.6660003662109 37.5629997253418 37.0620002746582 35.8899993896484 33.6809997558594 31.5830001831055 28.0590000152588 23.0890007019043 18.3239994049072 0.356000006198883 0.370999991893768 0.386999994516373 0.40200001001358 0.418000012636185 0.419999986886978 0.50900000333786 0.600000023841858 0.690999984741211 1.99000000953674 11.9300003051758 10.2729997634888 5.25799989700317 2.69600009918213 0.820999979972839 0.717000007629395 0.788999974727631 0.742999970912933 0.676999986171722 0.657000005245209 1.17999994754791
3.71799993515015 5.88299989700317 6.74300003051758 3.93300008773804 3.77300000190735 5.66300010681152 8.1269998550415 12.5170001983643 19.3939990997314 26.8939990997314 30.1669998168945 33.8139991760254 36.0040016174316 36.2849998474121 37.6110000610352 37.7929992675781 37.992000579834 37.935001373291 37.8489990234375 37.556999206543 35.4959983825684 33.2700004577637 31.7290000915527 30.2199993133545 18.1909999847412 0.368000000715256 0.382999986410141 0.398999989032745 0.407999992370605 0.407999992370605 0.574000000953674 0.90200001001358 0.432000011205673 0.523000001907349 0.656000018119812 3.8529999256134 1.94500005245209 1.55900001525879 1.26199996471405 0.640999972820282 0.753000020980835 0.842000007629395 0.677999973297119 0.615000009536743 0.642000019550323 1.15199995040894
8.69999980926514 11.7919998168945 11.4759998321533 9.56700038909912 7.53700017929077 6.44199991226196 5.0460000038147 14.2349996566772 22.8490009307861 27.9479999542236 31.0869998931885 35.1119995117188 35.9640007019043 37.0470008850098 38.4290008544922 38.257999420166 38.4309997558594 38.375 38.1049995422363 37.3240013122559 36.1720008850098 33.992000579834 32.0320014953613 30.7159996032715 16.3770008087158 0.379000008106232 0.395000010728836 0.398999989032745 0.395999997854233 0.416999995708466 0.740000009536743 1.34099996089935 1.36699998378754 0.559000015258789 0.446000009775162 0.964999973773956 1.52600002288818 1.76300001144409 1.96099996566772 1.23399996757507 0.499000012874603 0.423000007867813 0.470999985933304 0.460999995470047 0.402999997138977 0.391999989748001
11.6920003890991 12.1230001449585 12.793999671936 13.0349998474121 12.2270002365112 9.625 6.92500019073486 17.1520004272461 25.1499996185303 28.5200004577637 31.8090000152588 34.3569984436035 35.9490013122559 37.681999206543 39.1399993896484 39.6080017089844 39.4199981689453 39.0810012817383 38.5439987182617 37.7639999389648 36.976001739502 35.1319999694824 32.701000213623 30.9790000915527 10.4320001602173 0.391000002622604 0.389999985694885 0.386999994516373 0.393999993801117 0.437999993562698 0.906000018119812 1.50699996948242 2.10700011253357 1.83299994468689 1.02400004863739 0.750999987125397 1.54999995231628 1.87100005149841 2.02500009536743 1.567999958992 0.859000027179718 0.126000002026558 0.111000001430511 0.186000004410744 0.248999997973442 0.19200000166893
13.0270004272461 13.1719999313354 13.3229999542236 13.9090003967285 14.1700000762939 13.628999710083 10.4879999160767 19.4179992675781 25.6469993591309 30.4580001831055 32.7169990539551 34.0909996032715 36.4659996032715 38.0429992675781 39.359001159668 40.0800018310547 40.3930015563965 39.7280006408691 38.9519996643066 38.3330001831055 37.8860015869141 36.2369995117188 32.1920013427734 20.8959999084473 0.400999993085861 0.349999994039536 0.377999991178513 0.375 0.41499999165535 0.472000002861023 1.07200002670288 1.67299997806549 2.27300000190735 2.87400007247925 2.43600010871887 1.30200004577637 1.17599999904633 1.50600004196167 1.68099999427795 2.48200011253357 1.65799999237061 0.388000011444092 0.317999988794327 0.247999995946884 0.177000001072884 0.0509999990463257
13.66100025177 13.8360004425049 13.8970003128052 14.2919998168945 14.1370000839233 13.8380002975464 12.0780000686646 12.201000213623 26.125 30.1459999084473 34.4780006408691 35.9290008544922 36.9599990844727 38.0069999694824 39.0660018920898 39.867000579834 40.193000793457 39.6629981994629 38.6290016174316 37.7869987487793 37.8240013122559 35.3170013427734 33.1529998779297 11.6540002822876 0.423000007867813 0.428999990224838 0.328000009059906 0.409000009298325 0.435999989509583 0.638000011444092 1.23800003528595 1.83899998664856 2.23799991607666 2.81399989128113 3.02699995040894 0.367000013589859 0.519999980926514 0.968999981880188 3.12100005149841 4.94899988174438 4.42899990081787 0.226999998092651 0.0659999996423721 0.0549999997019768 0.0579999983310699 0.0610000006854534
13.8999996185303 14.3090000152588 14.4899997711182 14.5629997253418 14.2569999694824 13.4460000991821 12.4219999313354 13.7220001220703 23.8309993743896 29.8880004882812 33.9580001831055 36.0530014038086 36.9049987792969 37.6870002746582 38.6049995422363 39.2089996337891 39.4230003356934 38.8790016174316 38.048999786377 37.1860008239746 36.5989990234375 34.2830009460449 26.5300006866455 0.580999970436096 0.398000001907349 0.453000009059906 0.426999986171722 0.407000005245209 0.467000007629395 0.779999971389771 1.12100005149841 1.41799998283386 1.92499995231628 2.6010000705719 2.71799993515015 0.64300000667572 0.33500000834465 0.805999994277954 3.52900004386902 5.28000020980835 5.42600011825562 0.109999999403954 0.0780000016093254 0.0820000022649765 0.0850000008940697 0.0890000015497208
14.164999961853 14.3520002365112 14.4399995803833 14.5640001296997 14.4870004653931 13.706000328064 12.8500003814697 16.5930004119873 22.128999710083 24.7740001678467 31.423999786377 35.2529983520508 36.2830009460449 37.2159996032715 37.8779983520508 38.0909996032715 38.1399993896484 37.9529991149902 37.5699996948242 36.8129997253418 35.3720016479492 20.613000869751 6.83400011062622 0.610000014305115 0.684000015258789 0.388000011444092 0.425000011920929 0.368000000715256 0.455000013113022 0.514999985694885 0.58899998664856 0.926999986171722 1.32500004768372 1.74500000476837 1.91700005531311 1.44799995422363 0.165000006556511 0.296999990940094 0.386000007390976 2.24000000953674 3.45499992370605 0.263999998569489 0.195999994874001 0.128000006079674 0.112999998033047 0.116999998688698
14.1709995269775 14.3959999084473 14.3629999160767 14.4329996109009 14.3489999771118 14.0129995346069 13.3450002670288 12.6239995956421 15.8549995422363 10.8459997177124 20.1499996185303 31.2140007019043 34.2169990539551 36.3619995117188 36.5460014343262 36.5950012207031 36.7929992675781 37.1879997253418 37.1580009460449 35.306999206543 28.8999996185303 5.79300022125244 3.6800000667572 1.97000002861023 1.79299998283386 1.28900003433228 0.402999997138977 0.354999989271164 0.333000004291534 0.407000005245209 0.460999995470047 0.404000014066696 0.564000010490417 0.875999987125397 1.11699998378754 0.72299998998642 0.254999995231628 0.474999994039536 0.552999973297119 0.518999993801117 0.455000013113022 0.407999992370605 0.34400001168251 0.279000014066696 0.214000001549721 0.146999999880791
14.0819997787476 14.2530002593994 14.33899974823 14.3690004348755 14.2530002593994 14.2019996643066 13.9409999847412 12.7180004119873 11.5620002746582 10.1029996871948 9.36200046539307 19.1399993896484 31.44700050354 34.1590003967285 34.8730010986328 36.0040016174316 36.2050018310547 36.6180000305176 35.4420013427734 33.8680000305176 33.056999206543 19.9769992828369 5.42799997329712 3.32999992370605 2.73099994659424 1.40100002288818 0.372000008821487 0.310999989509583 0.287999987602234 0.270000010728836 0.250999987125397 0.225999996066093 0.442999988794327 0.569000005722046 0.414000004529953 0.361999988555908 0.416999995708466 0.547999978065491 0.593999981880188 0.537999987602234 0.386999994516373 0.323000013828278 0.185000002384186 0.108000002801418 0.10700000077486 0.246999993920326
13.5129995346069 13.8500003814697 14.1140003204346 14.1300001144409 13.9090003967285 13.9969997406006 13.8870000839233 12.1840000152588 9.66699981689453 9.62399959564209 11.5860004425049 13.3800001144409 29.128999710083 29.5659999847412 32.3330001831055 34.1650009155273 34.7999992370605 34.6730003356934 33.5209999084473 28.4740009307861 23.3379993438721 16.2369995117188 6.21299982070923 4.82499980926514 2.92600011825562 1.06099998950958 0.340000003576279 0.307000011205673 0.28600001335144 0.26800000667572 0.225999996066093 0.215000003576279 0.35699999332428 0.45100000500679 0.347000002861023 0.324999988079071 0.428000003099442 0.490000009536743 0.453999996185303 0.46399998664856 0.386999994516373 0.423000007867813 0.305000007152557 0.142000004649162 0.231000006198883 0.284000009298325
13.3520002365112 13.5459995269775 13.5780000686646 13.7019996643066 13.4899997711182 13.628999710083 13.9180002212524 14.0290002822876 12.5 15.0389995574951 18.5620002746582 19.9330005645752 25.3470001220703 22.4349994659424 24.992000579834 28.7320003509521 30.1800003051758 30.8980007171631 29.742000579834 24.4389991760254 17.011999130249 9.05900001525879 6.0149998664856 6.59899997711182 2.26900005340576 0.720000028610229 0.328999996185303 0.303999990224838 0.284000009298325 0.233999997377396 0.203999996185303 0.202999994158745 0.270999997854233 0.333000004291534 0.275000005960464 0.263999998569489 0.256000012159348 0.209000006318092 0.241999998688698 0.303000003099442 0.409999996423721 0.547999978065491 0.574000000953674 0.342999994754791 0.354000002145767 0.35699999332428
13.0869998931885 13.246000289917 13.0579996109009 13.0749998092651 12.8909997940063 13.5139999389648 13.793999671936 14.3990001678467 16.0359992980957 17.8419990539551 21.5979995727539 26.4360008239746 24.9150009155273 22.6399993896484 17.6509990692139 21.9370002746582 23.9909992218018 24.7670001983643 26.0990009307861 20.7959995269775 15.4930000305176 10.1899995803833 5.31699991226196 3.71199989318848 0.337000012397766 0.335999995470047 0.319000005722046 0.300999999046326 0.241999998688698 0.193000003695488 0.193000003695488 0.19200000166893 0.190999999642372 0.228000000119209 0.245000004768372 0.301999986171722 0.230000004172325 0.158999994397163 0.500999987125397 0.171000003814697 0.324999988079071 0.485000014305115 0.616999983787537 0.579999983310699 0.564000010490417 0.42399999499321
12.3719997406006 12.4619998931885 12.3409996032715 12.4350004196167 12.4250001907349 12.9049997329712 12.5209999084473 12.1979999542236 14.4350004196167 21.4440002441406 28.8509998321533 32.173999786377 31.9750003814697 30.8840007781982 27.4689998626709 15.2700004577637 17.8859996795654 19.1889991760254 20.5319995880127 17.1529998779297 11.8500003814697 6.54699993133545 2.82299995422363 0.243000000715256 0.237000003457069 0.224000006914139 0.25900000333786 0.280000001192093 0.18299999833107 0.181999996304512 0.180999994277954 0.180000007152557 0.179000005125999 0.243000000715256 0.323000013828278 0.275999993085861 0.619000017642975 1.44799995422363 1.06700003147125 0.165000006556511 0.296000003814697 0.46399998664856 0.61599999666214 0.670000016689301 0.66100001335144 0.582000017166138
11.8920001983643 12.0559997558594 12.16100025177 12.1510000228882 11.9099998474121 11.5080003738403 10.5679998397827 9.54199981689453 7.84600019454956 15.8409996032715 29.7849998474121 33.6669998168945 34.7840003967285 32.5250015258789 26.3929996490479 16.4559993743896 12.2690000534058 13.6120004653931 14.9540004730225 13.5109996795654 8.20699977874756 3.19199991226196 0.328999996185303 0.119000002741814 1.64100003242493 0.115000002086163 0.229000002145767 0.239999994635582 0.14300000667572 0.140000000596046 0.136000007390976 0.131999999284744 0.238999992609024 0.31700000166893 0.736999988555908 1.56599998474121 2.39499998092651 2.7039999961853 1.63499999046326 0.603999972343445 0.279000014066696 0.444000005722046 0.596000015735626 0.605000019073486 0.617999970912933 0.460999995470047
10.7569999694824 11.2700004577637 11.6529998779297 11.8380002975464 11.5959997177124 10.2880001068115 9.29899978637695 8.12899971008301 6.62599992752075 16.7099990844727 33.2140007019043 34.1629981994629 34.5040016174316 30.8810005187988 22.5090007781982 16.8899993896484 11.4549999237061 8.03400039672852 9.3769998550415 9.86800003051758 4.56500005722046 0.698000013828278 0.0879999995231628 3.24399995803833 5.80399990081787 3.11299991607666 0.148000001907349 0.18299999833107 0.090999998152256 0.090999998152256 0.0920000001788139 0.0920000001788139 0.157000005245209 0.28099998831749 2.51200008392334 3.34100008010864 4.17000007629395 3.23300004005432 2.20199990272522 1.1710000038147 0.273000001907349 0.423000007867813 0.574999988079071 0.551999986171722 0.497999995946884 0.331000000238419
9.05399990081787 9.72799968719482 10.4139995574951 10.8690004348755 10.2180004119873 9.44600009918213 7.35300016403198 4.80999994277954 8.8149995803833 13.9469995498657 32.8639984130859 32.3479995727539 32.9519996643066 30.7269992828369 25.048999786377 19.3929996490479 13.7370004653931 8.20400047302246 4.33199977874756 5.14200019836426 1.067999958992 0.0799999982118607 3.33400011062622 8.04500007629395 9.83500003814697 8.30599975585938 4.58500003814697 0.721000015735626 1.35199999809265 0.101999998092651 0.103000000119209 0.103000000119209 2.3199999332428 1.73199999332428 4.28800010681152 5.11700010299683 4.89599990844727 3.80100011825562 2.76999998092651 1.7389999628067 0.708000004291534 0.400999993085861 0.529999971389771 0.319999992847443 0.273000001907349 0.162000000476837
