02_asc_chm-r50m/BR21X5.asc
NCOLS 201 
NROWS 200 
XLLCORNER 530745 
YLLCORNER 5288143.5 
CELLSIZE 0.5 
NODATA_value -3.4e+38 
[rows 120 to 139 of 200, columns 46 to 91 of 201]
29.0659999847412 31.5739994049072 33.4679985046387 36.5040016174316 37.0629997253418 38.8230018615723 39.8849983215332 40.1780014038086 40.0839996337891 39.1419982910156 38.6150016784668 37.9469985961914 36.5660018920898 33.2809982299805 31.632999420166 29.2660007476807 22.7959995269775 26.257999420166 26.3649997711182 26.6480007171631 26.7469997406006 27.2919998168945 29.3680000305176 29.9529991149902 30.5930004119873 30.7679996490479 30.2719993591309 28.9419994354248 27.6140003204346 26.0060005187988 24.4570007324219 24.3640003204346 22.0219993591309 17.6660003662109 14.6999998092651 13.9259996414185 15.0120000839233 15.3129997253418 17.3449993133545 18.9409999847412 17.0100002288818 14.1230001449585 11.2370004653931 8.04800033569336 4.76200008392334 9.50500011444092
29.757999420166 32.6809997558594 34.8199996948242 35.9980010986328 37.451000213623 39.0270004272461 39.7789993286133 40.1559982299805 40.0419998168945 39.5579986572266 38.7770004272461 37.6559982299805 37.0429992675781 34.4500007629395 32.0800018310547 31.4249992370605 26.7040004730225 25.5030002593994 26.2070007324219 26.9230003356934 28.1229991912842 29.4300003051758 31.076000213623 31.386999130249 31.6879997253418 31.8279991149902 31.2240009307861 30.2660007476807 29.1959991455078 27.5380001068115 25.556999206543 24.886999130249 24.5629997253418 20.7299995422363 17.05299949646 14.8489999771118 15.1870002746582 15.2110004425049 14.4750003814697 14.8870000839233 12.0010004043579 9.11499977111816 6.22900009155273 3.3199999332428 7.51200008392334 9.07999992370605
30.1280002593994 32.507999420166 34.7439994812012 35.9990005493164 37.4550018310547 38.5789985656738 39.2820014953613 39.7809982299805 39.7430000305176 39.2779998779297 38.8330001831055 36.9809989929199 36.6389999389648 35.1780014038086 30.5200004577637 29.701000213623 27.0879993438721 25.4449996948242 26.7970008850098 27.2549991607666 29.1159992218018 30.6450004577637 31.5459995269775 31.9519996643066 33.0050010681152 32.4529991149902 32.8349990844727 31.9379997253418 30.5970001220703 28.6700000762939 26.7180004119873 24.9330005645752 24.4650001525879 21.7019996643066 18.6650009155273 16.5049991607666 15.3760004043579 15.3909997940063 14.6420001983643 13.6969995498657 10.5989999771118 7.38600015640259 4.1729998588562 0.958999991416931 4.94799995422363 8.81099987030029
28.6280002593994 31.2159996032715 34.3800010681152 35.4230003356934 36.4580001831055 37.5190010070801 38.7169990539551 38.9669990539551 38.9039993286133 38.6629981994629 37.3019981384277 36.314998626709 35.9220008850098 35.9039993286133 30.9120006561279 28.1229991912842 27.1439990997314 24.3479995727539 26.7409992218018 27.4020004272461 29.42799949646 31.2600002288818 32.2599983215332 33.2350006103516 33.9749984741211 33.5439987182617 33.1469993591309 32.5279998779297 30.673999786377 28.9769992828369 26.1639995574951 24.7779998779297 24.2049999237061 20.5380001068115 19.0349998474121 17.617000579834 16.3540000915527 14.9680004119873 13.8979997634888 12.7519998550415 9.9040002822876 6.77799987792969 3.65199995040894 1.91400003433228 1.45099997520447 6.85200023651123
23.8349990844727 28.4169998168945 33.3190002441406 34.5110015869141 36.1310005187988 36.765998840332 37.7159996032715 37.7680015563965 37.9269981384277 37.117000579834 36.8870010375977 36.1699981689453 35.9990005493164 35.9280014038086 30.367000579834 27.9389991760254 26.4370002746582 23.7159996032715 25.261999130249 28.3880004882812 29.3549995422363 31.3430004119873 32.515998840332 33.7919998168945 34.7519989013672 34.3730010986328 33.5209999084473 32.4119987487793 30.75 28.8269996643066 26.6189994812012 24.681999206543 22.4729995727539 19.2950000762939 19.0300006866455 18.511999130249 16.4740009307861 13.9729995727539 13.4329996109009 10.7700004577637 9.0629997253418 7.24599981307983 7.10500001907349 4.76599979400635 2.13599991798401 0.248999997973442
24.9540004730225 28.2329998016357 31.9290008544922 33.8419990539551 34.8720016479492 35.6189994812012 36.0120010375977 36.6629981994629 36.8619995117188 37.0029983520508 36.2430000305176 35.6720008850098 35.6310005187988 32.492000579834 26.5869998931885 24.6119995117188 21.6650009155273 25.3120002746582 29.4009990692139 29.8579998016357 30.3570003509521 31.007999420166 32.2830009460449 33.5730018615723 34.5340003967285 34.4160003662109 33.390998840332 32.4449996948242 31.2220001220703 28.7590007781982 27.1879997253418 25.0709991455078 22.7019996643066 19.5240001678467 18.9440002441406 18.2199993133545 15.9469995498657 15.039999961853 14.4040002822876 13.7910003662109 13.3979997634888 11.9879999160767 10.2480001449585 7.61800003051758 4.98699998855591 2.35700011253357
23.878999710083 25.9409999847412 29.136999130249 31.9260005950928 33.5429992675781 34.3289985656738 34.640998840332 35.3899993896484 34.9539985656738 35.5120010375977 35.0200004577637 35.0530014038086 32.5610008239746 28.4599990844727 23.5790004730225 21.378999710083 26.0020008087158 29.7250003814697 30.92799949646 30.4740009307861 30.0960006713867 30.7409992218018 32.2360000610352 33.2649993896484 33.9869995117188 34.3740005493164 32.7620010375977 31.7360000610352 29.8269996643066 27.8619995117188 26.4009990692139 23.8680000305176 20.8819999694824 19.9050006866455 18.8600006103516 18.5830001831055 16.7770004272461 16.125 16.1900005340576 16.1180000305176 16.1119995117188 15.2709999084473 12.4930000305176 9.71500015258789 6.93699979782104 4.15899991989136
23.9120006561279 25.7299995422363 26.0909996032715 28.8309993743896 31.3939990997314 32.2809982299805 32.9529991149902 33.8040008544922 33.7150001525879 27.9300003051758 27.2730007171631 31.7609996795654 28.2110004425049 25.1119995117188 23.1079998016357 25.8619995117188 28.1110000610352 30.943000793457 32.3349990844727 32.173999786377 33.0589981079102 33.0709991455078 33.5429992675781 33.8660011291504 34.1689987182617 34.0250015258789 32.5509986877441 31.8099994659424 28.1200008392334 27.2600002288818 23.9120006561279 21.75 20.9680004119873 20.238000869751 19.4589996337891 18.4860000610352 18.4169998168945 16.8439998626709 16.2910003662109 16.1730003356934 13.0920000076294 10.3850002288818 10.9630002975464 9.95600032806396 7.17899990081787 4.40100002288818
20.7600002288818 23.7509994506836 23.7649993896484 24.07200050354 29.2929992675781 30.5240001678467 26.378999710083 26.9099998474121 23.5919990539551 18.1599998474121 18.2709999084473 24.3190002441406 25.1499996185303 22.2940006256104 22.4599990844727 24.9619998931885 28.5599994659424 31.5669994354248 32.2970008850098 32.3499984741211 34.4230003356934 34.7999992370605 34.326000213623 34.3219985961914 34.7060012817383 35.2200012207031 32.8390007019043 32.2480010986328 30.1439990997314 27.0960006713867 25.132999420166 22.0279998779297 21.3409996032715 19.9729995727539 19.6180000305176 17.2719993591309 15.91100025177 16.1219997406006 15.1269998550415 12.7740001678467 9.59799957275391 6.81899976730347 5.97499990463257 6.55299997329712 7.13100004196167 6.49399995803833
13.9359998703003 16.9160003662109 18.2110004425049 19.0459995269775 20.3150005340576 21.173999786377 16.3910007476807 17.0410003662109 17.1709995269775 17.1070003509521 17.1079998016357 19.1060009002686 21.94700050354 23.8770008087158 23.0709991455078 27.1539993286133 29.7509994506836 32.2099990844727 33.1300010681152 33.2190017700195 34.4570007324219 35.310001373291 35.8769989013672 35.8450012207031 35.9059982299805 36.5410003662109 33.8019981384277 31.9589996337891 30.7679996490479 27.3920001983643 22.6599998474121 22.0949993133545 20.9249992370605 19.7859992980957 19.3799991607666 18.5209999084473 15.9230003356934 14.6770000457764 14.6929998397827 13.2980003356934 10.9449996948242 2.75099992752075 1.16799998283386 3.01099991798401 7.71500015258789 8.47000026702881
7.17899990081787 11.0249996185303 9.64700031280518 7.65500020980835 10.0729999542236 8.23900032043457 11.3549995422363 12.2390003204346 13.3159999847412 13.2519998550415 13.6660003662109 14.7609996795654 20.6350002288818 25.8549995422363 28.9680004119873 30.05299949646 30.8950004577637 32.3689994812012 33.1949996948242 35.2379989624023 36.1829986572266 36.9029998779297 37.1870002746582 37.976001739502 38.0130004882812 37.3110008239746 34.7729988098145 31.1439990997314 30.1259994506836 28.1119995117188 19.9930000305176 20.1089992523193 20.2240009307861 19.3129997253418 18.8479995727539 18.996000289917 17.5919990539551 14.7679996490479 14.2340002059937 14.2679996490479 12.8830003738403 10.1579999923706 2.21799993515015 6.02099990844727 9.2790002822876 8.40200042724609
1.46300005912781 2.75500011444092 1.08200001716614 0.386999994516373 0.34799998998642 3.20300006866455 6.32000017166138 7.43800020217896 9.46000003814697 9.62399959564209 10.2229995727539 10.6490001678467 16.2889995574951 22.1630001068115 29.0240001678467 30.3579998016357 31.3910007476807 32.3390007019043 33.3930015563965 35.9879989624023 36.5909996032715 37.2630004882812 38.1230010986328 38.3619995117188 37.882999420166 37.6319999694824 34.8720016479492 30.4890003204346 29.5279998779297 27.1630001068115 19.306999206543 19.2070007324219 18.7089996337891 17.9659996032715 15.8420000076294 15.7840003967285 14.6789999008179 9.28800010681152 11.371000289917 11.6920003890991 14.1590003967285 13.5260000228882 11.581000328064 9.33399963378906 11.0010004043579 12.0389995574951
0.386999994516373 0.524999976158142 0.505999982357025 0.35699999332428 0.30799999833107 0.368999987840652 1.28400003910065 4.09999990463257 5.60500001907349 6.18100023269653 6.78000020980835 7.33500003814697 12.1780004501343 17.8169994354248 25.9400005340576 31.7299995422363 33.3610000610352 33.4189987182617 33.4970016479492 35.4039993286133 36.8520011901855 37.5989990234375 38.726001739502 38.9910011291504 38.5519981384277 37.6769981384277 35.423999786377 31.2530002593994 30.3400001525879 25.257999420166 18.5069999694824 15.5930004119873 16.0340003967285 14.9379997253418 11.2309999465942 10.3109998703003 9.20600032806396 8.24199962615967 8.19200038909912 8.92700004577637 13.1239995956421 12.1850004196167 8.99600028991699 10.798999786377 11.5170001983643 14.1669998168945
0.391000002622604 0.518999993801117 0.51800000667572 0.437999993562698 0.354000002145767 0.328999996185303 0.388000011444092 0.815999984741211 2.14000010490417 2.73799991607666 3.33699989318848 3.93600010871887 8.06599998474121 18.132999420166 23.5709991455078 29.3050003051758 33.3880004882812 33.4020004272461 33.9869995117188 34.701000213623 36.4770011901855 37.9749984741211 38.9910011291504 39.3310012817383 38.9249992370605 37.7159996032715 36.5940017700195 34.8959999084473 31.69700050354 25.5709991455078 15.7080001831055 11.3409996032715 12.9540004730225 11.6479997634888 6.23299980163574 6.60300016403198 7.71999979019165 8.47900009155273 8.52799987792969 8.55399990081787 10.8210000991821 9.59799957275391 9.90900039672852 11.2379999160767 13.6420001983643 14.9879999160767
0.200000002980232 0.354999989271164 0.486000001430511 0.512000024318695 0.479000002145767 0.38400000333786 0.340000003576279 0.46000000834465 0.507000029087067 0.499000012874603 0.532000005245209 0.544000029563904 6.93800020217896 17.8390007019043 25.3050003051758 26.1919994354248 33.0009994506836 33.4609985351562 33.8580017089844 35.2680015563965 36.6469993591309 37.5309982299805 38.3639984130859 38.8790016174316 37.9300003051758 37.5709991455078 36.7410011291504 35.193000793457 32.3300018310547 31.1569995880127 23.6550006866455 15.5030002593994 10.78600025177 9.74699974060059 6.14799976348877 4.96099996566772 5.92700004577637 6.42199993133545 7.39699983596802 8.37199974060059 8.91600036621094 9.13099956512451 11.5480003356934 12.5670003890991 14.4899997711182 15.3780002593994
0.133000001311302 0.101999998092651 0.333999991416931 0.370000004768372 0.331999987363815 0.266999989748001 0.28999999165535 0.407999992370605 0.488000005483627 0.568000018596649 0.395999997854233 0.426999986171722 8.44900035858154 17.4130001068115 19.2469997406006 29.443000793457 31.3360004425049 32.4949989318848 33.375 35.1590003967285 35.3190002441406 36.6150016784668 37.3549995422363 37.8419990539551 37.4490013122559 36.7519989013672 35.9000015258789 35.0699996948242 33.8079986572266 32.173999786377 27.6119995117188 13.789999961853 9.44600009918213 8.16300010681152 6.06300020217896 3.3199999332428 4.13399982452393 4.14900016784668 5.12400007247925 6.09899997711182 7.88600015640259 11.0190000534058 12.5629997253418 12.7239999771118 14.3739995956421 15.5459995269775
0.167999997735023 0.160999998450279 0.152999997138977 0.231000006198883 0.190999999642372 0.208000004291534 0.239999994635582 0.328000009059906 0.414000004529953 0.512000024318695 1.92200005054474 5.94099998474121 14.4099998474121 20.5380001068115 11.9230003356934 20.1189994812012 29.4869995117188 29.6690006256104 31.7019996643066 34.0040016174316 34.8009986877441 35.7669982910156 36.3009986877441 36.798999786377 36.6689987182617 35.8839988708496 34.8339996337891 34.7039985656738 33.5559997558594 32.0499992370605 29.6469993591309 19.9540004730225 6.57800006866455 5.73899984359741 4.78399991989136 2.37899994850159 2.34100008010864 2.04099988937378 2.85199999809265 4.52699995040894 7.46199989318848 10.6619997024536 12.6049995422363 12.8269996643066 14.9429998397827 16.2950000762939
0.202999994158745 0.195999994874001 0.187000006437302 0.179000005125999 1.27999997138977 0.144999995827675 0.180999994277954 0.314000010490417 12.0509996414185 14.375 16.3279991149902 16.8169994354248 21.7520008087158 20.992000579834 14.9949998855591 14.9580001831055 28.1830005645752 28.7970008850098 28.4519996643066 33.7190017700195 34.3390007019043 34.6870002746582 35.1139984130859 35.5550003051758 33.242000579834 35.2680015563965 34.1119995117188 34.1030006408691 33.7179985046387 32.1069984436035 29.9689998626709 20.4990005493164 3.71000003814697 2.87100005149841 2.03200006484985 1.19200003147125 0.578000009059906 0.60699999332428 1.25699996948242 4.37900018692017 7.66099977493286 9.45800018310547 11.0069999694824 13.0520000457764 14.7550001144409 16.2399997711182
0.238000005483627 0.230000004172325 0.222000002861023 3.46499991416931 7.23000001907349 3.07999992370605 0.208000004291534 0.331999987363815 7.36600017547607 22.6030006408691 22.7329998016357 23.6340007781982 23.9529991149902 23.9610004425049 20.253999710083 22.1509990692139 27.8490009307861 27.8239994049072 21.386999130249 27.826000213623 32.056999206543 31.7649993896484 33.3870010375977 32.4930000305176 31.1200008392334 33.8479995727539 32.5019989013672 31.3540000915527 32.7970008850098 29.7849998474121 28.3490009307861 12.6709995269775 2.19099998474121 0.368999987840652 1.54100000858307 2.89000010490417 3.15199995040894 4.56899976730347 2.96499991416931 4.14699983596802 8.26000022888184 9.51599979400635 9.44099998474121 12.3079996109009 14.3179998397827 15.4890003204346
0.273000001907349 0.264999985694885 2.04900002479553 6.84600019454956 11.7799997329712 10.1040000915527 3.08599996566772 7.59200000762939 20.1620006561279 22.5370006561279 22.9230003356934 23.8290004730225 25.4050006866455 25.4729995727539 25.8990001678467 26.117000579834 26.3589992523193 27.132999420166 22.0380001068115 18.9440002441406 23.9090003967285 26.5879993438721 31.9370002746582 31.4230003356934 29.6240005493164 31.7450008392334 30.8680000305176 28.4039993286133 27.8939990997314 27.8390007019043 17.7220001220703 2.69899988174438 0.629999995231628 8.46399974822998 9.8129997253418 11.1979999542236 12.6969995498657 13.0559997558594 10.5950002670288 9.38300037384033 8.17000007629395 9.44600009918213 9.47200012207031 9.38500022888184 13.2370004653931 14.2229995727539
