02_asc_chm-r50m/BR210A.asc
NCOLS 200 
NROWS 200 
XLLCORNER 539137 
YLLCORNER 5283289.5 
CELLSIZE 0.5 
NODATA_value -3.4e+38 
[rows 140 to 159 of 200, columns 0 to 45 of 200]
-3.4e+38 -3.4e+38 -3.4e+38 -3.4e+38 -3.4e+38 -3.4e+38 -3.4e+38 -3.4e+38 -3.4e+38 -3.4e+38 1.34700000286102 1.25300002098083 1.12300002574921 0.76800000667572 0.28099998831749 0.214000001549721 0.287999987602234 0.282000005245209 0.395000010728836 0.614000022411346 0.598999977111816 0.453999996185303 0.508000016212463 0.472000002861023 0.400999993085861 0.305999994277954 0.551999986171722 0.671000003814697 2.23799991607666 15.1160001754761 21.9860000610352 23.181999206543 23.7609996795654 25.2880001068115 25.9629993438721 26.617000579834 27.6830005645752 28.2929992675781 28.0540008544922 27.3689994812012 27.1860008239746 27.3159999847412 28.6800003051758 29.9589996337891 28.9580001831055 28.4740009307861
-3.4e+38 -3.4e+38 -3.4e+38 -3.4e+38 -3.4e+38 -3.4e+38 -3.4e+38 -3.4e+38 -3.4e+38 -3.4e+38 1.10599994659424 1.26600003242493 1.29200005531311 0.579999983310699 0.370000004768372 0.136000007390976 0.178000003099442 0.19200000166893 0.324999988079071 0.686999976634979 0.577000021934509 0.44200000166893 0.45100000500679 0.47299998998642 0.330000013113022 0.560000002384186 0.716000020503998 0.694999992847443 5.39099979400635 17.798999786377 22.0370006561279 23.0219993591309 23.8770008087158 25.0960006713867 25.7070007324219 26.7140007019043 27.5540008544922 27.9969997406006 27.6959991455078 26.1860008239746 26.3320007324219 27.9769992828369 29.5259990692139 30.6270008087158 30.3770008087158 28.3050003051758
-3.4e+38 -3.4e+38 -3.4e+38 -3.4e+38 -3.4e+38 -3.4e+38 -3.4e+38 -3.4e+38 -3.4e+38 -3.4e+38 -3.4e+38 1.03199994564056 1.22699999809265 0.954999983310699 0.603999972343445 0.252999991178513 0.243000000715256 0.287999987602234 0.635999977588654 0.689000010490417 0.691999971866608 0.414000004529953 0.379999995231628 0.375 0.319999992847443 0.398999989032745 0.453000009059906 0.500999987125397 0.735000014305115 12.3769998550415 20.5230007171631 21.0960006713867 23.7299995422363 24.1499996185303 24.8560009002686 26.0100002288818 27.3050003051758 27.4680004119873 26.6609992980957 25.3770008087158 25.6490001678467 27.7789993286133 29.7189998626709 30.8369998931885 31.0839996337891 27.8090000152588
-3.4e+38 -3.4e+38 -3.4e+38 -3.4e+38 -3.4e+38 -3.4e+38 -3.4e+38 -3.4e+38 -3.4e+38 -3.4e+38 -3.4e+38 0.88400000333786 0.860000014305115 0.820999979972839 0.722000002861023 0.370999991893768 0.30799999833107 0.481000006198883 0.563000023365021 0.556999981403351 0.561999976634979 0.428000003099442 0.39300000667572 0.328000009059906 0.254999995231628 0.312999993562698 0.321000009775162 0.384999990463257 0.497999995946884 9.30799961090088 17.9549999237061 21.1480007171631 23.1679992675781 23.6639995574951 24.2250003814697 24.5480003356934 26.0330009460449 26.2210006713867 25.1240005493164 24.9729995727539 25.69700050354 26.7569999694824 29.4109992980957 30.1900005340576 30.1149997711182 27.6979999542236
-3.4e+38 -3.4e+38 -3.4e+38 -3.4e+38 -3.4e+38 -3.4e+38 -3.4e+38 -3.4e+38 -3.4e+38 -3.4e+38 -3.4e+38 -3.4e+38 0.60699999332428 0.513999998569489 0.446000009775162 0.451999992132187 0.372999995946884 0.446000009775162 0.439999997615814 0.441000014543533 0.446999996900558 0.537000000476837 0.426999986171722 0.358999997377396 0.237000003457069 0.163000002503395 0.163000002503395 0.216000005602837 0.381000012159348 3.90700006484985 16.5629997253418 19.8040008544922 21.3040008544922 23.2059993743896 24.2660007476807 24.0769996643066 23.4120006561279 23.193000793457 23.8889999389648 23.75 25.5650005340576 26.673999786377 28.6490001678467 29.0559997558594 27.9750003814697 21.5799999237061
-3.4e+38 -3.4e+38 -3.4e+38 -3.4e+38 -3.4e+38 -3.4e+38 -3.4e+38 -3.4e+38 -3.4e+38 -3.4e+38 -3.4e+38 -3.4e+38 0.913999974727631 0.344999998807907 0.270000010728836 0.374000012874603 0.310000002384186 0.363000005483627 0.379999995231628 0.386000007390976 0.458000004291534 0.676999986171722 0.632000029087067 0.370000004768372 0.140000000596046 0.293000012636185 0.248999997973442 0.266999989748001 0.517000019550323 0.875999987125397 11.7250003814697 18.7369995117188 20.8990001678467 19.9340000152588 22.1049995422363 19.4150009155273 23.1560001373291 23.1000003814697 22.5939998626709 22.7630004882812 24.1730003356934 27.0590000152588 28.2749996185303 27.3859996795654 25.7609996795654 20.5060005187988
-3.4e+38 -3.4e+38 -3.4e+38 -3.4e+38 -3.4e+38 -3.4e+38 -3.4e+38 -3.4e+38 -3.4e+38 -3.4e+38 -3.4e+38 -3.4e+38 -3.4e+38 0.637000024318695 0.384999990463257 0.324000000953674 0.229000002145767 0.296999990940094 0.305999994277954 0.316000014543533 0.59799998998642 0.750999987125397 0.628000020980835 0.477999985218048 0.270999997854233 0.342999994754791 0.552999973297119 0.437000006437302 0.509999990463257 3.65199995040894 10.0030002593994 16.7590007781982 17.1229991912842 14.8179998397827 14.9860000610352 17.4799995422363 20.6459999084473 22.7830009460449 21.8509998321533 20.5249996185303 18.6860008239746 21.4029998779297 17.7369995117188 5.80299997329712 20.1380004882812 20.2360000610352
-3.4e+38 -3.4e+38 -3.4e+38 -3.4e+38 -3.4e+38 -3.4e+38 -3.4e+38 -3.4e+38 -3.4e+38 -3.4e+38 -3.4e+38 -3.4e+38 -3.4e+38 0.944000005722046 0.878000020980835 0.458000004291534 0.354999989271164 0.532000005245209 0.565999984741211 0.386000007390976 0.683000028133392 0.693000018596649 0.568000018596649 0.351000010967255 0.414000004529953 0.635999977588654 0.91100001335144 0.860000014305115 1.89999997615814 0.616999983787537 5.55100011825562 11.2819995880127 13.1260004043579 14.5550003051758 14.8190002441406 15.2799997329712 16.2800006866455 20.378999710083 19.673999786377 18.863000869751 18.0060005187988 13.8520002365112 0.754999995231628 13.673999786377 19.1450004577637 19.6580009460449
-3.4e+38 -3.4e+38 -3.4e+38 -3.4e+38 -3.4e+38 -3.4e+38 -3.4e+38 -3.4e+38 -3.4e+38 -3.4e+38 -3.4e+38 -3.4e+38 -3.4e+38 -3.4e+38 0.981000006198883 0.586000025272369 0.446000009775162 0.623000025749207 0.646000027656555 0.40599998831749 0.485000014305115 0.389999985694885 0.592999994754791 0.796000003814697 0.677999973297119 0.851999998092651 0.846000015735626 2.82299995422363 4.64200019836426 2.48099994659424 1.75199997425079 6.42799997329712 8.87100028991699 11.9119997024536 11.9370002746582 11.9429998397827 11.9130001068115 12.6800003051758 12.378999710083 12.8800001144409 14.1800003051758 4.17899990081787 0.584999978542328 9.79399967193604 14.1599998474121 10.6820001602173
-3.4e+38 -3.4e+38 -3.4e+38 -3.4e+38 -3.4e+38 -3.4e+38 -3.4e+38 -3.4e+38 -3.4e+38 -3.4e+38 -3.4e+38 -3.4e+38 -3.4e+38 -3.4e+38 0.791999995708466 0.541999995708466 0.529999971389771 0.591000020503998 0.740000009536743 0.513999998569489 0.783999979496002 1.57099997997284 1.77400004863739 1.84500002861023 1.24100005626678 0.561999976634979 0.582000017166138 0.941999971866608 7.29500007629395 5.90999984741211 0.680000007152557 1.51999998092651 4.02699995040894 6.53499984741211 7.57600021362305 5.09499979019165 2.36400008201599 0.224000006914139 2.59899997711182 7.18300008773804 9.11900043487549 5.73699998855591 0.158999994397163 4.64099979400635 0.916000008583069 0.165999993681908
-339999999999999996123846586046231871488.000000000000000 -3.4e+38 -3.4e+38 -3.4e+38 -3.4e+38 -3.4e+38 -3.4e+38 -3.4e+38 -3.4e+38 -3.4e+38 -3.4e+38 -3.4e+38 -3.4e+38 -3.4e+38 -3.4e+38 0.578999996185303 0.510999977588654 0.731000006198883 0.842999994754791 0.647000014781952 0.742999970912933 1.91100001335144 2.95600008964539 2.90700006484985 2.20499992370605 0.558000028133392 1.65100002288818 12.8039999008179 13.6040000915527 14.0299997329712 8.79599952697754 4.1399998664856 1.77100002765656 1.15900003910065 3.66700005531311 0.885999977588654 0.674000024795532 0.351000010967255 0.284999996423721 1.48699998855591 3.43799996376038 1.47899997234344 0.474999994039536 0.319999992847443 0.430000007152557 0.504000008106232
-3.4e+38 -3.4e+38 -3.4e+38 -3.4e+38 -3.4e+38 -3.4e+38 -3.4e+38 -3.4e+38 -3.4e+38 -3.4e+38 -3.4e+38 -3.4e+38 -3.4e+38 -3.4e+38 -3.4e+38 0.476000010967255 0.391999989748001 0.612999975681305 0.898000001907349 0.828000009059906 0.739000022411346 2.97499990463257 3.84599995613098 3.58999991416931 1.11000001430511 7.76300001144409 13.0579996109009 18.7119998931885 20.6630001068115 22.0669994354248 16.6389999389648 9.84500026702881 6.17500019073486 4.00699996948242 0.609000027179718 0.453000009059906 0.470999985933304 0.46399998664856 0.328000009059906 0.435000002384186 0.587999999523163 0.515999972820282 0.419999986886978 0.439999997615814 0.802999973297119 0.728999972343445
-3.4e+38 -3.4e+38 -3.4e+38 -3.4e+38 -3.4e+38 -3.4e+38 -3.4e+38 -3.4e+38 -3.4e+38 -3.4e+38 -3.4e+38 -3.4e+38 -3.4e+38 -3.4e+38 -3.4e+38 -3.4e+38 0.360000014305115 0.551999986171722 0.86599999666214 0.980000019073486 0.944999992847443 3.08500003814697 3.64199995994568 5.2519998550415 8.76700019836426 13.6979999542236 17.617000579834 22.7709999084473 26.3360004425049 26.9290008544922 23.5930004119873 17.2180004119873 10.4860000610352 2.46499991416931 0.689999997615814 0.583999991416931 0.486000001430511 0.389999985694885 0.625 2.35899996757507 4.09299993515015 0.722000002861023 6.39200019836426 3.8659999370575 2.88499999046326 0.783999979496002
-3.4e+38 -3.4e+38 -3.4e+38 -3.4e+38 -3.4e+38 -3.4e+38 -3.4e+38 -3.4e+38 -3.4e+38 -3.4e+38 -3.4e+38 -3.4e+38 -3.4e+38 -3.4e+38 -3.4e+38 -3.4e+38 0.437000006437302 0.425999999046326 0.61599999666214 0.804000020027161 1.03900003433228 2.77699995040894 3.19899988174438 3.93799996376038 10.7110004425049 14.8360004425049 19.2509994506836 24.8850002288818 27.4340000152588 27.7059993743896 24.1650009155273 18.7280006408691 14.3889999389648 4.53499984741211 0.809000015258789 0.676999986171722 0.546999990940094 0.381000012159348 1.23699998855591 8.79899978637695 12.3719997406006 10.6269998550415 16.7600002288818 15.2569999694824 7.22499990463257 4.22900009155273
-3.4e+38 -3.4e+38 -3.4e+38 -3.4e+38 -3.4e+38 -3.4e+38 -3.4e+38 -3.4e+38 -3.4e+38 -3.4e+38 -3.4e+38 -3.4e+38 -3.4e+38 -3.4e+38 -3.4e+38 -3.4e+38 -3.4e+38 0.533999979496002 0.493999987840652 0.63400000333786 0.722000002861023 2.56100010871887 3.17400002479553 3.15799999237061 5.7039999961853 11.4099998474121 17.6000003814697 21.8999996185303 25.0130004882812 25.8950004577637 24.7980003356934 21.3570003509521 15.9289999008179 4.4850001335144 1.5110000371933 0.657000005245209 0.388000011444092 0.279000014066696 0.35699999332428 10.9409999847412 17.5100002288818 22.4930000305176 24.4489994049072 24.2709999084473 11.5579996109009 8.2819995880127
-3.4e+38 -3.4e+38 -3.4e+38 -3.4e+38 -3.4e+38 -3.4e+38 -3.4e+38 -3.4e+38 -3.4e+38 -3.4e+38 -3.4e+38 -3.4e+38 -3.4e+38 -3.4e+38 -3.4e+38 -3.4e+38 -3.4e+38 0.453999996185303 0.677999973297119 0.620999991893768 0.828000009059906 2.24699997901917 3.11100006103516 2.85500001907349 3.58100008964539 8.72399997711182 13.9840002059937 16.6889991760254 20.3999996185303 22.1480007171631 22.3929996490479 17.121000289917 9.68299961090088 0.584999978542328 0.681999981403351 0.587000012397766 0.305000007152557 0.200000002980232 0.287999987602234 10.7049999237061 22.1809997558594 25.253999710083 25.2029991149902 25.2479991912842 25.2549991607666 11.9130001068115
-3.4e+38 -3.4e+38 -3.4e+38 -3.4e+38 -3.4e+38 -3.4e+38 -3.4e+38 -3.4e+38 -3.4e+38 -3.4e+38 -3.4e+38 -3.4e+38 -3.4e+38 -3.4e+38 -3.4e+38 -3.4e+38 -3.4e+38 -3.4e+38 0.544000029563904 0.586000025272369 0.540000021457672 0.861000001430511 2.00099992752075 1.49699997901917 0.864000022411346 1.0900000333786 7.23400020599365 13.6990003585815 16.8540000915527 16.6749992370605 18.2220001220703 14.8319997787476 6.36199998855591 0.754000008106232 1.00600004196167 0.76800000667572 0.523999989032745 0.166999995708466 1.89499998092651 13.5190000534058 21.7569999694824 25.7819995880127 26.2070007324219 26.2770004272461 25.8889999389648 18.1760005950928
-3.4e+38 -3.4e+38 -3.4e+38 -3.4e+38 -3.4e+38 -3.4e+38 -3.4e+38 -3.4e+38 -3.4e+38 -3.4e+38 -3.4e+38 -3.4e+38 -3.4e+38 -3.4e+38 -3.4e+38 -3.4e+38 -3.4e+38 -3.4e+38 0.507000029087067 0.555000007152557 0.635999977588654 0.28099998831749 0.279000014066696 0.40200001001358 0.504000008106232 0.398000001907349 3.24699997901917 11.0690002441406 9.85000038146973 10.3830003738403 10.076000213623 11.0279998779297 3.66400003433228 0.842999994754791 1.14900004863739 0.991999983787537 0.474999994039536 0.172000005841255 1.96099996566772 15.1499996185303 24.3349990844727 26.0790004730225 26.503999710083 26.4790000915527 25.1450004577637 17.992000579834
-3.4e+38 -3.4e+38 -3.4e+38 -3.4e+38 -3.4e+38 -3.4e+38 -3.4e+38 -3.4e+38 -3.4e+38 -3.4e+38 -3.4e+38 -3.4e+38 -3.4e+38 -3.4e+38 -3.4e+38 -3.4e+38 -3.4e+38 -3.4e+38 -3.4e+38 0.42399999499321 0.509999990463257 0.259999990463257 0.187999993562698 0.221000000834465 0.361999988555908 0.35699999332428 1.77100002765656 3.58899998664856 0.975000023841858 2.13800001144409 5.32100009918213 5.90500020980835 2.65700006484985 0.725000023841858 0.848999977111816 0.587999999523163 0.319000005722046 0.202999994158745 0.194999992847443 13.4200000762939 23.1849994659424 25.5300006866455 25.7789993286133 25.6849994659424 24.0750007629395 18.3859996795654
-3.4e+38 -3.4e+38 -3.4e+38 -3.4e+38 -3.4e+38 -3.4e+38 -3.4e+38 -3.4e+38 -3.4e+38 -3.4e+38 -3.4e+38 -3.4e+38 -3.4e+38 -3.4e+38 -3.4e+38 -3.4e+38 -3.4e+38 -3.4e+38 -3.4e+38 -3.4e+38 0.351000010967255 0.294999986886978 0.202000007033348 0.391999989748001 0.342999994754791 0.326999992132187 0.381000012159348 0.503000020980835 0.521000027656555 0.477999985218048 0.856000006198883 0.538999974727631 0.612999975681305 0.991999983787537 1.12699997425079 0.977999985218048 0.65200001001358 0.342999994754791 0.50900000333786 15.2790002822876 18.0170001983643 24.2180004119873 24.6140003204346 24.7320003509521 23.8360004425049 18.5839996337891
