02_asc_chm-r50m/BR211A.asc
NCOLS 201 
NROWS 200 
XLLCORNER 540054.5 
YLLCORNER 5310453 
CELLSIZE 0.5 
NODATA_value -3.4e+38 
[rows 160 to 179 of 200, columns 92 to 137 of 201]
17.9330005645752 18.3059997558594 18.5540008544922 18.1319999694824 18.3519992828369 11.1309995651245 0.223000004887581 0.27700001001358 0.365000009536743 0.497000008821487 18.5189990997314 28.1009998321533 29.2530002593994 30.4409999847412 29.7810001373291 27.6989994049072 19.2630004882812 10.8559999465942 9.43099975585938 5.83500003814697 15.2880001068115 19.3640003204346 20.8190002441406 21.0979995727539 21.007999420166 19.9950008392334 18.4050006866455 18.423999786377 18.4209995269775 16.4479999542236 15.7639999389648 14.8699998855591 12.1280002593994 9.60299968719482 8.30599975585938 8.52799987792969 8.16100025177002 7.28399991989136 7.05999994277954 7.32499980926514 8.59500026702881 9.51599979400635 8.66800022125244 7.36600017547607 7.87599992752075 9.38500022888184
17.2169990539551 17.886999130249 17.6679992675781 17.3169994354248 16.2299995422363 14.5240001678467 12.4429998397827 0.160999998450279 0.277999997138977 0.333000004291534 8.75800037384033 26.0300006866455 29.8360004425049 31.2299995422363 31.5170001983643 26.8330001831055 10.6709995269775 4.33099985122681 10.9209995269775 6.26200008392334 13.8450002670288 18.5499992370605 19.5389995574951 19.9060001373291 20.0030002593994 18.6350002288818 18.2719993591309 16.8859996795654 17.0669994354248 14.7880001068115 14.3059997558594 11.048999786377 10.5790004730225 7.11299991607666 7.40000009536743 7.05200004577637 7.09299993515015 6.70599985122681 6.90700006484985 7.07600021362305 7.75500011444092 8.71599960327148 7.74499988555908 7.79699993133545 10.9180002212524 12.3199996948242
15.3979997634888 16.5410003662109 13.7799997329712 11.9079999923706 4.31599998474121 8.60599994659424 12.6110000610352 9.3730001449585 13.3760004043579 15.503999710083 11.8590002059937 25.9050006866455 30.9860000610352 31.7169990539551 31.9249992370605 31.5020008087158 28.4529991149902 21.701000213623 15.9449996948242 10.9130001068115 12.6770000457764 15.6370000839233 18.2779998779297 18.2049999237061 18.1700000762939 18.1909999847412 18.9769992828369 16.4629993438721 12.371000289917 10.0019998550415 11.2480001449585 5.24700021743774 4.68400001525879 4.69999980926514 6.26599979400635 6.5460000038147 6.65899991989136 6.13000011444092 5.67199993133545 7.20100021362305 9.40999984741211 10.1639995574951 8.33100032806396 12.5600004196167 15.1949996948242 15.4099998474121
7.29300022125244 9.03499984741211 3.34699988365173 0.681999981403351 0.096000000834465 2.1800000667572 6.02899980545044 14.5550003051758 16.4020004272461 21.3780002593994 27.3050003051758 29.2329998016357 30.0779991149902 31.8020000457764 31.7360000610352 31.3190002441406 29.9629993438721 28.1359996795654 26.6569995880127 22.367000579834 13.9980001449585 12.5860004425049 15.9340000152588 15.8489999771118 16.1350002288818 17.0970001220703 21.4050006866455 18.9529991149902 6.14300012588501 2.71099996566772 4.75299978256226 4.75899982452393 4.47399997711182 4.38600015640259 5.25099992752075 5.75699996948242 5.69700002670288 5.10699987411499 4.45499992370605 8.77200031280518 10.7309999465942 12.9420003890991 13.2279996871948 16.0620002746582 16.8700008392334 17.7040004730225
0.272000014781952 0.284999996423721 0.153999999165535 0.123000003397465 0.111000001430511 0.14300000667572 6.63500022888184 16.0450000762939 19.3139991760254 24.4990005493164 27.1219997406006 27.9619998931885 29.511999130249 30.9890003204346 30.8689994812012 30.8729991912842 29.8780002593994 28.5209999084473 20.9969997406006 13.0839996337891 12.7430000305176 10.7119998931885 9.34899997711182 10.6680002212524 10.6730003356934 15.0030002593994 23.1690006256104 22.798999786377 16.1359996795654 14.9930000305176 3.80900001525879 3.73600006103516 3.95900011062622 4.16599988937378 4.21999979019165 4.30000019073486 4.44999980926514 4.51300001144409 5.05800008773804 17.7910003662109 22.0540008544922 21.0289993286133 14.8000001907349 15.0679998397827 16.8470001220703 20.2919998168945
0.209999993443489 0.226999998092651 0.167999997735023 0.331000000238419 0.41100001335144 0.426999986171722 4.84600019454956 17.3369998931885 20.6849994659424 23.7590007781982 26.5149993896484 27.7889995574951 29.492000579834 29.7169990539551 29.6240005493164 28.9479999542236 28.9580001831055 27.9619998931885 19.8449993133545 14.7419996261597 10.2489995956421 4.38700008392334 3.27099990844727 8.6879997253418 15.0240001678467 22.4360008239746 24.7000007629395 23.7779998779297 22.757999420166 9.39700031280518 1.09399998188019 1.48199999332428 1.52999997138977 2.35400009155273 2.16100001335144 2.70700001716614 3.22300004959106 5.95499992370605 8.08800029754639 21.6180000305176 24.9619998931885 17.5769996643066 13.5950002670288 14.4799995422363 17.8819999694824 20.8190002441406
0.180999994277954 0.138999998569489 0.100000001490116 0.268999993801117 0.874000012874603 1.1599999666214 1.65100002288818 19.1730003356934 21.1979999542236 22.4200000762939 25.3290004730225 26.996000289917 27.9599990844727 28.6140003204346 28.5879993438721 28.261999130249 28.1399993896484 26.0939998626709 21.4099998474121 13.2440004348755 7.60799980163574 1.42999994754791 14.7239999771118 22.076000213623 26.5450000762939 25.9500007629395 25.0520000457764 24.7339992523193 23.6450004577637 24.1949996948242 16.4580001831055 1.09300005435944 1.30599999427795 0.572000026702881 0.628000020980835 0.382999986410141 1.22399997711182 5.25899982452393 9.69699954986572 17.4790000915527 21.2150001525879 11.2840003967285 11.3299999237061 15.4060001373291 18.2950000762939 22.2830009460449
1.24699997901917 4.19500017166138 0.0689999982714653 0.208000004291534 0.811999976634979 3.02999997138977 10.2770004272461 20.6399993896484 22.3430004119873 23.2240009307861 25.4640007019043 25.7859992980957 27.318000793457 28.0799999237061 27.9519996643066 28.1240005493164 27.6310005187988 26.0419998168945 25.3309993743896 10.6899995803833 4.15000009536743 6.36800003051758 21.4099998474121 27.7660007476807 27.8209991455078 26.8850002288818 25.992000579834 25.5340003967285 25.1259994506836 25.0629997253418 23.7700004577637 16.6860008239746 2.1710000038147 1.66100001335144 1.43499994277954 0.998000025749207 2.13899993896484 3.56399989128113 10.4899997711182 17.1159992218018 16.0130004882812 10.21399974823 9.89400005340576 15.4799995422363 19.6159992218018 23.4699993133545
3.31200003623962 11.0170001983643 6.53000020980835 0.145999997854233 4.21299982070923 7.02600002288818 4.04400014877319 18.8150005340576 22.3010005950928 24.1270008087158 25.3330001831055 26.0240001678467 26.6380004882812 27.2929992675781 27.3400001525879 27.6630001068115 25.0820007324219 19.7129993438721 14.3570003509521 5.29400014877319 0.331999987363815 11.9359998703003 22.2999992370605 27.9759998321533 28.8330001831055 27.4479999542236 27.1110000610352 27.4650001525879 27.1000003814697 26.7639999389648 26.2779998779297 26.8290004730225 20.2329998016357 2.39000010490417 1.68499994277954 3.25600004196167 4.75600004196167 8.11499977111816 10.5209999084473 12.1459999084473 14.5790004730225 12.0690002441406 12.7360000610352 19.5389995574951 19.7740001678467 22.80299949646
5.59999990463257 13.6319999694824 17.2290000915527 7.01399993896484 13.5710000991821 10.585000038147 12.0340003967285 18.3479995727539 21.3600006103516 23.931999206543 25.3349990844727 26.056999206543 27.1800003051758 27.2670001983643 26.8229999542236 26.6350002288818 25.9519996643066 19.2509994506836 6.71299982070923 0.523999989032745 21.7959995269775 27.6319999694824 27.742000579834 28.5009994506836 29.3139991760254 28.9799995422363 27.9360008239746 28.681999206543 29.0559997558594 27.7129993438721 27.0030002593994 24.9069995880127 14.5959997177124 7.11600017547607 6.7350001335144 3.03999996185303 6.19000005722046 9.62199974060059 11.2440004348755 11.7519998550415 13.5059995651245 13.7110004425049 14.7309999465942 18.4120006561279 21.1270008087158 23.7609996795654
1.60399997234344 8.38599967956543 13.7589998245239 16.8990001678467 16.6030006408691 16.9379997253418 17.7159996032715 18.32200050354 21.8449993133545 24.1009998321533 22.4599990844727 25.9619998931885 26.9950008392334 26.9570007324219 26.4750003814697 26.5540008544922 26.2560005187988 24.9020004272461 14.625 5.63000011444092 24.1590003967285 27.7910003662109 28.3759994506836 29.451000213623 29.378999710083 30.1590003967285 30.068000793457 29.9650001525879 30.1149997711182 28.5879993438721 26.6889991760254 24.117000579834 19.7140007019043 19.5359992980957 14.298999786377 3.02099990844727 7.27500009536743 10.2360000610352 11.0290002822876 13.5260000228882 14.6059999465942 14.9130001068115 15.6350002288818 17.8700008392334 19.8990001678467 20.9290008544922
0.226999998092651 6.03499984741211 14.9630002975464 16.3819999694824 16.5659999847412 17.0100002288818 15.5609998703003 16.5249996185303 22.5009994506836 21.9799995422363 16.2719993591309 24.3549995422363 25.80299949646 26.1000003814697 26.3680000305176 26.3050003051758 25.9540004730225 25.2210006713867 16.882999420166 3.14499998092651 19.4820003509521 28.5230007171631 30.4529991149902 30.7479991912842 30.4029998779297 31.636999130249 31.0349998474121 30.9720001220703 31.2439994812012 29.5069999694824 26.7180004119873 25.3010005950928 21.617000579834 19.4850006103516 13.1940002441406 1.65900003910065 6.31699991226196 9.10799980163574 9.55900001525879 12.6049995422363 15.5749998092651 15.9020004272461 15.3380002975464 15.8570003509521 18.3600006103516 19.9130001068115
0.208000004291534 1.10199999809265 15.0279998779297 14.7779998779297 15.4049997329712 16.5319995880127 16.4479999542236 14.585000038147 19.8700008392334 23.0939998626709 24.1620006561279 24.7689990997314 25.5400009155273 25.9519996643066 26.1070003509521 25.8610000610352 25.3050003051758 24.4090003967285 24.4559993743896 18.9810009002686 26.5669994354248 28.7689990997314 30.4659996032715 31.1429996490479 31.0739994049072 32.3800010681152 32.1110000610352 31.6909999847412 31.9069995880127 31.0669994354248 29.9330005645752 27.19700050354 21.5219993591309 19.2919998168945 6.58599996566772 5.59999990463257 7.03999996185303 9.4680004119873 13.0590000152588 15.1750001907349 16.3500003814697 17.128999710083 16.1060009002686 15.3570003509521 16.5580005645752 17.9710006713867
0.146999999880791 0.115000002086163 3.83100008964539 13.5229997634888 14.4440002441406 15.456000328064 17.3150005340576 18.1189994812012 21.0049991607666 22.3419990539551 23.2169990539551 23.7880001068115 25.4099998474121 25.2940006256104 25.7870006561279 25.7789993286133 25.3330001831055 25.011999130249 26.6509990692139 26.8080005645752 27.4050006866455 28.9529991149902 30.9449996948242 32.4410018920898 32.757999420166 32.5299987792969 33.3320007324219 32.8419990539551 32.1230010986328 30.5100002288818 29.7609996795654 28.3099994659424 22.681999206543 20.2600002288818 3.42499995231628 2.65599989891052 3.25999999046326 6.14499998092651 12.2629995346069 15.2130002975464 16.363000869751 16.8010005950928 16.201000213623 15.3420000076294 15.3669996261597 16.0440006256104
0.146999999880791 2.14100003242493 9.81700038909912 13.3850002288818 14.3990001678467 10.4370002746582 5.12099981307983 10.8009996414185 19.5909996032715 21.0839996337891 21.2980003356934 22.2150001525879 23.5580005645752 22.9540004730225 24.8409996032715 26.0030002593994 25.8430004119873 26.4029998779297 28.1009998321533 28.4650001525879 28.5849990844727 29.6690006256104 31.5170001983643 32.8969993591309 33.875 33.9669990539551 34.0260009765625 33.4119987487793 32.6319999694824 30.6189994812012 29.75 28.2859992980957 24.2840003967285 17.1009998321533 18.0799999237061 9.0620002746582 3.14199995994568 4.55499982833862 11.5590000152588 14.956000328064 15.5419998168945 15.7969999313354 15.7200002670288 14.9989995956421 15.3620004653931 15.6680002212524
0.128000006079674 0.203999996185303 8.32699966430664 9.56799983978271 0.166999995708466 0.209999993443489 0.103000000119209 5.79699993133545 18.8199996948242 19.8339996337891 15.3610000610352 15.1269998550415 19.5130004882812 22.9769992828369 25.92799949646 26.3139991760254 26.4300003051758 27.8680000305176 28.9839992523193 29.1380004882812 29.2259998321533 29.9379997253418 32.0099983215332 33.3030014038086 33.8610000610352 34.181999206543 34.007999420166 33.5040016174316 32.7529983520508 31.6060009002686 30.0799999237061 27.1870002746582 25.7569999694824 25.2320003509521 23.3920001983643 9.12399959564209 8.93200016021729 3.90599989891052 9.15900039672852 11.8859996795654 13.4440002441406 13.7670001983643 13.7790002822876 14.1110000610352 15.3369998931885 15.996000289917
0.111000001430511 0.14300000667572 2.70799994468689 2.06200003623962 0.194999992847443 0.284999996423721 0.24099999666214 0.0920000001788139 14.3190002441406 12.2720003128052 4.35699987411499 1.87399995326996 14.581000328064 22.5639991760254 25.4939994812012 26.5060005187988 27.0900001525879 28.2140007019043 29.4300003051758 29.6730003356934 30.1200008392334 30.6270008087158 31.4939994812012 31.875 33.0540008544922 33.3199996948242 33.0390014648438 32.3110008239746 31.6450004577637 31.0860004425049 30.3159999847412 26.8929996490479 25.9449996948242 26.1870002746582 25.0429992675781 20.9349994659424 14.4680004119873 9.35700035095215 4.24700021743774 6.46299982070923 10.0310001373291 11.746000289917 11.9589996337891 13.1020002365112 14.4790000915527 15.5059995651245
2.05999994277954 0.150000005960464 0.156000003218651 0.12899999320507 0.190999999642372 0.221000000834465 0.136999994516373 0.131999999284744 2.85700011253357 2.36400008201599 0.243000000715256 0.472000002861023 15.8979997634888 23.4650001525879 25.0849990844727 27.007999420166 27.8409996032715 29.3059997558594 30.2689990997314 30.4419994354248 30.4589996337891 30.1959991455078 29.7119998931885 29.9810009002686 30.8439998626709 31.6410007476807 31.5230007171631 32.0789985656738 30.7660007476807 29.9519996643066 28.3290004730225 25.6439990997314 25.9519996643066 25.1079998016357 25.1870002746582 24.2059993743896 19.6800003051758 13.0749998092651 6.47100019454956 5.97700023651123 9.37899971008301 11.0129995346069 10.5620002746582 11.6969995498657 12.1579999923706 13.0419998168945
14.2869997024536 0.395000010728836 0.12899999320507 0.0820000022649765 0.10700000077486 0.146999999880791 0.184000000357628 0.187999993562698 0.190999999642372 0.196999996900558 0.398000001907349 11.8299999237061 20.2089996337891 22.1280002593994 25.5410003662109 27.3010005950928 28.7159996032715 30.1319999694824 30.8899993896484 31.0349998474121 30.8349990844727 30.0659999847412 29.9529991149902 30.2439994812012 30.7630004882812 30.9249992370605 30.4179992675781 30.7210006713867 30.201000213623 29.4479999542236 27.6900005340576 25.8229999542236 25.4300003051758 23.8379993438721 23.4710006713867 20.3199996948242 15.5509996414185 9.79500007629395 4.63600015640259 6.03700017929077 7.2350001335144 7.64499998092651 7.34800004959106 9.44200038909912 11.2040004730225 13.0340003967285
18.0459995269775 1.79499995708466 0.0879999995231628 0.0579999983310699 0.0890000015497208 0.135000005364418 0.175999999046326 0.216999992728233 0.256000012159348 0.261999994516373 3.23900008201599 10.5900001525879 19.0909996032715 21.5009994506836 25.3409996032715 27.8390007019043 29.1889991760254 30.1240005493164 31.007999420166 30.9850006103516 30.5179996490479 30.1539993286133 30.0949993133545 29.757999420166 30.128999710083 29.8689994812012 29.8530006408691 29.7970008850098 28.8899993896484 28.617000579834 27.7189998626709 25.7520008087158 22.9740009307861 22.2600002288818 9.0939998626709 11.9809999465942 10.9280004501343 6.13500022888184 3.62899994850159 3.30699992179871 4.06099987030029 5.10200023651123 5.7960000038147 9.01299953460693 10.9469995498657 12.7639999389648
