02_asc_chm-r50m/BR212C.asc
NCOLS 201 
NROWS 200 
XLLCORNER 531795.5 
YLLCORNER 5281281 
CELLSIZE 0.5 
NODATA_value -3.4e+38 
[rows 60 to 79 of 200, columns 0 to 45 of 201]
-3.4e+38 -3.4e+38 -3.4e+38 -3.4e+38 -3.4e+38 -3.4e+38 -3.4e+38 -3.4e+38 -3.4e+38 -3.4e+38 2.52800011634827 2.54900002479553 2.76900005340576 3.86999988555908 5.21500015258789 5.74499988555908 4.45300006866455 14.0249996185303 21.2049999237061 20.9300003051758 21.2140007019043 21.996000289917 22.2880001068115 23.5109996795654 25.8439998626709 26.0520000457764 29.3120002746582 33.5999984741211 35.8380012512207 35.8759994506836 35.2910003662109 38.6689987182617 39.5999984741211 40.9729995727539 41.2400016784668 40.9300003051758 40.2099990844727 38.632999420166 37.6790008544922 37.4970016479492 36.8889999389648 34.4570007324219 29.5669994354248 27.8640003204346 29.9750003814697 30.8649997711182
-3.4e+38 -3.4e+38 -3.4e+38 -3.4e+38 -3.4e+38 -3.4e+38 -3.4e+38 -3.4e+38 -3.4e+38 3.82100009918213 3.51900005340576 3.25600004196167 3.09200000762939 3.30399990081787 4.75 5.34299993515015 4.45599985122681 14.331000328064 22.0750007629395 21.8269996643066 21.7299995422363 22.2800006866455 22.8700008392334 24.3740005493164 27.7399997711182 29.9610004425049 30.2399997711182 33.0989990234375 35.8639984130859 36.4259986877441 36.4650001525879 40.7529983520508 41.3339996337891 41.6040000915527 42.0089988708496 41.6399993896484 41.3400001525879 40.2430000305176 37.9420013427734 38.1370010375977 38.0029983520508 33.6459999084473 28.7870006561279 25.9020004272461 24.8479995727539 27.3279991149902
-3.4e+38 -3.4e+38 -3.4e+38 -3.4e+38 -3.4e+38 -3.4e+38 -3.4e+38 -3.4e+38 -3.4e+38 4.44899988174438 4.16900014877319 3.98499989509583 3.81299996376038 2.88599991798401 3.07399988174438 4.22499990463257 5.62799978256226 15.8610000610352 22.9669990539551 22.7560005187988 22.4610004425049 22.1599998474121 23.9099998474121 24.7280006408691 25.9209995269775 29.2229995727539 30.5839996337891 32.4770011901855 35.5480003356934 36.7999992370605 37.734001159668 40.6889991760254 41.9609985351562 43.0830001831055 43.5379981994629 42.4220008850098 41.9329986572266 40.1360015869141 38.4640007019043 38.7540016174316 37.5009994506836 34.4819984436035 29.8950004577637 25.3740005493164 22.9839992523193 22.3159999847412
-3.4e+38 -3.4e+38 -3.4e+38 -3.4e+38 -3.4e+38 -3.4e+38 -3.4e+38 -3.4e+38 4.19899988174438 4.37400007247925 4.58400011062622 4.50799989700317 3.96099996566772 2.59999990463257 2.26999998092651 2.25600004196167 3.23600006103516 16.8290004730225 22.9479999542236 22.8250007629395 23.693000793457 24.9899997711182 25.8360004425049 26.1800003051758 26.1749992370605 26.6870002746582 30.5429992675781 32.6049995422363 35.8860015869141 38.2690010070801 39.2190017700195 40.8250007629395 42.1839981079102 43.0989990234375 43.4640007019043 42.5379981994629 41.5839996337891 40.5149993896484 39.2879981994629 39.4529991149902 36.5800018310547 33.2330017089844 23.4969997406006 24.7819995880127 22.7080001831055 21.7679996490479
-3.4e+38 -3.4e+38 -3.4e+38 -3.4e+38 -3.4e+38 -3.4e+38 -3.4e+38 -3.4e+38 4.78499984741211 4.56899976730347 4.69999980926514 4.74100017547607 4.50099992752075 2.79900002479553 2.33100008964539 2.11100006103516 2.65700006484985 18.867000579834 22.3680000305176 22.6590003967285 23.6959991455078 24.7759990692139 26.011999130249 26.6870002746582 26.4930000305176 26.375 30.6219997406006 33.1640014648438 35.4370002746582 37.1780014038086 38.0130004882812 39.6269989013672 41.2019996643066 42.318000793457 42.6710014343262 42.6829986572266 41.3740005493164 40.5250015258789 40.1669998168945 40.1609992980957 37.7719993591309 36.8680000305176 29.0069999694824 23.738000869751 20.8239994049072 13.9899997711182
-3.4e+38 -3.4e+38 -3.4e+38 -3.4e+38 -3.4e+38 -3.4e+38 -3.4e+38 3.92199993133545 4.55999994277954 4.10200023651123 4.67000007629395 4.76800012588501 4.2810001373291 2.97900009155273 2.45300006866455 2.10899996757507 3.42600011825562 11.9490003585815 17.4850006103516 22.5139999389648 22.882999420166 23.7759990692139 25.1389999389648 26.4360008239746 26.9349994659424 27.7210006713867 31.613000869751 32.3050003051758 34.6510009765625 36.5149993896484 37.6450004577637 38.4259986877441 39.7080001831055 41.1349983215332 42.1500015258789 41.9749984741211 41.0559997558594 40.0340003967285 39.9020004272461 38.4700012207031 37.3540000915527 37.0800018310547 33.3499984741211 19.8700008392334 12.7189998626709 4.88600015640259
-3.4e+38 -3.4e+38 -3.4e+38 -3.4e+38 -3.4e+38 -3.4e+38 -3.4e+38 3.85400009155273 3.56500005722046 3.41400003433228 4.30100011825562 4.2480001449585 3.57800006866455 2.89299988746643 2.81200003623962 2.57999992370605 3.49000000953674 5.73199987411499 16.3640003204346 22.3959999084473 22.8490009307861 23.2439994812012 24.9300003051758 26.0860004425049 26.6159992218018 28.863000869751 30.4120006561279 33.2519989013672 35.1759986877441 36.5699996948242 37.810001373291 38.5250015258789 39.3819999694824 40.7200012207031 41.4210014343262 40.7159996032715 39.5180015563965 39.2569999694824 38.3139991760254 37.3499984741211 36.6199989318848 33.3969993591309 31.7929992675781 23.3719997406006 13.6099996566772 3.61700010299683
-3.4e+38 -3.4e+38 -3.4e+38 -3.4e+38 -3.4e+38 -3.4e+38 -3.4e+38 3.09999990463257 3.21799993515015 2.87100005149841 3.30699992179871 3.72399997711182 3.34999990463257 3.14000010490417 3.62400007247925 4.10200023651123 4.24499988555908 8.24400043487549 16.3449993133545 18.7660007476807 22.7649993896484 23.306999206543 23.7530002593994 24.8439998626709 25.0790004730225 27.4659996032715 30.6340007781982 33.3740005493164 34.8019981384277 35.9640007019043 37.2360000610352 38.6510009765625 39.0209999084473 39.4830017089844 39.234001159668 39.181999206543 39.6430015563965 39.798999786377 38.8639984130859 36.9910011291504 35.8839988708496 33.882999420166 31.2940006256104 24.7779998779297 13.8159999847412 2.85400009155273
-3.4e+38 -3.4e+38 -3.4e+38 -3.4e+38 -3.4e+38 -3.4e+38 2.56500005722046 2.45300006866455 3.05100011825562 2.89299988746643 2.75999999046326 3.16799998283386 3.65400004386902 5.25600004196167 5.28900003433228 4.97700023651123 4.90000009536743 5.52199983596802 3.84800004959106 6.06099987030029 22.0540008544922 23.4729995727539 23.6630001068115 21.6749992370605 23.8419990539551 27.8899993896484 30.7390003204346 30.5289993286133 33.576000213623 35.6599998474121 36.3050003051758 37.2630004882812 38.7050018310547 39.189998626709 39.3219985961914 39.2620010375977 39.1769981384277 39.0550003051758 38.1790008544922 36.5410003662109 34.1040000915527 31.5030002593994 30.5790004730225 19.1620006561279 7.85500001907349 1.8309999704361
-3.4e+38 -3.4e+38 -3.4e+38 -3.4e+38 -3.4e+38 -3.4e+38 2.96099996566772 3.34500002861023 3.37800002098083 3.17400002479553 2.94199991226196 3.27500009536743 3.5550000667572 5.48600006103516 5.34700012207031 5.2979998588562 5.17199993133545 4.63399982452393 3.46300005912781 4.04899978637695 13.4949998855591 21.6529998779297 22.0249996185303 18.5610008239746 21.0359992980957 27.943000793457 30.3139991760254 29.9950008392334 31.0310001373291 33.7620010375977 35.3370018005371 35.7309989929199 37.1129989624023 39.2299995422363 37.451000213623 37.359001159668 36.6339988708496 36.5400009155273 36.8759994506836 32.359001159668 29.2700004577637 28.6679992675781 26.9720001220703 14.3450002670288 2.23499989509583 2.07500004768372
-3.4e+38 -3.4e+38 -3.4e+38 -3.4e+38 -3.4e+38 3.24600005149841 3.43799996376038 3.7039999961853 3.65799999237061 3.47199988365173 3.13299989700317 3.55200004577637 4.00899982452393 5.05299997329712 3.91300010681152 3.78999996185303 4.63500022888184 4.85400009155273 3.09699988365173 3.16700005531311 10.5860004425049 14.4619998931885 18.1609992980957 18.6660003662109 17.5249996185303 15.5749998092651 27.7110004425049 27.1200008392334 29.1679992675781 31.1009998321533 33.0670013427734 33.5880012512207 33.0740013122559 35.8720016479492 33.681999206543 34.0190010070801 34.2879981994629 35.140998840332 35.4580001831055 30.4680004119873 24.8950004577637 20.5470008850098 14.3760004043579 2.81299996376038 2.76799988746643 2.56599998474121
-3.4e+38 -3.4e+38 -3.4e+38 -3.4e+38 -3.4e+38 3.95000004768372 4.01300001144409 3.87899994850159 3.3659999370575 3.32100009918213 3.12899994850159 3.49300003051758 3.99000000953674 3.32599997520447 1.61699998378754 1.60099995136261 2.47000002861023 3.35899996757507 3.12100005149841 2.74200010299683 2.41199994087219 5.01100015640259 9.64599990844727 18.8199996948242 17.6539993286133 11.4910001754761 19.2560005187988 21.3589992523193 26.4990005493164 30.0359992980957 31.9699993133545 32.7169990539551 32.9529991149902 32.7410011291504 32.367000579834 32.2150001525879 31.3969993591309 31.3899993896484 31.42799949646 31.6749992370605 30.4440002441406 16.4069995880127 3.88599991798401 2.9210000038147 3.1800000667572 2.98499989509583
-3.4e+38 -3.4e+38 -3.4e+38 -3.4e+38 -3.4e+38 3.87400007247925 4.13100004196167 4.08099985122681 2.91300010681152 3.43899989128113 2.86999988555908 2.85500001907349 2.84500002861023 1.70000004768372 1.36000001430511 1.817999958992 2.84500002861023 3.23300004005432 3.27800011634827 3.23300004005432 3.65100002288818 3.95199990272522 6.96999979019165 14.58899974823 5.70800018310547 6.07999992370605 11.5670003890991 9.82199954986572 18.55299949646 27.9449996948242 29.5130004882812 28.757999420166 30.1590003967285 32.2599983215332 31.69700050354 31.4459991455078 31.363000869751 31.2859992980957 28.7910003662109 20.8239994049072 21.8700008392334 8.56700038909912 3.29299998283386 2.95499992370605 3.1800000667572 2.01099991798401
-3.4e+38 -3.4e+38 -3.4e+38 -3.4e+38 -3.4e+38 3.30999994277954 3.81900000572205 3.21399998664856 2.90300011634827 2.94700002670288 2.83899998664856 1.63800001144409 1.10199999809265 0.871999979019165 1.26699995994568 2.56900000572205 3.11299991607666 3.6489999294281 3.7260000705719 3.7960000038147 4.2979998588562 4.42399978637695 4.17700004577637 5.9850001335144 3.61899995803833 3.47300004959106 4.48899984359741 2.06900000572205 9.1269998550415 24.2119998931885 28.7749996185303 28.1539993286133 26.9479999542236 27.701000213623 31.5249996185303 31.8129997253418 31.5930004119873 30.7740001678467 22.761999130249 8.61400032043457 3.6489999294281 3.4909999370575 3.18099999427795 2.92000007629395 3.00999999046326 2.71199989318848
-3.4e+38 -3.4e+38 -3.4e+38 -3.4e+38 2.82299995422363 3.14599990844727 2.47000002861023 2.40700006484985 2.18600010871887 1.68700003623962 2.22199988365173 1.67400002479553 1.02600002288818 0.550999999046326 0.741999983787537 2.55599999427795 3.37599992752075 4.08199977874756 4.28499984741211 4.07299995422363 4.36700010299683 4.65700006484985 4.40000009536743 3.59100008010864 3.57399988174438 3.43099999427795 2.7590000629425 1.90199995040894 1.49800002574921 15.7569999694824 16.507999420166 24.1490001678467 27.4039993286133 23.9580001831055 26.2089996337891 27.7070007324219 19.9680004119873 15.1920003890991 14.8870000839233 5.94899988174438 2.86999988555908 3.20600008964539 2.86400008201599 2.54999995231628 2.25600004196167 2.33699989318848
-3.4e+38 -3.4e+38 -3.4e+38 -3.4e+38 1.77499997615814 2.54299998283386 1.76300001144409 1.53799998760223 1.53600001335144 1.64100003242493 1.90199995040894 1.94000005722046 1.47200000286102 1.00300002098083 0.555999994277954 2.9300000667572 3.5460000038147 4.34200000762939 4.38899993896484 4.72200012207031 4.81099987030029 4.67500019073486 4.06699991226196 3.27300000190735 2.80900001525879 2.48000001907349 2.03200006484985 1.93599998950958 1.91199994087219 2.38599991798401 2.69400000572205 11.9840002059937 22.7940006256104 19.1189994812012 19.253999710083 14.4370002746582 5.1729998588562 2.04299998283386 2.06299996376038 1.99000000953674 2.40000009536743 2.72699999809265 2.64299988746643 2.00699996948242 1.75399994850159 1.84399998188019
-3.4e+38 -3.4e+38 -3.4e+38 -3.4e+38 2.38899993896484 2.54999995231628 1.43099999427795 0.915000021457672 1.24600005149841 1.64199995994568 1.9559999704361 2.05599999427795 2.00799989700317 1.54499995708466 1.42400002479553 3.41499996185303 3.88199996948242 4.27899980545044 4.7810001373291 5.06300020217896 4.71700000762939 4.30700016021729 3.46600008010864 2.82500004768372 2.4300000667572 2.75099992752075 2.64599990844727 2.57800006866455 2.33800005912781 2.97900009155273 3.56900000572205 12.1440000534058 14.2370004653931 15.5100002288818 13.8039999008179 7.26399993896484 1.06700003147125 0.679000020027161 1.09500002861023 1.5349999666214 1.93599998950958 2.30200004577637 2.71600008010864 2.61999988555908 2.07999992370605 1.53600001335144
-3.4e+38 -3.4e+38 -3.4e+38 -3.4e+38 2.7409999370575 2.11500000953674 1.25999999046326 0.790000021457672 1.52799999713898 1.75899994373322 1.93700003623962 1.93499994277954 2.05999994277954 2.12599992752075 2.76399993896484 3.15599989891052 3.68700003623962 4.41400003433228 4.89900016784668 5.04300022125244 4.55100011825562 3.67700004577637 3.51500010490417 2.41300010681152 2.53800010681152 2.96000003814697 3.5220000743866 3.52699995040894 2.97499990463257 2.92499995231628 3.19099998474121 3.64599990844727 6.28299999237061 3.44600009918213 4.52199983596802 1.49100005626678 0.717000007629395 0.77700001001358 0.809000015258789 0.744000017642975 0.995000004768372 1.6360000371933 2.53999996185303 2.52300000190735 2.10700011253357 1.35399997234344
-3.4e+38 -3.4e+38 -3.4e+38 -3.4e+38 2.37299990653992 3.15400004386902 2.35199999809265 1.40499997138977 1.55200004577637 1.70000004768372 1.7059999704361 1.70700001716614 1.67299997806549 2.13700008392334 2.73000001907349 3.00699996948242 3.34800004959106 3.21499991416931 4.66400003433228 4.77699995040894 4.41499996185303 3.74900007247925 3.70300006866455 2.54900002479553 2.75699996948242 2.84999990463257 3.60400009155273 3.98099994659424 3.77900004386902 3.09999990463257 2.68899989128113 2.27900004386902 2.78399991989136 2.25699996948242 1.15499997138977 0.736000001430511 0.98199999332428 1.12800002098083 1.06099998950958 0.810999989509583 0.559000015258789 0.499000012874603 1.27600002288818 2.2960000038147 2.1340000629425 1.17200005054474
-3.4e+38 -3.4e+38 -3.4e+38 -3.4e+38 1.51400005817413 3.09800004959106 3.1470000743866 1.97399997711182 1.46200001239777 1.46700000762939 1.50800001621246 1.58399999141693 2.63599991798401 3.40300011634827 2.30399990081787 2.94700002670288 1.54200005531311 2.75200009346008 4.10400009155273 4.9850001335144 5.37099981307983 4.84600019454956 4.47200012207031 3.44600009918213 3.14400005340576 2.94700002670288 2.49900007247925 3.9210000038147 3.71900010108948 2.21000003814697 1.50999999046326 1.31700003147125 2.46000003814697 2.14199995994568 1.22000002861023 1.01300001144409 1.35699999332428 1.4559999704361 1.18099999427795 0.771000027656555 0.577000021934509 0.771000027656555 0.670000016689301 1.932000041008 2.18300008773804 1.02799999713898
