02_asc_chm-r50m/BR212C.asc
NCOLS 201 
NROWS 200 
XLLCORNER 531795.5 
YLLCORNER 5281281 
CELLSIZE 0.5 
NODATA_value -3.4e+38 
[rows 100 to 119 of 200, columns 0 to 45 of 201]
-339999999999999996123846586046231871488.000000000000000 21.5550003051758 22.8540000915527 22.5440006256104 21.5300006866455 19.3540000915527 16.0319995880127 13.789999961853 13.8819999694824 11.585000038147 7.07600021362305 5.73600006103516 5.79699993133545 5.88500022888184 5.33099985122681 4.98299980163574 3.12800002098083 2.89199995994568 2.83200001716614 2.51900005340576 2.23699998855591 1.9539999961853 5.90100002288818 27.6079998016357 28.1879997253418 29.3859996795654 30.2590007781982 31.1979999542236 32.0419998168945 36.0460014343262 38.185001373291 37.0180015563965 33.5429992675781 34.0279998779297 32.8800010681152 29.2779998779297 26.6580009460449 25.4799995422363 24.4080009460449 24.4309997558594 23.931999206543 21.5480003356934 19.0340003967285 18.0240001678467 14.1459999084473 13.1920003890991
-3.4e+38 21.1159992218018 21.8409996032715 20.9389991760254 19.4580001831055 18.113000869751 15.4040002822876 12.0229997634888 11.5450000762939 9.76599979400635 6.79699993133545 5.43699979782104 5.62799978256226 5.65100002288818 5.39900016784668 4.69799995422363 3.84699988365173 3.15100002288818 2.98699998855591 2.53699994087219 2.07800006866455 1.72200000286102 2.35700011253357 14.6639995574951 18.9120006561279 25.7320003509521 27.8040008544922 29.2709999084473 30.5540008544922 33.2050018310547 34.9539985656738 34.6689987182617 33.9700012207031 34.2569999694824 31.4549999237061 28.9039993286133 25.8129997253418 23.5860004425049 24.5389995574951 24.5450000762939 23.9979991912842 23.0919990539551 20.0970001220703 18.507999420166 6.08799982070923 4.82000017166138
-3.4e+38 21.6520004272461 21.5069999694824 19.5709991455078 19.6870002746582 19.3279991149902 15.3109998703003 13.3280000686646 11.4289999008179 10.5010004043579 6.29500007629395 4.86100006103516 5.13700008392334 5.30700016021729 5.27299976348877 5.03700017929077 5.07399988174438 4.16200017929077 3.41599988937378 2.74799990653992 2.08100008964539 2.29099988937378 2.61800003051758 3.08500003814697 16.9720001220703 24.3929996490479 25.8360004425049 26.6889991760254 27.742000579834 29.8519992828369 29.8129997253418 31.9090003967285 34.4059982299805 33.4500007629395 30.1979999542236 28.5130004882812 26.4640007019043 24.1119995117188 23.9330005645752 24.136999130249 23.5279998779297 20.6669998168945 18.07200050354 12.9750003814697 2.09100008010864 2.29299998283386
-3.4e+38 19.7800006866455 19.8619995117188 19.5590000152588 20.0340003967285 20.4599990844727 14.7410001754761 12.3400001525879 9.57499980926514 9.0310001373291 4.79500007629395 4.71999979019165 4.43200016021729 3.87199997901917 5.26800012588501 5.12900018692017 5.28999996185303 5.17899990081787 3.26900005340576 2.39100003242493 1.92999994754791 2.40100002288818 4.27699995040894 5.59000015258789 14.6549997329712 20.4209995269775 23.2029991149902 25.3719997406006 24.2929992675781 23.4230003356934 22.7329998016357 29.4340000152588 30.7099990844727 29.3309993743896 27.5900001525879 27.2350006103516 26.9869995117188 25.863000869751 23.2880001068115 22.9379997253418 20.7399997711182 16.6539993286133 15.2690000534058 11.6409997940063 7.40000009536743 2.66499996185303
-3.4e+38 16.488000869751 16.9060001373291 18.6480007171631 19.3649997711182 20.1119995117188 16.4669990539551 6.23699998855591 7.35400009155273 5.22700023651123 4.98099994659424 4.60900020599365 4.26300001144409 4.57200002670288 4.82499980926514 5.2189998626709 5.38399982452393 5.3769998550415 4.1399998664856 1.90199995040894 2.16799998283386 2.14299988746643 5.17500019073486 9.12899971008301 12.0480003356934 15.8509998321533 18.9249992370605 22.0830001831055 22.0820007324219 21.6979999542236 20.8910007476807 23.5319995880127 27.0960006713867 27.0230007171631 26.9009990692139 26.8969993591309 24.5909996032715 23.8279991149902 21.2560005187988 21.4160003662109 20.3139991760254 16.7870006561279 16.4669990539551 13.1949996948242 7.7020001411438 2.97399997711182
-3.4e+38 14.8839998245239 14.9350004196167 12.9020004272461 18.2679996490479 18.9409999847412 15.3159999847412 4.29300022125244 4.75299978256226 5.13000011444092 4.14400005340576 4.35500001907349 3.89199995994568 3.01300001144409 3.8050000667572 4.55000019073486 5.14300012588501 3.83599996566772 1.97099995613098 2.27099990844727 2.23499989509583 1.8860000371933 5.2039999961853 9.15799999237061 12.6070003509521 14.6590003967285 14.548999786377 20.8570003509521 20.7549991607666 19.3470001220703 18.8430004119873 19.5669994354248 23.1270008087158 24.2290000915527 24.0550003051758 18.9740009307861 19.0590000152588 19.4419994354248 19.9740009307861 19.0750007629395 18.492000579834 16.6840000152588 15.7910003662109 6.2350001335144 3.34899997711182 3.24499988555908
-3.4e+38 9.98999977111816 7.85699987411499 6.52400016784668 9.92700004577637 18.6359996795654 6.46999979019165 4.04899978637695 4.03599977493286 4.13199996948242 4.20699977874756 4.23099994659424 3.05100011825562 2.83899998664856 2.84500002861023 2.99799990653992 4.40700006484985 3.67600011825562 3.82800006866455 2.59999990463257 2.4539999961853 1.62800002098083 5.08799982070923 7.59800004959106 10.3660001754761 12.2469997406006 12.4409999847412 10.7559995651245 11.0989999771118 10.2679996490479 11.7329998016357 14.1429996490479 17.9890003204346 18.4249992370605 19.3549995422363 18.9769992828369 18.2490005493164 18.382999420166 18.8279991149902 18.9379997253418 18.867000579834 17.056999206543 15.9890003204346 4.50400018692017 8.96100044250488 7.05299997329712
-3.4e+38 5.70800018310547 5.84000015258789 6.08900022506714 5.01900005340576 3.92199993133545 3.57100009918213 2.90000009536743 3.29299998283386 3.66000008583069 3.87299990653992 3.9300000667572 2.91199994087219 2.66599988937378 2.75799989700317 3.1489999294281 3.59299993515015 3.89199995994568 3.97900009155273 3.03999996185303 2.44899988174438 1.71700000762939 2.58999991416931 5.51800012588501 8.21300029754639 12.621000289917 12.7770004272461 3.29500007629395 1.02799999713898 0.847000002861023 1.97899997234344 6.56099987030029 12.1809997558594 16.0240001678467 17.9899997711182 18.1110000610352 18.3190002441406 18.6060009002686 18.7670001983643 18.2999992370605 17.6690006256104 17.2770004272461 13.6490001678467 5.01200008392334 11.1510000228882 14.2519998550415
-3.4e+38 -3.4e+38 5.22399997711182 5.8600001335144 5.33400011062622 4.04300022125244 3.32599997520447 2.47199988365173 2.95199990272522 3.73300004005432 4.07399988174438 4.17600011825562 3.57599997520447 2.81699991226196 2.63000011444092 2.91599988937378 2.82100009918213 3.18899989128113 2.94600009918213 3.34999990463257 3.37800002098083 2.96300005912781 2.62100005149841 3.90499997138977 8.55599975585938 14.6719999313354 13.1309995651245 2.9539999961853 0.950999975204468 1.05099999904633 3.31100010871887 11.6029996871948 16.0709991455078 16.0769996643066 16.9839992523193 17.6539993286133 18.2569999694824 18.9300003051758 13.918999671936 13.2130002975464 17.3649997711182 17.2849998474121 17.3929996490479 12.8000001907349 13.8640003204346 16.3129997253418
-3.4e+38 -3.4e+38 5.08300018310547 4.61199998855591 3.22399997711182 3.39599990844727 3.13100004196167 2.5 3.01699995994568 3.79900002479553 4.1560001373291 4.38199996948242 4.12400007247925 3.07299995422363 2.93400001525879 2.44199991226196 2.62899994850159 2.54699993133545 2.53399991989136 3.25 3.64499998092651 3.75500011444092 3.59899997711182 4.81799983978271 11.2200002670288 16.7229995727539 13.4849996566772 9.10700035095215 10.5410003662109 11.039999961853 12.3719997406006 13.4919996261597 7.44099998474121 11.5369997024536 10.923999786377 18.0729999542236 18.5930004119873 18.5690002441406 14.3889999389648 4.97200012207031 9.14099979400635 12.875 14.793999671936 17.9559993743896 17.7959995269775 17.9260005950928
-3.4e+38 -3.4e+38 3.74399995803833 3.38899993896484 2.53399991989136 2.29900002479553 2.41400003433228 2.53999996185303 2.74399995803833 2.76200008392334 3.20000004768372 4.19500017166138 3.65300011634827 3.29699993133545 2.84800004959106 2.17799997329712 2.48699998855591 2.63499999046326 2.75699996948242 3.36199998855591 3.90700006484985 4.11999988555908 3.82399988174438 8.63199996948242 16.1280002593994 21.3269996643066 21.9710006713867 18.4720001220703 15.8780002593994 14.168999671936 14.9320001602173 14.0240001678467 6.62900018692017 2.0239999294281 2.40499997138977 14.8850002288818 15.2349996566772 11.5719995498657 13.0349998474121 10.6330003738403 2.29500007629395 6.49100017547607 16.3980007171631 17.8150005340576 18.4740009307861 18.8269996643066
-3.4e+38 -3.4e+38 3.66700005531311 3.20799994468689 2.72499990463257 2.35199999809265 2.0789999961853 1.64199995994568 2.32800006866455 2.625 2.46600008010864 2.61899995803833 2.56500005722046 2.54699993133545 2.37899994850159 1.85500001907349 2.07699990272522 2.46099996566772 3.01699995994568 3.26699995994568 3.50600004196167 8.73200035095215 12.7159996032715 16.0790004730225 23.8120002746582 25.1590003967285 24.9990005493164 25.1110000610352 23.128999710083 16.0590000152588 16.9699993133545 18.8959999084473 14.66100025177 6.23699998855591 3.41300010681152 6.73600006103516 3.72000002861023 1.96000003814697 2.5 6.03000020980835 7.29099988937378 11.8269996643066 18.3570003509521 18.4799995422363 19.3910007476807 19.6410007476807
-3.4e+38 -3.4e+38 3.88000011444092 3.11999988555908 2.80599999427795 2.55200004577637 2.13499999046326 1.44400000572205 0.753000020980835 0.925000011920929 1.75399994850159 2.16300010681152 2.02800011634827 1.63999998569489 1.557000041008 1.56400001049042 1.75699996948242 2.13499999046326 2.72099995613098 3.12700009346008 6.34200000762939 13.7170000076294 17.621000289917 17.6609992980957 25.6539993286133 25.5979995727539 25.6669998168945 26.0400009155273 25.7339992523193 22.4060001373291 20.2770004272461 21.25 17.371000289917 10.451000213623 6.15500020980835 3.05800008773804 3.29800009727478 2.95799994468689 3.11800003051758 2.36999988555908 17.3990001678467 19.3889999389648 19.2360000610352 19.0860004425049 20.1539993286133 20.2630004882812
-3.4e+38 -3.4e+38 10.2110004425049 3.00399994850159 2.88700008392334 2.65400004386902 2.19199991226196 1.51199996471405 1.32599997520447 1.24000000953674 1.47800004482269 2.05800008773804 1.93900001049042 1.43700003623962 1.40799999237061 1.5349999666214 1.66400003433228 1.98199999332428 2.50799989700317 6.26900005340576 13.7700004577637 17.5240001678467 17.7029991149902 22.0170001983643 26.9130001068115 26.3700008392334 27.3759994506836 26.6529998779297 25.6040000915527 22.4869995117188 21.3610000610352 21.3199996948242 15.7419996261597 15.0740003585815 13.0290002822876 7.90000009536743 6.06099987030029 3.98000001907349 3.19199991226196 2.33599996566772 18.201000213623 17.8840007781982 18.5090007781982 19.1229991912842 19.8659992218018 20.3929996490479
-3.4e+38 -3.4e+38 -3.4e+38 2.90599989891052 2.92899990081787 2.75699996948242 2.28500008583069 2.06100010871887 1.97500002384186 1.88900005817413 1.80299997329712 2.04099988937378 2.02500009536743 1.81500005722046 1.67499995231628 1.59300005435944 1.65199995040894 1.8289999961853 2.69600009918213 3.42400002479553 16.7759990692139 17.6180000305176 18.621000289917 27.1560001373291 30.056999206543 28.9570007324219 30.2089996337891 29.5200004577637 30.9529991149902 30.0400009155273 21.4309997558594 19.1590003967285 11.789999961853 21.4179992675781 23.2749996185303 20.3090000152588 18.5259990692139 9.06999969482422 4.55200004577637 6.2480001449585 15.4619998931885 16.2290000915527 17.7240009307861 18.6730003356934 19.2479991912842 19.9479999542236
-3.4e+38 -3.4e+38 -3.4e+38 2.68300008773804 3.00799989700317 2.87199997901917 2.70199990272522 2.57500004768372 2.44799995422363 2.32200002670288 2.1949999332428 2.06800007820129 2.34100008010864 2.07800006866455 1.94099998474121 1.85899996757507 1.77799999713898 2.26999998092651 3.00500011444092 4.18699979782104 17.0820007324219 17.6919994354248 19.7880001068115 25.0650005340576 30.2600002288818 30.1870002746582 30.3759994506836 30.4710006713867 31.2900009155273 31.3770008087158 24.4009990692139 26.6259994506836 24.0249996185303 25.9029998779297 25.4540004730225 24.0090007781982 23.6359996795654 11.2159996032715 8.2819995880127 14.9910001754761 15.0329999923706 17.0590000152588 19.0259990692139 19.3700008392334 18.9610004425049 19.3080005645752
-3.4e+38 -3.4e+38 -3.4e+38 2.39199995994568 2.81399989128113 2.67300009727478 2.36299991607666 2.27600002288818 2.20000004768372 2.07299995422363 1.94599997997284 1.91299998760223 2.41199994087219 2.8529999256134 2.33699989318848 2.13000011444092 5.77199983596802 13.9890003204346 14.9949998855591 13.9479999542236 17.1679992675781 19.7310009002686 22.6110000610352 28.2150001525879 30.6140003204346 30.0909996032715 30.5860004425049 30.9080009460449 31.2469997406006 31.5410003662109 32.2820014953613 32.951000213623 29.6730003356934 26.9270000457764 26.0930004119873 25.1700000762939 23.4629993438721 18.3269996643066 16.2220001220703 14.9930000305176 16.7709999084473 18.7929992675781 19.7970008850098 19.9330005645752 19.1979999542236 19.2019996643066
-3.4e+38 -3.4e+38 -3.4e+38 2.1010000705719 2.48300004005432 2.34500002861023 2.09299993515015 1.89300000667572 1.82700002193451 1.76199996471405 1.69599997997284 1.9099999666214 2.66400003433228 2.92499995231628 2.72000002861023 2.23200011253357 3.6489999294281 6.80700016021729 16.4899997711182 16.9759998321533 17.4669990539551 21.5639991760254 24.7399997711182 29.55299949646 32.3269996643066 30.9290008544922 31.2959995269775 30.9549999237061 31.7430000305176 32.4529991149902 34.943000793457 35.6780014038086 34.3950004577637 29.6310005187988 25.8920001983643 24.9799995422363 22.8099994659424 19.4549999237061 14.8649997711182 16.8770008087158 18.3689994812012 19.2870006561279 20.2709999084473 20.3589992523193 19.7700004577637 19.3770008087158
-3.4e+38 -3.4e+38 -3.4e+38 4.22100019454956 2.38599991798401 2.39299988746643 2.00399994850159 1.61500000953674 1.49699997901917 1.56900000572205 1.76400005817413 2.28299999237061 2.40700006484985 2.65899991989136 2.80399990081787 2.25799989700317 2.63000011444092 2.91199994087219 19.011999130249 22.1909999847412 23.3810005187988 25.9570007324219 28.7059993743896 32.5369987487793 33.1629981994629 32.8950004577637 33.0740013122559 35.3289985656738 36.0470008850098 35.1049995422363 35.5060005187988 35.7060012817383 34.6780014038086 32.7960014343262 27.8080005645752 24.3740005493164 22.5189990997314 17.3540000915527 14.0200004577637 17.6450004577637 19.2269992828369 19.4969997406006 19.9610004425049 20.5610008239746 20.2689990997314 19.931999206543
-3.4e+38 -3.4e+38 -3.4e+38 -3.4e+38 1.83299994468689 1.9539999961853 1.88300001621246 2.04699993133545 2.1470000743866 1.82400000095367 2.08800005912781 2.20799994468689 2.48699998855591 2.62299990653992 3.11999988555908 2.73399996757507 2.72199988365173 3.13199996948242 15.4200000762939 24.113000869751 25.0459995269775 27.201000213623 29.1149997711182 31.3589992523193 32.5929985046387 34.5149993896484 33.5589981079102 36.132999420166 37.7770004272461 37.125 36.5909996032715 35.5219993591309 34.9280014038086 34.476001739502 34.314998626709 33.0610008239746 25.5249996185303 15.039999961853 13.378999710083 15.4329996109009 19.0219993591309 19.4650001525879 20.0909996032715 20.3369998931885 20.2490005493164 20.1860008239746
