02_asc_chm-r50m/BR212X.asc
NCOLS 200 
NROWS 200 
XLLCORNER 535455 
YLLCORNER 5282418 
CELLSIZE 0.5 
NODATA_value -3.4e+38 
[rows 60 to 79 of 200, columns 138 to 183 of 200]
3.59200000762939 2.51699995994568 1.60199999809265 1.68099999427795 1.7150000333786 1.69500005245209 3.35500001907349 4.48699998855591 2.3659999370575 0.409000009298325 0.360000014305115 0.479000002145767 0.558000028133392 0.460999995470047 0.386000007390976 2.87899994850159 7.71600008010864 11.5369997024536 15.3579998016357 19.1800003051758 20.0279998779297 23.0330009460449 24.9820003509521 24.8099994659424 28.6259994506836 30.6049995422363 30.7439994812012 30.7159996032715 31.326000213623 30.9640007019043 30.2980003356934 29.6830005645752 25.4860000610352 21.5939998626709 22.2229995727539 23.2049999237061 23.4200000762939 23.4220008850098 24.2759990692139 24.8859996795654 26.0709991455078 27.1669998168945 27.7080001831055 26.5669994354248 24.4400005340576 24.2329998016357
1.81200003623962 2.11199998855591 1.96599996089935 1.95099997520447 1.90499997138977 1.26199996471405 0.808000028133392 0.418000012636185 0.465000003576279 0.583999991416931 0.703999996185303 0.823000013828278 0.867999970912933 0.750999987125397 0.617999970912933 2.79399991035461 5.8600001335144 9.07499980926514 12.8959999084473 16.7169990539551 19.2360000610352 20.80299949646 21.4029998779297 21.431999206543 23.1989994049072 27.4029998779297 28.878999710083 29.4069995880127 29.076000213623 29.4839992523193 29.0179996490479 27.6760005950928 25.1420001983643 20.8799991607666 21.69700050354 22.1459999084473 22.2199993133545 22.0650005340576 22.9179992675781 23.4549999237061 24.4069995880127 24.9650001525879 26.3880004882812 24.8439998626709 24.4659996032715 24.4640007019043
2.26300001144409 2.20799994468689 2.40300011634827 2.32699990272522 2.08400011062622 1.432000041008 0.762000024318695 1.75 0.953000009059906 0.927999973297119 1.04700005054474 1.16700005531311 1.17299997806549 1.85300004482269 5.67799997329712 4.71799993515015 7.78399991989136 10.8509998321533 13.9169998168945 16.9829998016357 15.08899974823 15.7799997329712 20.8950004577637 20.8549995422363 23.4109992980957 26.8309993743896 28.6679992675781 27.6389999389648 27.6380004882812 28.5300006866455 27.4740009307861 25.4039993286133 24.7040004730225 21.4459991455078 20.2089996337891 19.4060001373291 19.4570007324219 20.0869998931885 22.1469993591309 22.8689994812012 23.621000289917 24.136999130249 24.5139999389648 23.9379997253418 23.9309997558594 24.1450004577637
2.23900008201599 2.06900000572205 2.16100001335144 2.25200009346008 2.05900001525879 1.55099999904633 2.54699993133545 4.51599979400635 5.07999992370605 4.28299999237061 3.48699998855591 2.69000005722046 3.08899998664856 6.91400003433228 9.89299964904785 7.66499996185303 9.70899963378906 12.7749996185303 15.3170003890991 12.9910001754761 7.36399984359741 1.93499994277954 2.80599999427795 12.6070003509521 18.0669994354248 24.6009998321533 25.4139995574951 25.3950004577637 26.0319995880127 24.8610000610352 23.3479995727539 21.7569999694824 20.3649997711182 19.8390007019043 19.6340007781982 18.2390003204346 17.0049991607666 18.2199993133545 19.7210006713867 20.3279991149902 21.9640007019043 23.3059997558594 23.7409992218018 23.8120002746582 23.742000579834 23.6119995117188
2.44799995422363 2.03900003433228 1.99000000953674 2.25 2.06900000572205 2.19799995422363 4.46199989318848 6.42999982833862 8.39900016784668 8.40999984741211 7.61299991607666 3.17499995231628 9.89400005340576 11.9739999771118 13.3850002288818 11.1280002593994 11.6330003738403 13.1789999008179 10.8940000534058 5.26599979400635 1.15799999237061 0.991999983787537 1.04799997806549 1.06900000572205 7.07999992370605 17.8059997558594 8.63099956512451 12.7239999771118 17.7320003509521 13.625 16.511999130249 14.5139999389648 10.0150003433228 13.7840003967285 14.0880002975464 13.8830003738403 13.4289999008179 15.2170000076294 16.0370006561279 16.8309993743896 20.5639991760254 22.4729995727539 24.1009998321533 24.4139995574951 23.9799995422363 23.3010005950928
2.51500010490417 1.85399997234344 1.89800000190735 2.26900005340576 2.33999991416931 1.77900004386902 3.82599997520447 6.82600021362305 9.82600021362305 12.2819995880127 10.2519998550415 15.4309997558594 19.5160007476807 19.9260005950928 18.8740005493164 17.1259994506836 11.831000328064 10.5659999847412 6.60099983215332 2.63599991798401 0.88400000333786 1.00600004196167 1.05400002002716 1.39400005340576 1.40600001811981 1.38900005817413 1.16999995708466 1.18599998950958 1.58899998664856 1.58399999141693 5.32000017166138 0.929000020027161 3.14000010490417 6.90999984741211 9.11499977111816 8.33699989318848 6.90799999237061 7.56699991226196 10.8190002441406 15.7159996032715 19.2830009460449 21.6219997406006 24.0499992370605 25.1219997406006 24.3190002441406 24.0499992370605
2.71399998664856 2.33100008964539 2.33500003814697 2.21499991416931 1.84399998188019 1.81500005722046 2.4539999961853 5.4539999961853 7.39599990844727 14.8219995498657 19.4930000305176 21.3190002441406 23.2259998321533 24.117000579834 23.1140003204346 20.8700008392334 17.1550006866455 13.7959995269775 9.72900009155273 5.44899988174438 5.23199987411499 1.2389999628067 1.30200004577637 1.42599999904633 1.57099997997284 1.64100003242493 1.29900002479553 1.14900004863739 1.48800003528595 1.62999999523163 1.30900001525879 1.03199994564056 1.01900005340576 1.00499999523163 3.80399990081787 3.09699988365173 1.89600002765656 1.90799999237061 2.39000010490417 11.3540000915527 19.371000289917 21.7810001373291 24.1019992828369 25.7329998016357 25.2679996490479 24.1760005950928
2.45300006866455 2.07599997520447 1.97599995136261 1.9650000333786 1.74000000953674 1.60500001907349 0.939000010490417 4.4060001373291 12.1470003128052 19.7770004272461 24.7800006866455 27.2679996490479 29.8680000305176 29.5839996337891 27.2520008087158 22.548999786377 18.0230007171631 14.83899974823 14.3149995803833 14.5710000991821 13.7510004043579 5.63500022888184 1.05400002002716 1.07000005245209 0.647000014781952 1.49500000476837 1.25300002098083 1.02499997615814 1.26800000667572 1.47899997234344 1.16700005531311 1.13399994373322 1.04999995231628 0.962999999523163 0.875999987125397 1.40799999237061 1.70000004768372 1.56200003623962 4.17199993133545 18.9979991912842 21.4750003814697 23.0009994506836 25.7870006561279 26.7229995727539 26.5240001678467 25.3880004882812
2.30100011825562 2.16599988937378 1.76900005340576 1.53999996185303 1.68700003623962 1.875 0.958000004291534 2.24799990653992 17.25 21.9580001831055 25.3589992523193 30.128999710083 32.7109985351562 33.4249992370605 30.5779991149902 25.0319995880127 20.5949993133545 15.8649997711182 16.2950000762939 16.5240001678467 17.193000793457 7.10400009155273 4.65299987792969 5.44999980926514 5.40899991989136 8.11800003051758 14.53600025177 8.27200031280518 5.69099998474121 5.80600023269653 5.83400011062622 2.2720000743866 0.758000016212463 0.598999977111816 0.439999997615814 0.903999984264374 1.39800000190735 11.4949998855591 19.5520000457764 23.0030002593994 23.2199993133545 23.9190006256104 25.9389991760254 27.0970001220703 26.9689998626709 29.1979999542236
13.246000289917 7.75299978256226 1.89100003242493 1.34500002861023 1.27300000190735 1.34099996089935 1.82700002193451 4.74599981307983 16.55299949646 21.8430004119873 25.3050003051758 31.2430000305176 33.8470001220703 33.8800010681152 32.1469993591309 27.1490001678467 22.0890007019043 18.2940006256104 17.2339992523193 17.1830005645752 17.1720008850098 14.6490001678467 12.4949998855591 14.9540004730225 17.121000289917 23.5300006866455 23.5709991455078 19.7250003814697 16.0300006866455 14.3369998931885 11.2270002365112 7.66400003433228 4.10200023651123 0.538999974727631 0.462999999523163 0.871999979019165 1.33200001716614 9.6850004196167 15.5670003890991 19.8090000152588 23.2900009155273 23.3390007019043 23.7000007629395 25.6749992370605 27.92799949646 29.6630001068115
20.3090000152588 20.1060009002686 12.9940004348755 1.24100005626678 1.16400003433228 1.09899997711182 6.25600004196167 11.875 15.8850002288818 20.4099998474121 22.8759994506836 29.3740005493164 33.6119995117188 32.4280014038086 29.5709991455078 26.4839992523193 22.8689994812012 19.8740005493164 18.6149997711182 19.7029991149902 17.738000869751 18.4360008239746 21.7290000915527 23.2019996643066 23.4449996948242 23.5820007324219 23.2080001831055 22.2730007171631 20.9810009002686 17.9039993286133 16.1189994812012 10.9899997711182 5.86199998855591 0.732999980449677 0.859000027179718 1.17599999904633 1.22699999809265 3.49200010299683 11.1879997253418 17.0830001831055 20.0060005187988 23.7000007629395 24.7830009460449 26.0510005950928 29.2099990844727 31.0459995269775
20.6049995422363 20.4179992675781 16.628999710083 4.61600017547607 1.06299996376038 2.53999996185303 5.40899991989136 9.41800022125244 13.4270000457764 17.8169994354248 21.826000213623 24.951000213623 30.2339992523193 29.0189990997314 25.0359992980957 24.6690006256104 22.6490001678467 22.1149997711182 23.9619998931885 26.8309993743896 24.5769996643066 25.867000579834 26.8600006103516 23.4130001068115 23.5909996032715 23.6070003509521 23.6840000152588 23.242000579834 22.4619998931885 20.1679992675781 4.88299989700317 0.546000003814697 1.00600004196167 1.08700001239777 1.0110000371933 0.925999999046326 0.962000012397766 1.36699998378754 11.0609998703003 15.5349998474121 17.9179992675781 23.2490005493164 26.9169998168945 28.19700050354 30.0890007019043 31.4619998931885
21.8509998321533 20.8969993591309 18.1539993286133 1.07500004768372 0.953000009059906 4.75500011444092 6.94099998474121 9.51500034332275 12.0880002975464 14.7329998016357 18.3150005340576 21.6989994049072 23.8920001983643 22.8959999084473 20.4839992523193 20.0979995727539 19.8090000152588 22.3640003204346 25.0049991607666 27.6079998016357 28.7520008087158 29.4179992675781 29.378999710083 27.7229995727539 25.1119995117188 24.0440006256104 24.3929996490479 24.3959999084473 23.7719993591309 21.2859992980957 15.7679996490479 2.41300010681152 1.10800004005432 1.06200003623962 0.944999992847443 0.717999994754791 0.767000019550323 1.33800005912781 4.56300020217896 13.5979995727539 17.4599990844727 23.2210006713867 27.2999992370605 28.4860000610352 29.2730007171631 30.9220008850098
22.6940002441406 21.693000793457 16.2099990844727 1.125 2.80699992179871 6.76000022888184 8.77000045776367 11.3430004119873 13.9160003662109 13.9370002746582 12.2869997024536 16.6140003204346 18.3759994506836 16.9360008239746 15.4569997787476 12.378999710083 18.3250007629395 23.6119995117188 26.69700050354 28.9020004272461 29.6529998779297 30.1720008850098 30.1410007476807 29.2530002593994 28.1870002746582 25.8540000915527 25.121000289917 25.3159999847412 25.4300003051758 23.7199993133545 13.1260004043579 1.12800002098083 1.43400001525879 1.10000002384186 0.921000003814697 0.716000020503998 1.34700000286102 1.81500005722046 3.10800004005432 10.9300003051758 19.113000869751 24.4950008392334 27.9260005950928 28.5270004272461 28.7320003509521 30.4029998779297
22.8920001983643 22.742000579834 15.6549997329712 0.943000018596649 4.67500019073486 8.62800025939941 10.5989999771118 13.1719999313354 12.9029998779297 10.6499996185303 1.9650000333786 12.4309997558594 14.8529996871948 13.7679996490479 15.1090002059937 18.7259998321533 22.6280002593994 24.8099994659424 27.9139995574951 30.0429992675781 30.7210006713867 30.8649997711182 30.7800006866455 30.4330005645752 30.1040000915527 26.2900009155273 26.57200050354 25.9589996337891 25.5310001373291 24.4860000610352 6.9689998626709 2.35999989509583 2.05299997329712 1.33800005912781 0.947000026702881 0.819000005722046 0.78600001335144 3.04299998283386 11.6420001983643 17.2700004577637 24.4060001373291 24.632999420166 26.7889995574951 28.3549995422363 29.1119995117188 30.886999130249
23.7150001525879 23.246000289917 15.4139995574951 3.55699992179871 6.54300022125244 10.496000289917 13.0620002746582 15 11.4729995727539 5.93100023269653 2.62299990653992 5.7189998626709 11.951000213623 15.8599996566772 16.8059997558594 21.2390003204346 22.2409992218018 25.5160007476807 28.5400009155273 30.4519996643066 31.0279998779297 31.1119995117188 31.0230007171631 30.8950004577637 29.9500007629395 29.4939994812012 28.3549995422363 26.2450008392334 24.5139999389648 23.8680000305176 20.5839996337891 2.58100008964539 2.41199994087219 1.91499996185303 0.915000021457672 0.966000020503998 0.91100001335144 1.36099994182587 11.0690002441406 20.3400001525879 24.4449996948242 24.5960006713867 24.7189998626709 27.6450004577637 26.7709999084473 29.0370006561279
24.326000213623 23.3080005645752 22.6620006561279 10.9390001296997 11.3380002975464 12.7049999237061 15.7309999465942 15.8059997558594 11.2819995880127 7.27299976348877 2.08699989318848 2.02900004386902 7.375 12.1520004272461 16.92799949646 19.4290008544922 19.701000213623 26.242000579834 28.7639999389648 30.1609992980957 30.7229995727539 31.0139999389648 30.8549995422363 30.5610008239746 29.2980003356934 29.4699993133545 28.3899993896484 26.8969993591309 23.6940002441406 21.1870002746582 8.22200012207031 4.06500005722046 2.28299999237061 1.38100004196167 0.847000002861023 0.961000025272369 1.05799996852875 1.06099998950958 5.79500007629395 9.22599983215332 24.2849998474121 24.4519996643066 25.931999206543 26.4759998321533 24.6690006256104 27.2159996032715
26.378999710083 24.6909999847412 25.1030006408691 20.2630004882812 18.011999130249 18.8939990997314 17.3460006713867 17.068000793457 15.2449998855591 6.38700008392334 1.96399998664856 1.2039999961853 1.60599994659424 9.46700000762939 17.2919998168945 19.5939998626709 22.5970001220703 26.0690002441406 27.7849998474121 28.9130001068115 29.8239994049072 30.3920001983643 30.0799999237061 29.8349990844727 29.0990009307861 28.3929996490479 27.3659992218018 24.9340000152588 21.5020008087158 20.5179996490479 8.23600006103516 9.84000015258789 2.06900000572205 1.3400000333786 0.953999996185303 1.05099999904633 1.14699995517731 1.2960000038147 1.41299998760223 5.84999990463257 21.6860008239746 22.9689998626709 22.7810001373291 24.0729999542236 24.3540000915527 27.8959999084473
28.1299991607666 28.0629997253418 27.5440006256104 20.0219993591309 23.8299999237061 22.8150005340576 20.3390007019043 18.5779991149902 14.8299999237061 6.89699983596802 4.46000003814697 1.46399998664856 1.36099994182587 1.19700002670288 12.4460000991821 19.0139999389648 22.4220008850098 25.8840007781982 27.3229999542236 27.6860008239746 28.2590007781982 29.1240005493164 29.2980003356934 29.1860008239746 28.3129997253418 27.5139999389648 26.2910003662109 25.3920001983643 20.8729991912842 20.496000289917 19.6359996795654 12.1230001449585 4.56300020217896 1.79999995231628 1.26699995994568 1.11099994182587 0.955999970436096 1.55599999427795 1.98199999332428 1.92599999904633 17.0450000762939 21.3279991149902 21.7110004425049 21.9610004425049 22.9370002746582 27.7509994506836
28.7080001831055 29.0480003356934 29.0739994049072 26.6620006561279 26.42799949646 25.3950004577637 25.3400001525879 25.4720001220703 20.5769996643066 11.2040004730225 8.10200023651123 4.94799995422363 2.15599989891052 1.92999994754791 4.19500017166138 11.5950002670288 23.9370002746582 24.6879997253418 26.1200008392334 27.6189994812012 28.1830005645752 28.3819999694824 28.9360008239746 28.2180004119873 27.4270000457764 27.0090007781982 26.1159992218018 25.7509994506836 24.4990005493164 21.0960006713867 19.6060009002686 13.9429998397827 4.04099988937378 2.04399991035461 1.32000005245209 1.03100001811981 0.809000015258789 1.29200005531311 1.625 3.76600003242493 11.2639999389648 2.54399991035461 12.2360000610352 15.1999998092651 17.7250003814697 23.6469993591309
