02_asc_chm-r50m/BR211Y.asc
NCOLS 200 
NROWS 200 
XLLCORNER 530252.5 
YLLCORNER 5287503.5 
CELLSIZE 0.5 
NODATA_value -3.4e+38 
[rows 0 to 19 of 200, columns 46 to 91 of 200]
-3.4e+38 -3.4e+38 -3.4e+38 -3.4e+38 -3.4e+38 -3.4e+38 -3.4e+38 -3.4e+38 -3.4e+38 -3.4e+38 -3.4e+38 -3.4e+38 -3.4e+38 -3.4e+38 -3.4e+38 -3.4e+38 -3.4e+38 -3.4e+38 -3.4e+38 -3.4e+38 -3.4e+38 -3.4e+38 -3.4e+38 -3.4e+38 -3.4e+38 -3.4e+38 -3.4e+38 -3.4e+38 -3.4e+38 -3.4e+38 -3.4e+38 -3.4e+38 -3.4e+38 -3.4e+38 -3.4e+38 -3.4e+38 -3.4e+38 -3.4e+38 -3.4e+38 -3.4e+38 -3.4e+38 -3.4e+38 -3.4e+38 -3.4e+38 -3.4e+38 -3.4e+38
-3.4e+38 -3.4e+38 -3.4e+38 -3.4e+38 -3.4e+38 -3.4e+38 -3.4e+38 -3.4e+38 -3.4e+38 -3.4e+38 -3.4e+38 -3.4e+38 -3.4e+38 -3.4e+38 -3.4e+38 -3.4e+38 -3.4e+38 -3.4e+38 -3.4e+38 -3.4e+38 -3.4e+38 -3.4e+38 -3.4e+38 -3.4e+38 -3.4e+38 -3.4e+38 -3.4e+38 -3.4e+38 -3.4e+38 -3.4e+38 -3.4e+38 -3.4e+38 -3.4e+38 -3.4e+38 -3.4e+38 -3.4e+38 -3.4e+38 -3.4e+38 -3.4e+38 -3.4e+38 -3.4e+38 -3.4e+38 -3.4e+38 32.0499992370605 31.4529991149902 30.0020008087158
-3.4e+38 -3.4e+38 -3.4e+38 -3.4e+38 -3.4e+38 -3.4e+38 -3.4e+38 -3.4e+38 -3.4e+38 -3.4e+38 -3.4e+38 -3.4e+38 -3.4e+38 -3.4e+38 -3.4e+38 -3.4e+38 -3.4e+38 -3.4e+38 -3.4e+38 -3.4e+38 -3.4e+38 -3.4e+38 -3.4e+38 -3.4e+38 -3.4e+38 -3.4e+38 -3.4e+38 -3.4e+38 -3.4e+38 -3.4e+38 -3.4e+38 -3.4e+38 -3.4e+38 -3.4e+38 -3.4e+38 -3.4e+38 -3.4e+38 32.117000579834 32.9099998474121 34.0270004272461 34.2610015869141 34.4249992370605 34.2330017089844 33.2470016479492 31.8320007324219 31.3740005493164
-3.4e+38 -3.4e+38 -3.4e+38 -3.4e+38 -3.4e+38 -3.4e+38 -3.4e+38 -3.4e+38 -3.4e+38 -3.4e+38 -3.4e+38 -3.4e+38 -3.4e+38 -3.4e+38 -3.4e+38 -3.4e+38 -3.4e+38 -3.4e+38 -3.4e+38 -3.4e+38 -3.4e+38 -3.4e+38 -3.4e+38 -3.4e+38 -3.4e+38 -3.4e+38 -3.4e+38 -3.4e+38 -3.4e+38 -3.4e+38 -3.4e+38 30.6679992675781 29.7999992370605 28.6989994049072 29.2999992370605 30.0580005645752 31.2779998779297 31.7059993743896 32.9710006713867 34.023998260498 33.742000579834 33.867000579834 33.7589988708496 32.681999206543 31.4050006866455 30.2830009460449
-3.4e+38 -3.4e+38 -3.4e+38 -3.4e+38 -3.4e+38 -3.4e+38 -3.4e+38 -3.4e+38 -3.4e+38 -3.4e+38 -3.4e+38 -3.4e+38 -3.4e+38 -3.4e+38 -3.4e+38 -3.4e+38 -3.4e+38 -3.4e+38 -3.4e+38 -3.4e+38 -3.4e+38 -3.4e+38 -3.4e+38 -3.4e+38 -3.4e+38 -3.4e+38 -3.4e+38 27.1189994812012 28.9899997711182 30.8159999847412 32.0429992675781 31.2810001373291 29.2609996795654 28.4409999847412 27.5610008239746 29.6520004272461 30.4990005493164 31.2040004730225 31.5820007324219 32.2210006713867 32.2000007629395 32.9640007019043 32.9679985046387 31.9130001068115 30.0419998168945 27.2450008392334
-3.4e+38 -3.4e+38 -3.4e+38 -3.4e+38 -3.4e+38 -3.4e+38 -3.4e+38 -3.4e+38 -3.4e+38 -3.4e+38 -3.4e+38 -3.4e+38 -3.4e+38 -3.4e+38 -3.4e+38 -3.4e+38 -3.4e+38 -3.4e+38 -3.4e+38 -3.4e+38 -3.4e+38 -3.4e+38 -3.4e+38 24.8040008544922 25.7630004882812 26.3400001525879 27.636999130249 28.3700008392334 30.9050006866455 33.0009994506836 33.3889999389648 32.9700012207031 31.568000793457 27.2530002593994 24.6350002288818 24.8199996948242 27.0160007476807 29.0030002593994 30.9459991455078 31.048999786377 30.9440002441406 30.8129997253418 30.4409999847412 30.0090007781982 29.3939990997314 26.5359992980957
-3.4e+38 -3.4e+38 -3.4e+38 -3.4e+38 -3.4e+38 -3.4e+38 -3.4e+38 -3.4e+38 -3.4e+38 -3.4e+38 -3.4e+38 -3.4e+38 -3.4e+38 -3.4e+38 -3.4e+38 -3.4e+38 -3.4e+38 -3.4e+38 -3.4e+38 -3.4e+38 -3.4e+38 20.0160007476807 23.5949993133545 23.5909996032715 24.3680000305176 25.7569999694824 27.6159992218018 29.5340003967285 31.8610000610352 32.7130012512207 33.4729995727539 33.2369995117188 32.8899993896484 25.4599990844727 24.0310001373291 23.9300003051758 26.9190006256104 27.5540008544922 28.3110008239746 29.5799999237061 28.6529998779297 27.8449993133545 26.7099990844727 27.3810005187988 26.6280002593994 23.5699996948242
-3.4e+38 -3.4e+38 -3.4e+38 -3.4e+38 -3.4e+38 -3.4e+38 -3.4e+38 -3.4e+38 -3.4e+38 -3.4e+38 -3.4e+38 -3.4e+38 -3.4e+38 -3.4e+38 -3.4e+38 -3.4e+38 -3.4e+38 -3.4e+38 -3.4e+38 10.4139995574951 11.6789999008179 19.2700004577637 23.0389995574951 22.9810009002686 22.7940006256104 24.7049999237061 26.0470008850098 28.4729995727539 29.7770004272461 31.818000793457 31.9850006103516 32.3919982910156 30.2000007629395 25.9529991149902 24.7569999694824 24.4099998474121 20.4349994659424 25.4080009460449 26.1539993286133 26.6569995880127 25.5639991760254 25.2439994812012 23.8129997253418 23.431999206543 22.9829998016357 23.1860008239746
-3.4e+38 -3.4e+38 -3.4e+38 -3.4e+38 -3.4e+38 -3.4e+38 -3.4e+38 -3.4e+38 -3.4e+38 -3.4e+38 -3.4e+38 -3.4e+38 -3.4e+38 -3.4e+38 -3.4e+38 -3.4e+38 10.8059997558594 8.62199974060059 7.96400022506714 7.03900003433228 7.48099994659424 18.1499996185303 19.6480007171631 22.3229999542236 21.9489994049072 24.1110000610352 25.1499996185303 25.9839992523193 26.1539993286133 29.5610008239746 29.0900001525879 29.9349994659424 29.363000869751 25.4090003967285 25.5310001373291 22.3400001525879 16.4820003509521 20.6480007171631 23.2409992218018 21.07200050354 23.6919994354248 21.5510005950928 20.0480003356934 20.8649997711182 22.0839996337891 23.1420001983643
-3.4e+38 -3.4e+38 -3.4e+38 -3.4e+38 -3.4e+38 -3.4e+38 -3.4e+38 -3.4e+38 -3.4e+38 -3.4e+38 -3.4e+38 -3.4e+38 -3.4e+38 -3.4e+38 5.71400022506714 6.57499980926514 7.93599987030029 7.77600002288818 7.33400011062622 6.91400003433228 7.07800006866455 8.92199993133545 10.6929998397827 17.0259990692139 20.2259998321533 22.9009990692139 25.0109996795654 25.0139999389648 24.8139991760254 25.5459995269775 26.2029991149902 29.5930004119873 29.2029991149902 26.3449993133545 26.2849998474121 25.9729995727539 23.0639991760254 24.2229995727539 23.7089996337891 23.4640007019043 23.7730007171631 18.0949993133545 10.8500003814697 12.0319995880127 21.7150001525879 22.5739994049072
-3.4e+38 -3.4e+38 -3.4e+38 -3.4e+38 -3.4e+38 -3.4e+38 -3.4e+38 -3.4e+38 -3.4e+38 -3.4e+38 -3.4e+38 -3.4e+38 2.8510000705719 4.17199993133545 5.52299976348877 6.31599998474121 7.25099992752075 7.18599987030029 6.96199989318848 6.69399976730347 6.77099990844727 8.22200012207031 12.6750001907349 19.9979991912842 20.1229991912842 22.6770000457764 24.7600002288818 24.6429996490479 24.5230007171631 25.0629997253418 25.7189998626709 26.2140007019043 26.6229991912842 27.2549991607666 28.4850006103516 28.3290004730225 25.9200000762939 24.7800006866455 24.4750003814697 24.1299991607666 23.6830005645752 21.2560005187988 9.98900032043457 5.69299983978271 20.0259990692139 20.6060009002686
-3.4e+38 -3.4e+38 -3.4e+38 -3.4e+38 -3.4e+38 -3.4e+38 -3.4e+38 -3.4e+38 -3.4e+38 -3.4e+38 3.06699991226196 1.58700001239777 2.47900009155273 4.3899998664856 5.55000019073486 5.7350001335144 6.80600023269653 6.80000019073486 6.88700008392334 7.66699981689453 7.73199987411499 8.83199977874756 10.6370000839233 18.7840003967285 19.4740009307861 20.4780006408691 23.1119995117188 24.2600002288818 24.3579998016357 24.7140007019043 24.7719993591309 27.0729999542236 27.4740009307861 28.9580001831055 29.8010005950928 30.1200008392334 26.0669994354248 27.1200008392334 26.488000869751 23.7740001678467 23.8390007019043 23.4099998474121 19.1919994354248 13.8570003509521 19.6679992675781 18.9689998626709
-3.4e+38 -3.4e+38 -3.4e+38 -3.4e+38 -3.4e+38 -3.4e+38 -3.4e+38 -3.4e+38 5.75799989700317 3.54500007629395 2.61199998855591 1.37000000476837 1.21700000762939 3.27999997138977 5.05800008773804 4.7189998626709 5.99200010299683 5.9060001373291 6.8270001411438 7.68300008773804 8.27700042724609 8.39999961853027 10.2770004272461 16.0590000152588 19.1650009155273 19.3390007019043 19.2269992828369 21.1790008544922 21.3080005645752 20.5550003051758 23.8050003051758 26.7600002288818 28.3880004882812 29.6380004882812 30.423999786377 31.1849994659424 30.511999130249 29.6480007171631 27.2169990539551 26.0149993896484 24.511999130249 21.4099998474121 18.6189994812012 18.2950000762939 18.011999130249 17.3129997253418
-3.4e+38 -3.4e+38 -3.4e+38 -3.4e+38 -3.4e+38 -3.4e+38 7.65199995040894 6.70699977874756 6.6100001335144 5.22200012207031 4.64499998092651 3.2279999256134 1.87000000476837 2.59800004959106 4.01700019836426 4.38000011444092 4.75099992752075 5.35900020599365 6.27600002288818 7.41900014877319 8.1569995880127 8.16600036621094 9.69200038909912 13.2189998626709 16.8110008239746 18.492000579834 18.9720001220703 18.5580005645752 18.5270004272461 19.9370002746582 24.9810009002686 27.5550003051758 29.503999710083 30.9710006713867 31.2870006561279 31.9650001525879 32.0180015563965 30.5259990692139 30.4080009460449 29.6539993286133 28.3290004730225 20.5330009460449 18.4750003814697 17.8460006713867 13.9770002365112 13.4069995880127
-3.4e+38 -3.4e+38 -3.4e+38 -3.4e+38 9.58500003814697 8.87800025939941 8.25500011444092 7.91400003433228 5.96000003814697 5.41300010681152 5.49599981307983 3.69799995422363 1.84800004959106 2.26600003242493 3.85700011253357 4.125 4.71299982070923 5.32499980926514 6.05100011825562 7.19199991226196 7.70900011062622 7.62400007247925 7.11199998855591 11.1389999389648 14.201000213623 15.6960000991821 17.826000213623 18.5380001068115 18.5949993133545 20.4300003051758 23.8889999389648 27.6159992218018 30.2900009155273 31.4300003051758 31.9890003204346 32.4529991149902 32.3969993591309 31.7959995269775 31.5109996795654 30.7940006256104 29.92799949646 26.4780006408691 21.0450000762939 8.23299980163574 2.59200000762939 4.44000005722046
-3.4e+38 -3.4e+38 18.2290000915527 20.9759998321533 16.1480007171631 8.80399990081787 7.57100009918213 7.46299982070923 5.72700023651123 4.94899988174438 4.69799995422363 3.05699992179871 2.09999990463257 2.30699992179871 3.28200006484985 4.0479998588562 4.94500017166138 5.55800008773804 6.00600004196167 6.75799989700317 7.33599996566772 7.4850001335144 6.79699993133545 9.74199962615967 7.89799976348877 6.27500009536743 2.43700003623962 10.8079996109009 16.1319999694824 20.2649993896484 25.6089992523193 29.246000289917 30.9850006103516 31.7409992218018 32.9370002746582 33.4090003967285 33.0509986877441 32.3569984436035 31.8759994506836 30.9039993286133 29.8129997253418 28.0109996795654 22.6599998474121 15.0220003128052 0.234999999403954 1.75499999523163
27.5499992370605 27.443000793457 25.5200004577637 25.996000289917 18.7269992828369 8.89299964904785 7.02400016784668 5.73699998855591 4.38700008392334 4.43499994277954 3.61999988555908 2.54399991035461 2.5 3.22399997711182 4.76000022888184 5.35400009155273 5.31599998474121 5.72499990463257 5.99300003051758 6.21199989318848 6.91300010681152 6.72700023651123 6.10300016403198 7.94799995422363 14.3009996414185 7.85400009155273 2.59299993515015 2.32699990272522 7.93400001525879 23.0189990997314 29.3589992523193 29.7900009155273 30.8980007171631 31.882999420166 33.3269996643066 34.1119995117188 33.6349983215332 32.7620010375977 31.8190002441406 31.2509994506836 29.2900009155273 28.6040000915527 20.3250007629395 13.3920001983643 5.63299989700317 0.351000010967255
27.3889999389648 27.1730003356934 25.367000579834 25.4300003051758 17.6940002441406 8.1230001449585 6.13500022888184 3.38100004196167 2.93400001525879 3.16300010681152 3.67499995231628 3.75300002098083 3.30399990081787 5.26700019836426 5.94399976730347 6.84700012207031 6.68800020217896 6.94000005722046 6.7480001449585 6.30399990081787 5.84200000762939 5.11600017547607 5.09200000762939 5.12599992752075 15.0459995269775 10.0880002975464 2.74699997901917 5.11100006103516 2.24799990653992 16.2029991149902 28.6459999084473 30.2900009155273 31.3299999237061 31.871000289917 33.0810012817383 33.6100006103516 33.2130012512207 32.4249992370605 31.9699993133545 30.761999130249 28.9680004119873 21.3840007781982 13.2629995346069 0.648000001907349 0.514999985694885 0.497999995946884
26.128999710083 26.0370006561279 24.7150001525879 11.0860004425049 3.6159999370575 4.67500019073486 5.00799989700317 2.92600011825562 2.29800009727478 2.67700004577637 3.48900008201599 4.16800022125244 4.16599988937378 5.02600002288818 6.05600023269653 6.73899984359741 7.53700017929077 7.95599985122681 8.25599956512451 8.65100002288818 7.54699993133545 6.64799976348877 7.83799982070923 13.3290004730225 15.0329999923706 3.49499988555908 8.35299968719482 15.8739995956421 11.076000213623 10.543999671936 27.2339992523193 29.0149993896484 30.3460006713867 31.2840003967285 32.1609992980957 32.4280014038086 32.1059989929199 31.9599990844727 31.496000289917 30.5319995880127 28.3719997406006 11.7779998779297 4.42899990081787 0.634999990463257 0.46399998664856 4.25899982452393
22.613000869751 25.003999710083 24.8349990844727 2.95799994468689 3.28800010681152 3.43300008773804 2.96399998664856 2.2720000743866 1.67999994754791 2.4909999370575 3.30299997329712 4.05399990081787 4.6269998550415 4.92500019073486 6.68499994277954 7.76000022888184 8.35200023651123 8.78499984741211 8.9060001373291 8.81099987030029 8.26299953460693 9.40999984741211 14.1499996185303 15.5769996643066 15.3210000991821 5.125 14.4340000152588 19.5610008239746 19.9150009155273 23.1340007781982 24.8320007324219 27.7719993591309 29.9050006866455 30.8080005645752 31.2469997406006 31.4570007324219 31.746000289917 31.6580009460449 31.1499996185303 29.8980007171631 26.3330001831055 11.456000328064 1.54900002479553 0.564000010490417 1.12100005149841 7.18300008773804
