02_asc_chm-r50m/BR212X.asc
NCOLS 200 
NROWS 200 
XLLCORNER 535455 
YLLCORNER 5282418 
CELLSIZE 0.5 
NODATA_value -3.4e+38 
[rows 120 to 139 of 200, columns 92 to 137 of 200]
2.63899993896484 2.1010000705719 3.35500001907349 9.02700042724609 14.0909996032715 15.4899997711182 16.8889999389648 18.4349994659424 22.9860000610352 30.6709995269775 32.1769981384277 31.4529991149902 31.0909996032715 32.0719985961914 34.0880012512207 34.1879997253418 33.5880012512207 32.0589981079102 30.2310009002686 30.1709995269775 27.4680004119873 21.746000289917 19.1340007781982 14.6820001602173 9.96500015258789 6.90100002288818 4.11899995803833 3.75799989700317 3.74799990653992 3.84200000762939 3.37800002098083 2.64199995994568 2.49600005149841 1.14499998092651 0.924000024795532 2.86899995803833 5.31899976730347 12.5380001068115 13.6820001602173 14.3470001220703 14.2170000076294 14.2270002365112 14.2200002670288 12.2980003356934 10.3570003509521 5.60699987411499
2.95600008964539 2.24300003051758 1.47000002861023 6.48600006103516 12.6789999008179 18.8729991912842 25.0669994354248 28.2210006713867 30.5459995269775 32.3460006713867 32.7159996032715 32.806999206543 31.2409992218018 30.0020008087158 32.2120018005371 33.5299987792969 32.3819999694824 30.2759990692139 29.7549991607666 30.6089992523193 29.4029998779297 25.0470008850098 19.8899993896484 15.6140003204346 12.5500001907349 9.48600006103516 6.4210000038147 5.11899995803833 4.86999988555908 5.0789999961853 4.81500005722046 3.42700004577637 2.8970000743866 1.2039999961853 1.03799998760223 0.896000027656555 5.75600004196167 12.8610000610352 15.2250003814697 15.5410003662109 15.6510000228882 15.2449998855591 14.9879999160767 15.1409997940063 15.1359996795654 6.62900018692017
3.43700003623962 2.28299999237061 1.62100005149841 1.39199995994568 5.14799976348877 11.3420000076294 19.0009994506836 27.6469993591309 28.6299991607666 31.1940002441406 33.2750015258789 33.9720001220703 31.9740009307861 29.2889995574951 31.2609996795654 31.4580001831055 29.8250007629395 30.0799999237061 28.9659996032715 30.0459995269775 27.6299991607666 24.6849994659424 20.9440002441406 17.2180004119873 13.4930000305176 9.76700019836426 6.04199981689453 5.78200006484985 5.81799983978271 5.97800016403198 5.96600008010864 5.56199979782104 4.12799978256226 3.30900001525879 3.04399991035461 2.51399993896484 12.0989999771118 13.125 15.076000213623 16.9389991760254 17.8309993743896 18.1180000305176 15.5670003890991 15.4700002670288 15.4829998016357 15.2650003433228
4.15500020980835 3.5699999332428 1.26999998092651 1.42400002479553 1.31400001049042 5.53599977493286 14.581000328064 23.6259994506836 28.8250007629395 30.4659996032715 32.7569999694824 33.4850006103516 32.431999206543 31.0610008239746 31.1919994354248 29.5209999084473 26.8810005187988 27.1119995117188 26.2140007019043 23.261999130249 20.3090000152588 17.9979991912842 16.2199993133545 14.4420003890991 12.6639995574951 7.68200016021729 5.77600002288818 5.86899995803833 6.30600023269653 6.65700006484985 6.55399990081787 6.08599996566772 6.34600019454956 5.85500001907349 7.21700000762939 10.7440004348755 15.0989999771118 16.1560001373291 17.8950004577637 19.8409996032715 18.6110000610352 19.0030002593994 17.1310005187988 15.9250001907349 15.6859998703003 15.3269996643066
4.54300022125244 3.79500007629395 1.34300005435944 3.73900008201599 2.83299994468689 12.3950004577637 13.7130002975464 19.0109996795654 25.0930004119873 32.8240013122559 33.9049987792969 33.8269996643066 32.8730010986328 31.8840007781982 30.738000869751 28.7339992523193 19.4370002746582 19.6669998168945 18.882999420166 15.9309997558594 13.5050001144409 11.7270002365112 9.94900035858154 8.17099952697754 6.39200019836426 5.26200008392334 5.35300016403198 5.07800006866455 5.9850001335144 6.5789999961853 6.80200004577637 4.73799991607666 9.74300003051758 11.0860004425049 15.0920000076294 18.9249992370605 18.867000579834 20.2560005187988 22.0820007324219 22.2339992523193 21.3549995422363 20.242000579834 19.0939998626709 17.0419998168945 16.4549999237061 15.4919996261597
4.34899997711182 2.93199992179871 1.62300002574921 7.05399990081787 15.1579999923706 18.9669990539551 17.4029998779297 20.5709991455078 25.6219997406006 31.201000213623 32.0250015258789 32.5730018615723 33.4819984436035 32.1599998474121 30.6660003662109 24.0219993591309 13.0880002975464 12.4069995880127 11.5520000457764 9.01200008392334 7.23400020599365 5.45599985122681 3.67700004577637 4.16699981689453 4.86199998855591 5.55800008773804 5.08500003814697 3.88299989700317 3.3989999294281 5.13199996948242 4.00299978256226 2.68400001525879 7.97700023651123 17.7000007629395 20.6240005493164 21.0149993896484 21.1580009460449 22.613000869751 22.7859992980957 22.6399993896484 22.0540008544922 21.1790008544922 20.5109996795654 18.7299995422363 16.7959995269775 16.3120002746582
3.26699995994568 2.3199999332428 1.65100002288818 5.01900005340576 13.9040002822876 10.3529996871948 5.24499988555908 17.2119998931885 28.1429996490479 30.3999996185303 29.8999996185303 30.5809993743896 31.8810005187988 30.6840000152588 29.431999206543 19.0970001220703 8.3769998550415 6.67799997329712 4.51900005340576 2.7409999370575 2.37599992752075 3.07200002670288 3.76699995994568 4.46299982070923 5.15799999237061 5.49300003051758 4.81799983978271 3.6159999370575 2.41300010681152 2.10599994659424 1.50800001621246 3.01399993896484 9.69200038909912 17.7329998016357 21.6919994354248 22.3129997253418 23.8990001678467 25.1620006561279 25.2479991912842 25.4759998321533 25.201000213623 24.6650009155273 21.9769992828369 20.2649993896484 18.826000213623 16.8540000915527
3.08100008964539 3.23900008201599 2.96000003814697 1.80099999904633 2.77099990844727 1.37600004673004 1.41600000858307 11.4969997406006 21.1319999694824 29.6280002593994 29.6089992523193 30.0370006561279 30.2740001678467 29.0139999389648 21.2889995574951 7.07999992370605 0.32600000500679 0.584999978542328 1.28100001811981 1.97699999809265 2.67199993133545 3.36800003051758 4.06300020217896 4.75899982452393 5.45499992370605 5.2020001411438 4.55100011825562 3.34800004959106 2.14599990844727 0.943000018596649 4.96199989318848 13.0340003967285 18.1870002746582 20.2000007629395 22.2140007019043 23.6860008239746 25.6159992218018 26.3530006408691 26.5639991760254 26.8379993438721 27.2700004577637 26.25 25.2609996795654 23.048999786377 20.5900001525879 17.2479991912842
3.87899994850159 4.21299982070923 3.96799993515015 2.92799997329712 2.1010000705719 1.22399997711182 3.39599990844727 11.4659996032715 19.5349998474121 26.0340003967285 26.9899997711182 26.9330005645752 25.5160007476807 17.6989994049072 9.05599975585938 3.83699989318848 0.521000027656555 0.814999997615814 1.57700002193451 2.27300000190735 2.96799993515015 3.66400003433228 4.35900020599365 5.05499982833862 5.52600002288818 4.91200017929077 4.28399991989136 3.08100008964539 1.87899994850159 2.40000009536743 6.70800018310547 16.0599994659424 18.8139991760254 20.7269992828369 22.3899993896484 23.7749996185303 26.2980003356934 27.4549999237061 27.7950000762939 27.8950004577637 27.5310001373291 25.6049995422363 24.9060001373291 24.4810009002686 22.1580009460449 20.8840007781982
4.43800020217896 4.92000007629395 4.43300008773804 3.59699988365173 2.28699994087219 1.33200001716614 5.38199996948242 12.5790004730225 17.0769996643066 18.306999206543 20.2830009460449 22.2560005187988 21.5809993743896 16.3619995117188 11.1429996490479 5.92399978637695 0.920000016689301 1.07000005245209 1.80999994277954 2.56900000572205 3.26399993896484 3.96000003814697 4.65500020980835 5.35099983215332 5.2350001335144 4.62099981307983 4.00699996948242 2.81399989128113 1.61099994182587 4.94999980926514 10.3850002288818 16.3910007476807 19.9580001831055 21.5799999237061 23.1070003509521 24.5109996795654 27.6140003204346 28.1849994659424 28.2180004119873 27.9440002441406 28.0669994354248 27.42799949646 25.4979991912842 24.2290000915527 23.0599994659424 21.9799995422363
4.02199983596802 4.67999982833862 4.27199983596802 3.57399988174438 2.70799994468689 2.18899989128113 5.45699977874756 8.14099979400635 12.3290004730225 15.7040004730225 18.2259998321533 19.5520000457764 18.8360004425049 17.818000793457 13.2299995422363 8.01099967956543 2.79200005531311 1.38199996948242 1.87199997901917 2.86500000953674 3.55999994277954 4.25600004196167 4.9520001411438 5.55800008773804 4.94399976730347 4.32999992370605 3.71600008010864 2.54699993133545 1.94099998474121 7.5 13.0579996109009 16.511999130249 20.5429992675781 22.4610004425049 23.5790004730225 24.6079998016357 28.3810005187988 28.6060009002686 29.0650005340576 28.5310001373291 28.3910007476807 26.798999786377 25.8619995117188 24.2630004882812 21.7800006866455 20.6490001678467
3.60599994659424 3.60400009155273 4.08900022506714 3.76699995994568 2.69400000572205 2.2960000038147 4.37599992752075 8.35200023651123 10.875 13.3970003128052 15.918999671936 16.9039993286133 15.9490003585815 14.9309997558594 13.9130001068115 10.0979995727539 4.87900018692017 1.73000001907349 2.02300000190735 3 3.85599994659424 4.55200004577637 5.2480001449585 5.26700019836426 4.65299987792969 4.03900003433228 3.42499995231628 2.27999997138977 4.49100017547607 10.0500001907349 14.8009996414185 16.0559997558594 18.0659999847412 20.4850006103516 23.1909999847412 24.125 27.0400009155273 29.1219997406006 29.2859992980957 29.0130004882812 27.8770008087158 26.4990005493164 25.6830005645752 23.076000213623 21.121000289917 19.7810001373291
2.23499989509583 3.25099992752075 3.57299995422363 3.17799997329712 2.56900000572205 2.01099991798401 3.52300000190735 6.04500007629395 8.56700038909912 11.0900001525879 13.6120004653931 14.0799999237061 13.0620002746582 12.043999671936 11.0260000228882 10.0080003738403 6.96700000762939 2.1159999370575 2.33999991416931 3.06200003623962 4.1269998550415 4.84800004959106 5.54400014877319 4.97599983215332 4.36199998855591 3.74799990653992 3.1340000629425 2.01200008392334 7.04099988937378 11.3330001831055 13.1630001068115 15.1929998397827 18.3129997253418 19.2549991607666 22.1180000305176 23.0389995574951 26.0030002593994 27.7569999694824 22.5470008850098 27.9379997253418 27.4750003814697 25.9349994659424 25.3150005340576 22.8640003204346 21.9330005645752 20.5659999847412
7.02799987792969 7.83400011062622 3.23000001907349 2.80999994277954 1.95899999141693 1.50800001621246 1.52499997615814 3.73799991607666 6.26000022888184 8.78299999237061 11.3050003051758 11.1940002441406 10.1759996414185 9.15799999237061 8.14000034332275 7.12200021743774 6.10400009155273 3.83500003814697 2.68799996376038 3.12400007247925 4.18900012969971 5.14400005340576 5.30000019073486 4.68499994277954 4.07100009918213 3.45700001716614 2.84299993515015 4.03299999237061 7.69999980926514 8.9379997253418 10.6330003738403 13.710000038147 17.7859992980957 21.4389991760254 23.0090007781982 23.0799999237061 21.8400001525879 17.0839996337891 6.55499982833862 14.5220003128052 22.5750007629395 25.0359992980957 24.5909996032715 22.5820007324219 22.5410003662109 20.3680000305176
17.6860008239746 15.7170000076294 3.34100008010864 2.125 1.46300005912781 1.18400001525879 1.20099997520447 1.43099999427795 3.95300006866455 6.47499990463257 8.73299980163574 8.30700016021729 7.28900003433228 6.27099990844727 5.25299978256226 4.2350001335144 3.21700000762939 2.64299988746643 3.96600008010864 5.13700008392334 5.375 5.78299999237061 4.87400007247925 4.30499982833862 3.73699998855591 3.16700005531311 2.55299997329712 3.52699995040894 4.76999998092651 6.02400016784668 8.23499965667725 12.2519998550415 16.1499996185303 16.125 21.3600006103516 19.5879993438721 16.5259990692139 10.3219995498657 2.15100002288818 2.7720000743866 4.40500020980835 21.326000213623 19.9930000305176 20.7600002288818 22.9689998626709 20.3610000610352
20.8780002593994 16.0139999389648 3.88100004196167 1.99800002574921 1.46599996089935 1.28900003433228 0.939000010490417 0.89300000667572 1.64600002765656 4.16800022125244 6.09200000762939 5.42000007629395 4.40199995040894 3.3840000629425 2.3659999370575 1.95000004768372 2.64400005340576 3.92000007629395 6.85799980163574 7.33400011062622 6.7519998550415 6.26800012588501 4.87099981307983 3.76500010490417 3.50099992752075 3.13199996948242 4.17600011825562 4.21700000762939 3.1340000629425 3.10899996757507 6.62900018692017 10.3489999771118 12.7670001983643 5.79899978637695 1.94099998474121 11.7829999923706 9.38700008392334 2.59699988365173 2.20300006866455 2.49799990653992 4.30299997329712 10.3870000839233 13.8090000152588 15.4029998779297 20.9619998931885 23.6079998016357
21.9680004119873 17.3819999694824 5.98400020599365 1.72899997234344 1.65100002288818 1.34200000762939 1.1690000295639 0.818000018596649 0.586000025272369 1.86099994182587 3.55200004577637 2.53399991989136 1.51600003242493 1.29299998283386 1.57400000095367 2.64499998092651 3.9210000038147 5.78800010681152 7.46000003814697 8.49899959564209 8.10200023651123 6.95800018310547 4.97900009155273 3.85800004005432 3.53200006484985 4.36499977111816 5.71000003814697 6.35699987411499 4.29199981689453 3.21600008010864 4.5479998588562 8.26700019836426 5.9229998588562 1.02300000190735 1.48800003528595 1.56200003623962 2.28200006484985 2.28999996185303 2.05699992179871 2.33100008964539 4.35300016403198 15.548999786377 17.6429996490479 14.8819999694824 20.5699996948242 24.2940006256104
22.757999420166 14.8959999084473 3.06900000572205 1.94700002670288 1.35500001907349 0.925000011920929 0.810000002384186 0.694999992847443 0.560999989509583 0.34799998998642 0.665000021457672 0.635999977588654 0.916999995708466 1.37000000476837 2.75 4.66099977493286 6.44199991226196 7.51700019836426 8.56900024414062 7.89099979400635 7.27600002288818 5.42600011825562 3.47900009155273 3.9760000705719 4.1100001335144 5.80900001525879 7.32399988174438 7.78599977493286 7.16499996185303 5.20100021362305 4.86399984359741 6.0460000038147 2.71700000762939 1.90400004386902 2.46399998664856 1.35000002384186 2.33500003814697 2.22199988365173 1.84200000762939 4.03800010681152 5.26399993896484 20.431999206543 19.9769992828369 20.6049995422363 24.5109996795654 23.8799991607666
26.0499992370605 6.14099979400635 2.65700006484985 1.9889999628067 1.11199998855591 0.583000004291534 0.490000009536743 0.398000001907349 0.305000007152557 0.305000007152557 0.483000010251999 0.541000008583069 1.54700005054474 2.62199997901917 3.68899989128113 4.71600008010864 5.74300003051758 6.76900005340576 6.46500015258789 5.34800004959106 4.48799991607666 2.84100008010864 2.36999988555908 4.25 5.42999982833862 7.35699987411499 8.37899971008301 9.00100040435791 8.49100017547607 7.08699989318848 5.2649998664856 5.29500007629395 2.3199999332428 2.88000011444092 3.44000005722046 2.72399997711182 3.00399994850159 3.91700005531311 6.86700010299683 17.1219997406006 21.7290000915527 21.9629993438721 21.4160003662109 21.5090007781982 25.9720001220703 24.9769992828369
17.6469993591309 7.18100023269653 5.55200004577637 6.04699993133545 7.2979998588562 1.01199996471405 0.430000007152557 0.337999999523163 0.266000002622604 0.444999992847443 0.52700001001358 0.537000000476837 0.448000013828278 1.36199998855591 2.38899993896484 3.41499996185303 4.44199991226196 4.52600002288818 3.76600003242493 3.40799999237061 3.36500000953674 2.91300010681152 4.10300016403198 5.47800016403198 6.35799980163574 7.86899995803833 9.43200016021729 9.81900024414062 9.32600021362305 6.90000009536743 5.50899982452393 4.85300016403198 3.11899995803833 2.37299990653992 3.48900008201599 4.07299995422363 4.86199998855591 4.65299987792969 6.15299987792969 16.4950008392334 22.4899997711182 23.0699996948242 22.5610008239746 22.3990001678467 26.306999206543 27.5340003967285
