02_asc_chm-r50m/BR21X2.asc
NCOLS 200 
NROWS 200 
XLLCORNER 535859.5 
YLLCORNER 5282712.5 
CELLSIZE 0.5 
NODATA_value -3.4e+38 
[rows 80 to 99 of 200, columns 138 to 183 of 200]
26.8110008239746 21.7350006103516 24.2520008087158 24.1310005187988 27.6119995117188 30.5359992980957 31.9629993438721 34.2900009155273 36.3470001220703 37.451000213623 37.8569984436035 38.0579986572266 37.8959999084473 37.0979995727539 35.435001373291 33.7120018005371 32.8289985656738 30.5060005187988 29.3349990844727 25.9810009002686 19.8610000610352 13.4289999008179 5.5479998588562 4.54400014877319 6.30000019073486 9.52999973297119 12.826000213623 16.1219997406006 19.4179992675781 22.2970008850098 24.5289993286133 26.701000213623 26.8050003051758 28.3490009307861 28.5659999847412 31.0590000152588 32.4930000305176 33.2849998474121 33.0919990539551 32.9529991149902 30.3400001525879 29.6590003967285 29.9610004425049 31.0240001678467 30.9599990844727 30.9290008544922
20.443000793457 17.6770000457764 18.2099990844727 22.1410007476807 26.07200050354 27.7469997406006 30.5599994659424 32.9780006408691 36.1269989013672 36.7630004882812 37.3279991149902 37.5989990234375 37.125 36.201000213623 34.7529983520508 32.685001373291 32.314998626709 31.5030002593994 27.7140007019043 21.5939998626709 15.7119998931885 9.91199970245361 4.11199998855591 1.87300002574921 3.8989999294281 6.13000011444092 8.36200046539307 10.5939998626709 12.826000213623 15.0570001602173 17.2889995574951 25.6180000305176 24.9629993438721 19.0669994354248 19.2569999694824 28.8269996643066 29.7210006713867 30.9839992523193 32.7760009765625 32.7290000915527 29.2639999389648 28.9699993133545 28.9340000152588 29.5189990997314 29.7929992675781 29.9950008392334
17.875 21.4290008544922 23.2080001831055 25.07200050354 27.7590007781982 27.6830005645752 28.996000289917 30.9759998321533 33.2799987792969 35.0470008850098 36.4070014953613 36.8279991149902 36.2430000305176 34.4539985656738 34.3580017089844 32.685001373291 32.0110015869141 31.9640007019043 29.0699996948242 21.3050003051758 14.9479999542236 9.14799976348877 3.34800004959106 1.47099995613098 1.43700003623962 1.40299999713898 1.36800003051758 3.35500001907349 5.58599996566772 7.81799983978271 10.0500001907349 19.238000869751 20.9589996337891 22.2759990692139 23.1259994506836 25.0820007324219 24.9190006256104 28.3680000305176 32.2830009460449 32.3170013427734 29.2490005493164 28.2830009460449 28.7089996337891 28.8250007629395 28.8379993438721 29.3020000457764
14.7810001373291 18.3360004425049 21.8899993896484 25.5240001678467 27.7299995422363 27.5060005187988 27.1490001678467 29.9389991760254 31.8269996643066 34.7729988098145 34.9780006408691 34.7449989318848 35.2410011291504 34.2039985656738 34.1100006103516 33.2480010986328 31.7180004119873 28.9759998321533 4.86399984359741 6.45300006866455 15.4390001296997 8.38399982452393 2.58400011062622 1.04799997806549 1.01400005817413 0.980000019073486 0.945999979972839 0.912000000476837 0.878000020980835 0.843999981880188 2.81100010871887 11.3179998397827 14.9840002059937 21.632999420166 23.2210006713867 23.0690002441406 21.8589992523193 23.9580001831055 26.451000213623 28.492000579834 26.8059997558594 26.2709999084473 27.6079998016357 27.8509998321533 28.0599994659424 28.0009994506836
11.6870002746582 15.2419996261597 18.9610004425049 23.0750007629395 27.1879997253418 27.4720001220703 28.076000213623 30.2490005493164 32.3199996948242 32.9230003356934 33.4059982299805 33.6629981994629 33.9710006713867 33.5589981079102 33.2190017700195 32.2569999694824 29.8500003814697 27.1270008087158 16.8099994659424 11.0069999694824 5.2039999961853 1.33500003814697 0.649999976158142 0.625999987125397 0.592000007629395 0.558000028133392 0.573000013828278 0.587999999523163 0.603999972343445 0.620000004768372 0.634999990463257 0.691999971866608 6.92000007629395 17.2469997406006 22.1809997558594 22.3229999542236 22.2070007324219 19.4729995727539 17.6979999542236 20.3600006103516 22.2299995422363 25.1940002441406 26.1270008087158 25.4300003051758 26.1089992523193 26.9220008850098
9.26700019836426 12.3979997634888 16.511999130249 20.2609996795654 24.0109996795654 26.7970008850098 29.1760005950928 29.0729999542236 31.8980007171631 31.9169998168945 32.5820007324219 32.8110008239746 32.6180000305176 32.1419982910156 32.1119995117188 26.9340000152588 26.7259998321533 26.4650001525879 23.5310001373291 17.3819999694824 11.2340002059937 5.38500022888184 1.92400002479553 1.46000003814697 1.03799998760223 0.61599999666214 0.474999994039536 0.472000002861023 0.474000006914139 0.474999994039536 0.476000010967255 0.458999991416931 3.03999996185303 11.548999786377 20.9549999237061 20.0419998168945 22.9200000762939 20.7789993286133 15.1219997406006 15.8009996414185 18.9850006103516 23.9629993438721 25.25 25.4500007629395 25.6140003204346 26.1410007476807
8.94799995422363 11.371000289917 14.2589998245239 17.1469993591309 20.0349998474121 26.2770004272461 29.1340007781982 28.9680004119873 29.6399993896484 28.8139991760254 29.9519996643066 30.3439998626709 29.8129997253418 29.6399993896484 29 26.2649993896484 25.3330001831055 24.996000289917 20.6459999084473 15.5089998245239 10.3730001449585 6.54699993133545 5.11499977111816 4.05700016021729 3.63499999046326 3.21300005912781 2.79099988937378 2.36899995803833 1.94700002670288 1.52499997615814 0.925999999046326 1.99800002574921 6.90700006484985 11.2410001754761 15.5389995574951 22.4810009002686 22.6560001373291 22.4899997711182 20.0690002441406 17.6490001678467 19.7490005493164 24.7049999237061 24.8050003051758 25.0860004425049 25.3659992218018 24.9200000762939
10.3409996032715 12.2709999084473 13.5740003585815 15.9169998168945 18.8050003051758 23.2549991607666 28.5729999542236 28.7630004882812 28.3729991912842 27.8279991149902 27.3500003814697 26.4580001831055 26.503999710083 26.3850002288818 26.6940002441406 26.30299949646 25.6840000152588 24.4930000305176 20.4969997406006 15.3599996566772 11.5590000152588 9.07999992370605 7.73799991607666 6.65399980545044 6.23199987411499 5.80999994277954 5.38800001144409 4.96600008010864 4.54400014877319 3.87700009346008 2.90100002288818 2.99300003051758 7.34499979019165 12.253999710083 17.1639995574951 21.0259990692139 22.8980007171631 23.2560005187988 21.9179992675781 19.4969997406006 19.4850006103516 23.5799999237061 23.6149997711182 23.8950004577637 23.6749992370605 22.7070007324219
11.7189998626709 13.7779998779297 15.5939998626709 16.8969993591309 18.2000007629395 20.4619998931885 25.6849994659424 26.3190002441406 27.1650009155273 26.4409999847412 25.9020004272461 25.5659999847412 27.0160007476807 27.4619998931885 28.3330001831055 28.0109996795654 25.4200000762939 23.8610000610352 20.3470001220703 16.5699996948242 14.0909996032715 11.6120004653931 10.298999786377 9.2519998550415 8.82900047302246 8.4069995880127 7.9850001335144 7.56300020217896 6.82800006866455 4.80200004577637 4.91599988937378 5.04699993133545 7.78399991989136 12.6929998397827 17.6019992828369 19.2660007476807 23.181999206543 23.5219993591309 23.6889991760254 21.3460006713867 19.2210006713867 22.4549999237061 22.423999786377 22.7019996643066 21.9440002441406 22.2810001373291
13.3190002441406 15.0590000152588 17.2150001525879 18.9179992675781 20.2199993133545 21.5230007171631 24.0659999847412 25.4230003356934 26.1730003356934 26.7910003662109 28.7329998016357 29.6159992218018 29.7070007324219 28.9619998931885 28.8360004425049 28.3540000915527 26.7310009002686 23.4610004425049 21.5820007324219 19.1030006408691 16.6240005493164 14.6870002746582 12.8599996566772 11.8489999771118 11.4270000457764 11.003999710083 10.5819997787476 9.7790002822876 7.75299978256226 6.80000019073486 6.93100023269653 7.06199979782104 8.22200012207031 13.1309995651245 15.2819995880127 17.5200004577637 22.8920001983643 23.7889995574951 24.0860004425049 23.117000579834 20.7740001678467 21.3299999237061 21.2520008087158 21.2029991149902 21.9689998626709 23.0069999694824
15.1770000457764 16.826000213623 18.4750003814697 20.6520004272461 22.2409992218018 23.80299949646 25.2520008087158 27.5510005950928 27.3129997253418 28.5130004882812 30.6889991760254 31.3439998626709 31.2980003356934 29.4599990844727 28.3229999542236 27.7889995574951 26.1340007781982 21.9349994659424 22.9109992980957 21.6359996795654 19.1560001373291 17.2870006561279 15.4209995269775 14.4460000991821 14.0240001678467 13.6020002365112 12.7299995422363 10.7040004730225 8.68299961090088 8.8149995803833 8.94600009918213 9.07800006866455 9.20899963378906 12.8599996566772 11.8950004577637 15.7749996185303 21.1459999084473 24.1149997711182 24.4130001068115 24.5259990692139 22.0470008850098 20.8780002593994 20.9130001068115 22.4580001831055 23.496000289917 23.7450008392334
17.0349998474121 18.6840000152588 20.3330001831055 21.9820003509521 24.0380001068115 25.1030006408691 25.82200050354 28.9120006561279 29.1690006256104 29.9540004730225 30.693000793457 30.8929996490479 30.5790004730225 29.1100006103516 28.1089992523193 28.1049995422363 26.4139995574951 21.7199993133545 22.55299949646 24.1310005187988 21.6889991760254 19.8470001220703 17.9810009002686 17.0429992675781 16.621000289917 15.6809997558594 13.6549997329712 11.628999710083 10.6990003585815 10.8299999237061 10.9610004425049 11.0930004119873 10.0620002746582 9.53800010681152 8.6569995880127 14.0290002822876 19.3999996185303 24.4479999542236 24.7159996032715 25.2049999237061 24.3349990844727 21.0170001983643 22.7689990997314 23.8269996643066 24.306999206543 23.576000213623
18.8929996490479 20.5419998168945 22.1909999847412 23.8400001525879 25.488000869751 24.9909992218018 25.1319999694824 28.8980007171631 30.0149993896484 30.2859992980957 30.3850002288818 30.4440002441406 30.2789993286133 29.3810005187988 29.2520008087158 28.7450008392334 25.878999710083 22.9340000152588 24.0109996795654 24.7980003356934 24.2590007781982 22.4080009460449 20.5419998168945 19.6399993896484 18.6319999694824 16.6060009002686 14.5799999237061 12.5819997787476 12.71399974823 12.8450002670288 12.9409999847412 10.9879999160767 9.64500045776367 7.31899976730347 6.91099977493286 12.2829999923706 17.6539993286133 23.0259990692139 25.5849990844727 26.4309997558594 26.5590000152588 26.1529998779297 25.0949993133545 24.5090007781982 24.0890007019043 23.4069995880127
20.7509994506836 22.3999996185303 24.0480003356934 25.69700050354 25.1870002746582 24.0729999542236 23.5209999084473 24.6070003509521 28.8939990997314 30.6399993896484 30.5939998626709 30.0499992370605 29.9489994049072 29.2080001831055 29.3059997558594 29.3299999237061 26.1359996795654 24.6439990997314 25.0310001373291 25.2700004577637 25.6529998779297 24.5279998779297 23.1030006408691 21.5830001831055 19.556999206543 17.5310001373291 15.5050001144409 14.5979995727539 14.7290000915527 13.8669996261597 11.9139995574951 10.2299995422363 10.1800003051758 9.15799999237061 13.0559997558594 18.5450000762939 21.4360008239746 23.5459995269775 25.988000869751 26.8199996948242 27.0820007324219 26.4629993438721 25.4799995422363 24.7800006866455 23.9080009460449 22.9309997558594
22.6079998016357 24.2569999694824 25.9060001373291 26.2029991149902 24.8619995117188 23.5219993591309 22.9570007324219 23.1439990997314 25.5990009307861 30.003999710083 29.9780006408691 29.2740001678467 29.136999130249 29.0620002746582 29.1709995269775 29.17799949646 27.1690006256104 25.5739994049072 25.80299949646 26.5709991455078 26.5580005645752 25.5779991149902 23.2849998474121 22.2019996643066 20.4820003509521 18.4559993743896 16.4810009002686 16.613000869751 14.7930002212524 13.5069999694824 12.2829999923706 12.5080003738403 12.871000289917 13.0419998168945 18.2199993133545 20.8729991912842 21.0300006866455 21.2950000762939 18.6949996948242 27.4309997558594 28.1319999694824 28.4930000305176 25.6720008850098 25.0860004425049 24.0739994049072 22.8729991912842
24.4659996032715 26.1149997711182 27.2189998626709 25.8780002593994 24.5380001068115 23.3819999694824 22.9969997406006 23.2630004882812 24.0259990692139 26.496000289917 28.1730003356934 28.0259990692139 28.42799949646 29.1110000610352 29.2290000915527 29.238000869751 29.2770004272461 28.1280002593994 28.5219993591309 28.556999206543 28.2749996185303 26.9360008239746 20.4090003967285 20.2889995574951 20.0659999847412 19.2189998626709 17.9689998626709 16.7840003967285 15.5590000152588 14.4729995727539 14.8360004425049 15.1979999542236 15.5609998703003 15.9549999237061 17.9820003509521 19.996000289917 22.5729999542236 19.7409992218018 10.8109998703003 17.82200050354 26.7819995880127 29.6669998168945 28.5960006713867 26.8850002288818 26.4069995880127 24.0510005950928
26.3239994049072 27.9729995727539 26.8939990997314 25.701000213623 24.9669990539551 23.0979995727539 23.1800003051758 23.8290004730225 23.2089996337891 23.1189994812012 24.9969997406006 27.5279998779297 27.8010005950928 29.5499992370605 29.8050003051758 31.0189990997314 30.943000793457 30.8360004425049 29.8659992218018 29.5480003356934 29.0699996948242 25.6009998321533 21.4200000762939 19.7019996643066 19.4220008850098 19.0949993133545 18.7479991912842 17.6119995117188 16.8010005950928 17.1639995574951 17.5259990692139 17.8850002288818 17.9979991912842 18.4680004119873 19.4139995574951 22.6919994354248 26.9610004425049 28.3299999237061 25.2530002593994 29.3269996643066 31.3339996337891 31.2390003204346 30.3390007019043 28.4610004425049 27.9599990844727 26.1420001983643
28.181999206543 28.0209999084473 27.2859992980957 26.4909992218018 24.3850002288818 23.3369998931885 25.1630001068115 24.6380004882812 22.2940006256104 22.6459999084473 24.8360004425049 27.5200004577637 29.3250007629395 30.1280002593994 30.1200008392334 30.5100002288818 32.3520011901855 32.3880004882812 31.9169998168945 30.6019992828369 29.5429992675781 28.3509998321533 26.6749992370605 26.0450000762939 20.7199993133545 19.3339996337891 19.1060009002686 18.9500007629395 19.0620002746582 19.1749992370605 19.2870006561279 19.3999996185303 19.5130004882812 22.1350002288818 23.7980003356934 26.2889995574951 29.5209999084473 31.0909996032715 31.2310009002686 32.3040008544922 32.5340003967285 31.9939994812012 30.6529998779297 28.3369998931885 28.1520004272461 25.6420001983643
29.4309997558594 28.8689994812012 27.9139995574951 25.8080005645752 23.7019996643066 24.7320003509521 27.1119995117188 23.5 21.378999710083 20.57200050354 22.3689994812012 26.8889999389648 29.0200004577637 29.4290008544922 30.3349990844727 31.7240009307861 32.6539993286133 33.0919990539551 32.5219993591309 31.2670001983643 29.9449996948242 28.8439998626709 28.4769992828369 28.5200004577637 22.7520008087158 20.6229991912842 21.5860004425049 20.4769992828369 20.5510005950928 20.6900005340576 20.80299949646 20.9150009155273 22.8759994506836 24.7110004425049 26.6480007171631 28.3400001525879 29.9400005340576 31.6529998779297 32.2070007324219 32.9799995422363 33.2150001525879 32.1129989624023 30.7830009460449 28.5890007019043 28.4570007324219 25.7600002288818
29.8209991455078 29.0170001983643 28.9020004272461 25.125 24.3010005950928 27.1089992523193 27 22.3619995117188 20.4640007019043 17.3880004882812 18.9559993743896 22.5650005340576 26.2819995880127 29.0049991607666 30.5160007476807 32.2190017700195 33.1389999389648 33.4650001525879 32.7109985351562 31.4689998626709 30.8349990844727 29.5230007171631 28.6450004577637 28.326000213623 27.0090007781982 24.25 24.7639999389648 22.0650005340576 22 22.1399993896484 22.3099994659424 22.8759994506836 23.0970001220703 26.0069999694824 27.4270000457764 28.8110008239746 29.7709999084473 31.7210006713867 32.265998840332 32.6749992370605 32.8079986572266 31.1709995269775 30.2329998016357 28.9890003204346 28.4890003204346 26.6529998779297
