02_asc_chm-r50m/BR212X.asc
NCOLS 200 
NROWS 200 
XLLCORNER 535455 
YLLCORNER 5282418 
CELLSIZE 0.5 
NODATA_value -3.4e+38 
[rows 60 to 79 of 200, columns 92 to 137 of 200]
2.9760000705719 3.29900002479553 2.45199990272522 7.34999990463257 12.9949998855591 18.0459995269775 14.5220003128052 14.4849996566772 21.0160007476807 23.5330009460449 24.5259990692139 24.9099998474121 27.0289993286133 28.1439990997314 30.132999420166 31.1609992980957 31.1630001068115 30.6949996948242 29.8990001678467 28.1889991760254 27.9559993743896 26.6539993286133 24.2159996032715 21.3700008392334 18.5620002746582 17.2269992828369 12.9700002670288 9.71599960327148 7.16400003433228 4.61299991607666 2.06100010871887 1.9190000295639 2.99600005149841 3.73000001907349 4.95499992370605 5.65700006484985 14.1330003738403 15.7089996337891 16.8659992218018 14.6199998855591 17.3199996948242 12.5299997329712 8.37600040435791 7.14699983596802 5.96199989318848 4.77699995040894
2.59699988365173 2.64499998092651 2.26399993896484 1.61899995803833 8.40499973297119 8.19999980926514 11.6319999694824 13.3920001983643 16.2059993743896 23.193000793457 24.9050006866455 25.2779998779297 27.9529991149902 28.0769996643066 27.9360008239746 30.07200050354 30.238000869751 29.7900009155273 27.8139991760254 27.2849998474121 27.4559993743896 26.1919994354248 25.3299999237061 20.8910007476807 19.0860004425049 16.3680000305176 13.8159999847412 11.1759996414185 8.49100017547607 5.80700016021729 3.12199997901917 2.18899989128113 2.99900007247925 3.26099991798401 4.92700004577637 5.21500015258789 4.70499992370605 8.14299964904785 7.45699977874756 2.23300004005432 3.55800008773804 4.66599988937378 2.29099988937378 1.10599994659424 0.943000018596649 1.37800002098083
2.67000007629395 2.57200002670288 1.90900003910065 1.24600005149841 5.39799976348877 8.63000011444092 11.076000213623 13.5209999084473 15.7229995727539 19.6319999694824 23.0809993743896 24.4500007629395 26.3099994659424 27.4500007629395 27.3850002288818 29.0230007171631 28.9610004425049 27.8519992828369 26.2430000305176 26.1560001373291 25.5219993591309 23.4080009460449 20.7770004272461 18.5410003662109 17.3950004577637 15.3739995956421 13.2659997940063 10.8879995346069 8.20300006866455 5.51900005340576 2.83400011062622 2.46900010108948 2.87599992752075 2.69400000572205 3.68799996376038 4.49200010299683 4.19399976730347 4.00299978256226 2.73200011253357 1.43700003623962 0.814999997615814 0.293000012636185 0.386000007390976 0.836000025272369 1.31099998950958 1.78699994087219
3.17899990081787 2.79200005531311 1.95299994945526 2.88899993896484 5.62900018692017 8.07400035858154 10.5200004577637 12.9650001525879 15.41100025177 17.6909999847412 19.1450004577637 20.628999710083 22.6959991455078 25.1030006408691 25.193000793457 26.5 26.5060005187988 27.0520000457764 25.7639999389648 25.0200004577637 23.3770008087158 23.1310005187988 19.2590007781982 18.511999130249 15.9940004348755 16.507999420166 12.9799995422363 9.54199981689453 7.55900001525879 5.23000001907349 2.5460000038147 2.31900000572205 2.45000004768372 2.52900004386902 3.27600002288818 3.54699993133545 3.07500004768372 3.12100005149841 2.65499997138977 1.67299997806549 0.688000023365021 0.919000029563904 1.15799999237061 1.40199995040894 1.85800004005432 2.33400011062622
4.09299993515015 2.74900007247925 2.1489999294281 3.18199992179871 5.57100009918213 7.96000003814697 10.3479995727539 12.7370004653931 15.3610000610352 17.4130001068115 17.7399997711182 17.9939994812012 19.5279998779297 21.6849994659424 21.9260005950928 24.3560009002686 23.5709991455078 25.4120006561279 25.8150005340576 24.3129997253418 22.0450000762939 21.0790004730225 19.6350002288818 17.0849990844727 14.5920000076294 16.4979991912842 14.1140003204346 10.5860004425049 7.05800008773804 3.93899989128113 1.85199999809265 1.76699995994568 1.86699998378754 2.11299991607666 2.24900007247925 2.62199997901917 2.74000000953674 2.69099998474121 2.36199998855591 1.38199996948242 1.28100001811981 1.5460000038147 1.89499998092651 2.18099999427795 2.41700005531311 2.60500001907349
5.63199996948242 3.7960000038147 0.994000017642975 3.07500004768372 5.54500007629395 8.56700038909912 11.5900001525879 14.6120004653931 15.3059997558594 15.996000289917 16.6870002746582 16.378999710083 16.8899993896484 20.5429992675781 20.1049995422363 19.7310009002686 20.2180004119873 22.3330001831055 22.576000213623 21.1270008087158 19.5289993286133 19.4570007324219 18.1760005950928 15.6829996109009 13.1899995803833 14.8870000839233 15.2480001449585 11.7200002670288 8.19200038909912 4.66400003433228 2.33100008964539 4.05499982833862 3.50999999046326 3.01500010490417 2.03099989891052 2.1340000629425 2.26999998092651 2.31299996376038 2.16499996185303 1.25199997425079 2.08200001716614 2.17199993133545 2.63199996948242 2.96099996566772 3.07100009918213 2.86100006103516
7.63500022888184 5.08500003814697 1.77300000190735 4.7960000038147 7.81799983978271 10.8409996032715 12.5089998245239 13.1990003585815 13.8889999389648 14.5790004730225 15.2700004577637 15.8420000076294 15.3540000915527 17.5429992675781 18.4540004730225 18.6450004577637 19.0160007476807 19.4890003204346 18.9109992980957 18.3859996795654 16.3880004882812 15.3210000991821 16.2980003356934 14.2810001373291 11.7889995574951 13.2760000228882 16.3819999694824 12.8540000915527 9.32600021362305 10.9390001296997 6.01599979400635 6.58699989318848 5.78499984741211 5.66300010681152 4.86199998855591 3.96099996566772 3.91499996185303 2.36199998855591 2.37400007247925 2.56800007820129 2.58400011062622 2.65400004386902 3.1029999256134 3.78099989891052 3.32800006866455 3.08100008964539
9.30399990081787 7.80200004577637 4.43499994277954 7.06899976730347 9.71199989318848 10.4020004272461 11.0920000076294 11.7819995880127 12.4720001220703 13.1639995574951 13.9180002212524 14.8760004043579 15.5080003738403 15.6569995880127 16.681999206543 17.0009994506836 17.5419998168945 18.0820007324219 17.9839992523193 18.2980003356934 16.943000793457 14.4549999237061 11.8020000457764 11.4879999160767 10.3870000839233 11.6660003662109 16.0020008087158 14.1350002288818 16.6889991760254 11.3610000610352 9.70100021362305 8.89599990844727 7.65999984741211 8.3120002746582 8.05200004577637 7.59000015258789 6.98600006103516 7.77199983596802 11.6899995803833 3.34100008010864 7.56099987030029 12.1999998092651 9.39900016784668 3.59599995613098 7.46000003814697 3.10700011253357
8.57800006866455 7.84000015258789 7.13399982452393 7.63399982452393 8.38899993896484 9.14299964904785 9.89799976348877 10.6529998779297 11.4069995880127 12.1619997024536 13.5069999694824 15.3210000991821 16.3279991149902 16.3099994659424 16.2369995117188 17.0450000762939 17.363000869751 17.9029998779297 15.2180004119873 15.1780004501343 17.4969997406006 15.2950000762939 11.9879999160767 10.7130002975464 10.9359998703003 15.0129995346069 19.6340007781982 21.1529998779297 22.2329998016357 17.1359996795654 10.9759998321533 11.3929996490479 9.53400039672852 10.960000038147 11.460000038147 11.2430000305176 13.2600002288818 18.3640003204346 19.7269992828369 13.6669998168945 15.8299999237061 20.068000793457 20.4020004272461 15.3380002975464 17.1730003356934 11.7819995880127
6.95599985122681 6.44099998474121 5.67000007629395 6.63199996948242 7.38700008392334 8.14099979400635 8.89599990844727 9.65100002288818 10.4049997329712 12.1389999389648 13.9530000686646 15.7670001983643 16.882999420166 17.0809993743896 16.8920001983643 16.8169994354248 17.2220001220703 17.7240009307861 12.4519996643066 11.0769996643066 15.6049995422363 16.1359996795654 12.2180004119873 10.8140001296997 16.9990005493164 20.8540000915527 23.1620006561279 23.2830009460449 23.0240001678467 22.8899993896484 11.8420000076294 13.3830003738403 12.951000213623 14.1789999008179 13.1149997711182 12.8210000991821 12.9980001449585 8.54399967193604 13.3889999389648 20.4260005950928 21.4610004425049 22.1499996185303 24.6509990692139 25.0480003356934 24.5160007476807 22.5970001220703
4.32499980926514 4.88199996948242 4.6560001373291 5.63000011444092 6.38500022888184 7.1399998664856 7.89400005340576 8.95600032806396 10.7700004577637 12.5839996337891 14.3979997634888 16.2119998931885 17.3460006713867 17.9009990692139 17.8850002288818 17.4570007324219 17.3850002288818 17.5450000762939 11.206000328064 9.19499969482422 14.6260004043579 17.3349990844727 16.882999420166 14.7950000762939 18.4020004272461 21.6630001068115 23.1439990997314 23.0939998626709 22.9099998474121 22.8099994659424 22.1149997711182 19.4360008239746 17.9650001525879 15.2700004577637 14.701000213623 20.8239994049072 20.1280002593994 13.4469995498657 20.6270008087158 20.8229999542236 22.193000793457 24.7630004882812 26.0139999389648 26.5230007171631 26.4400005340576 24.8579998016357
1.61600005626678 2.72199988365173 3.66599988937378 4.62799978256226 5.38299989700317 6.13800001144409 7.58699989318848 9.40100002288818 11.2150001525879 13.0290002822876 14.8430004119873 16.6569995880127 17.8080005645752 18.568000793457 18.871000289917 18.4500007629395 18.0219993591309 19.7430000305176 15.335000038147 13.8190002441406 23.2049999237061 21.6450004577637 22.3040008544922 20.8110008239746 19.1580009460449 22.9750003814697 23.2269992828369 23.19700050354 23.0499992370605 22.8740005493164 22.3059997558594 20.621000289917 20.0919990539551 17.4050006866455 15.9440002441406 22.1979999542236 25.2040004730225 24.6180000305176 22.4349994659424 24.5130004882812 26.548999786377 25.628999710083 27.4500007629395 27.9389991760254 25.6800003051758 23.4740009307861
1.2059999704361 1.02799999713898 2.67499995231628 3.62700009346008 4.40500020980835 6.2189998626709 8.03299999237061 9.84700012207031 11.66100025177 13.4750003814697 15.2880001068115 17.1019992828369 18.2709999084473 19.0300006866455 19.5109996795654 19.443000793457 20.8150005340576 21.4340000152588 22.0690002441406 24.3229999542236 25.6429996490479 25.6280002593994 25.0319995880127 22.1870002746582 22.2240009307861 23.6860008239746 25.07200050354 24.9599990844727 23.4379997253418 23.4060001373291 23.6189994812012 23.1889991760254 22.4860000610352 19.7059993743896 17.8519992828369 23.0170001983643 25.8190002441406 25.7049999237061 26.9610004425049 28.9080009460449 29.6310005187988 29.2150001525879 29.9160003662109 29.6609992980957 26.423999786377 24.1140003204346
2.1949999332428 1.78299999237061 1.68499994277954 3.03600001335144 4.84999990463257 6.66400003433228 8.47799968719482 10.2919998168945 12.1059999465942 13.9200000762939 15.7340002059937 17.5480003356934 18.7339992523193 19.4930000305176 20.2530002593994 20.4360008239746 25.3810005187988 26.6060009002686 26.9459991455078 26.2199993133545 26.9659996032715 27.5799999237061 27.068000793457 25.5300006866455 25.5520000457764 25.3680000305176 26.1749992370605 25.9090003967285 25.1450004577637 23.5149993896484 23.8959999084473 24.2129993438721 24.4680004119873 24.5330009460449 20.5939998626709 25.1100006103516 26.9160003662109 27.3129997253418 29.0520000457764 30.2059993743896 30.4540004730225 30.3759994506836 30.0729999542236 29.8770008087158 28.496000289917 26.4759998321533
2.75399994850159 2.2590000629425 1.692999958992 3.78600001335144 5.47200012207031 7.10900020599365 8.92300033569336 10.7370004653931 12.5509996414185 14.3649997711182 16.1790008544922 17.9930000305176 19.1979999542236 19.9549999237061 20.7150001525879 21.1959991455078 27.2210006713867 29.8229999542236 29.5620002746582 28.8640003204346 28.6959991455078 31.8439998626709 31.7929992675781 28.7530002593994 27.1720008850098 26.3560009002686 26.7700004577637 27.0970001220703 26.5949993133545 25.7000007629395 26.1749992370605 25.4580001831055 24.6529998779297 24.6550006866455 25.3640003204346 26.7889995574951 27.6770000457764 27.7600002288818 30.2940006256104 30.6609992980957 30.8250007629395 31.19700050354 31.507999420166 30.5879993438721 28.8139991760254 26.5160007476807
3.04900002479553 2.48499989509583 2.09400010108948 4.24499988555908 6.39599990844727 8.54599952697754 10.1009998321533 11.6160001754761 13.1309995651245 14.8100004196167 16.6240005493164 18.4379997253418 19.6620006561279 21.0410003662109 25.9230003356934 25.8059997558594 28.6469993591309 32.5470008850098 32.7449989318848 31.6499996185303 31.0429992675781 34.3129997253418 34.3499984741211 31.9740009307861 29.9720001220703 28.0739994049072 27.2840003967285 27.8600006103516 27.1959991455078 26.9909992218018 26.6529998779297 26.3770008087158 26.1060009002686 25.4540004730225 25.8570003509521 26.7189998626709 28.3910007476807 29.5650005340576 30.2479991912842 31.2469997406006 31.3020000457764 31.8959999084473 31.8040008544922 31.42799949646 28.5440006256104 27.511999130249
2.93199992179871 2.78500008583069 2.55299997329712 4.7039999961853 6.85400009155273 9.00500011444092 11.1560001373291 13.2159996032715 14.7309999465942 16.246000289917 17.7609996795654 19.2749996185303 19.7759990692139 24.806999206543 27.6380004882812 27.9519996643066 31.2369995117188 33.5940017700195 34.1220016479492 34.2470016479492 34.1030006408691 34.6669998168945 34.4850006103516 33.6259994506836 32.3540000915527 31.4909992218018 28.4599990844727 27.8290004730225 27.4090003967285 27.0879993438721 26.7439994812012 26.7290000915527 26.0139999389648 25.7509994506836 26.0230007171631 26.3390007019043 28.2800006866455 29.753999710083 31.0580005645752 31.5599994659424 32.1180000305176 32.2750015258789 32.0779991149902 31.2509994506836 28.5909996032715 27.3199996948242
2.81200003623962 2.26600003242493 3.96399998664856 5.83599996566772 7.70800018310547 9.57999992370605 11.6400003433228 13.7650003433228 15.9160003662109 17.8460006713867 19.3610000610352 20.2970008850098 19.3530006408691 24.5750007629395 28.8610000610352 31.2919998168945 32.7939987182617 33.5979995727539 34.3440017700195 34.5400009155273 35.5289993286133 35.6020011901855 35.0699996948242 33.7000007629395 33.4440002441406 32.8499984741211 28.6079998016357 28.3309993743896 27.7310009002686 27.3360004425049 27.0559997558594 26.0480003356934 25.4629993438721 25.4389991760254 26 26.3649997711182 27.4820003509521 29.3959999084473 31.2080001831055 31.9750003814697 32.3160018920898 32.7480010986328 31.6490001678467 30.4200000762939 28.6949996948242 28.3619995117188
1.92900002002716 5.98199987411499 7.42700004577637 8.87199974060059 10.3179998397827 11.7629995346069 13.2080001831055 14.7609996795654 16.632999420166 18.6700000762939 20.7299995422363 20.9330005645752 20.7740001678467 25.2679996490479 28.681999206543 30.8239994049072 32.609001159668 33.4720001220703 34.8230018615723 36.0909996032715 36.5149993896484 36.5509986877441 36.4220008850098 35.4739990234375 34.8699989318848 34.2540016174316 30.878999710083 29.6760005950928 28.6909999847412 28.1669998168945 27.1889991760254 26.2859992980957 24.886999130249 25.3959999084473 25.8880004882812 26.1730003356934 27.7129993438721 29.4020004272461 31 31.6159992218018 32.0480003356934 32.2700004577637 31.757999420166 31.4860000610352 28.6469993591309 28.5739994049072
7.56400012969971 9.69699954986572 11.1429996490479 12.5880002975464 14.0329999923706 15.4790000915527 16.923999786377 18.3689994812012 19.8150005340576 20.8810005187988 21.3400001525879 21.5370006561279 21.7229995727539 26.4109992980957 28.9540004730225 31.923999786377 33.4099998474121 33.6510009765625 35.3860015869141 36.6549987792969 36.9869995117188 36.9519996643066 36.7449989318848 36.4640007019043 35.2929992675781 33.8279991149902 30.9230003356934 30.5279998779297 29.2819995880127 28.5219993591309 26.9340000152588 25.7950000762939 25.3980007171631 25.8819999694824 25.9150009155273 26.6319999694824 28.30299949646 29.1830005645752 29.8770008087158 30.4559993743896 31.2250003814697 31.4759998321533 31.0340003967285 31.5160007476807 29.0709991455078 28.6539993286133
