02_asc_chm-r50m/BR210A.asc
NCOLS 200 
NROWS 200 
XLLCORNER 539137 
YLLCORNER 5283289.5 
CELLSIZE 0.5 
NODATA_value -3.4e+38 
[rows 60 to 79 of 200, columns 0 to 45 of 200]
-3.4e+38 -3.4e+38 -3.4e+38 -3.4e+38 -3.4e+38 -3.4e+38 -3.4e+38 -3.4e+38 -3.4e+38 11.8800001144409 13.3879995346069 18.378999710083 20.9729995727539 22 24.6159992218018 22.1420001983643 21.75 20.5459995269775 16.1149997711182 5.7189998626709 1.41299998760223 12.5290002822876 21.8390007019043 22.7910003662109 23.488000869751 24.7919998168945 25.6569995880127 25.7929992675781 24.2280006408691 24.9750003814697 24.9050006866455 16.4290008544922 2.5460000038147 1.05099999904633 1.17799997329712 1 1.23699998855591 0.830999970436096 0.541999995708466 0.375 0.398000001907349 0.735000014305115 1.38699996471405 0.825999975204468 0.883000016212463 1.06500005722046
-3.4e+38 -3.4e+38 -3.4e+38 -3.4e+38 -3.4e+38 -3.4e+38 -3.4e+38 -3.4e+38 -3.4e+38 9.20899963378906 11.2159996032715 14.9399995803833 17.4529991149902 21.1979999542236 21.492000579834 20.2520008087158 19.4829998016357 19.4640007019043 18.6009998321533 14.2709999084473 8.26700019836426 2.26300001144409 21.431999206543 23.9190006256104 24.6940002441406 25.3339996337891 25.4549999237061 25.5340003967285 24.9549999237061 24.7049999237061 24.568000793457 22.5860004425049 5.74599981307983 1.26400005817413 1.14600002765656 1.4889999628067 1.16700005531311 0.897000014781952 0.575999975204468 0.512000024318695 0.481000006198883 0.561999976634979 1.99199998378754 1.18499994277954 0.778999984264374 1.36500000953674
-3.4e+38 -3.4e+38 -3.4e+38 -3.4e+38 -3.4e+38 -3.4e+38 -3.4e+38 -3.4e+38 12.0690002441406 8.56400012969971 11.7489995956421 13.8800001144409 13.8909997940063 16.2119998931885 17.0499992370605 16.1690006256104 14.8219995498657 15.5459995269775 16.2700004577637 18.3449993133545 16.6679992675781 13.3889999389648 19.8120002746582 23.1049995422363 24.9610004425049 25.1700000762939 25.4939994812012 25.3330001831055 24.8500003814697 24.4479999542236 24.2399997711182 21.0240001678467 8.375 1.12300002574921 0.796999990940094 1.19099998474121 0.91100001335144 0.799000024795532 0.767000019550323 0.579999983310699 0.652999997138977 0.685000002384186 1.84599995613098 0.995000004768372 1.08599996566772 1.38800001144409
-3.4e+38 -3.4e+38 -3.4e+38 -3.4e+38 -3.4e+38 -3.4e+38 -3.4e+38 -3.4e+38 11.0270004272461 13.1879997253418 15.4429998397827 13.28600025177 11.1199998855591 10.4589996337891 6.94000005722046 5.35699987411499 4.87599992752075 5.28599977493286 5.35200023651123 12.1099996566772 18.8320007324219 19.1019992828369 19.9990005493164 22.6660003662109 24.7479991912842 25.7080001831055 25.8929996490479 25.5510005950928 24.701000213623 24.1539993286133 24.3759994506836 10.621000289917 1.40499997138977 7.38800001144409 3.76099991798401 1.09800004959106 1.0809999704361 1.09700000286102 0.853999972343445 0.851000010967255 0.907000005245209 0.832000017166138 1.11300003528595 1.14800000190735 1.29100000858307 1.3289999961853
-3.4e+38 -3.4e+38 -3.4e+38 -3.4e+38 -3.4e+38 -3.4e+38 -3.4e+38 18.6509990692139 17.6590003967285 17.173999786377 15.1029996871948 11.3900003433228 7.67700004577637 6.16699981689453 4.09700012207031 0.368999987840652 0.551999986171722 0.758000016212463 0.612999975681305 8.09000015258789 19.1979999542236 21.3209991455078 24.3339996337891 24.7070007324219 24.3129997253418 25.3110008239746 26.0599994659424 26.0709991455078 26.2520008087158 26.1310005187988 26.0090007781982 25.6840000152588 24.0739994049072 21.7169990539551 1.03699994087219 4.30299997329712 10.5860004425049 9.82699966430664 4.58099985122681 4.11399984359741 6.69399976730347 4.71700000762939 1.45500004291534 1.14100003242493 1.29499995708466 1.38800001144409
-3.4e+38 -3.4e+38 -3.4e+38 -3.4e+38 -3.4e+38 -3.4e+38 -3.4e+38 21.8560009002686 21.0300006866455 17.1480007171631 10.1579999923706 8.07400035858154 5.7810001373291 2.30200004577637 0.879999995231628 0.46900001168251 0.649999976158142 0.869000017642975 0.616999983787537 2.85899996757507 17.3619995117188 23.6940002441406 24.2159996032715 27.0520000457764 26.7660007476807 25.5979995727539 26.5930004119873 26.738000869751 26.8939990997314 27.4330005645752 27.757999420166 27.2479991912842 24.1840000152588 23.3339996337891 11.5059995651245 11.1370000839233 15.2869997024536 15.5539999008179 12.0229997634888 10.7770004272461 11.2489995956421 10.9530000686646 8.76700019836426 1.2849999666214 1.26999998092651 1.1139999628067
-3.4e+38 -3.4e+38 -3.4e+38 -3.4e+38 -3.4e+38 -3.4e+38 21.94700050354 21.886999130249 21.8050003051758 17.4710006713867 6.61100006103516 3.6949999332428 1.51600003242493 0.172999992966652 0.351000010967255 0.522000014781952 0.569000005722046 0.78600001335144 0.493999987840652 0.757000029087067 15.1429996490479 23.6049995422363 23.9720001220703 27.3530006408691 27.6359996795654 26.298999786377 27.4710006713867 28.6000003814697 28.2950000762939 27.8470001220703 27.5020008087158 26.048999786377 23.4629993438721 21 13.3730001449585 14.6420001983643 15.1520004272461 15.4589996337891 15.5659999847412 14.4069995880127 11.4820003509521 11.0069999694824 10.1709995269775 4.43900012969971 3.35500001907349 2.05299997329712
-3.4e+38 -3.4e+38 -3.4e+38 -3.4e+38 -3.4e+38 -3.4e+38 21.8850002288818 21.8780002593994 18.6749992370605 17.4080009460449 6.61199998855591 0.17399999499321 0.33500000834465 0.386000007390976 0.519999980926514 0.555999994277954 0.638999998569489 0.944000005722046 1.12100005149841 1.32000005245209 12.7620000839233 21.5049991607666 23.8409996032715 27.3269996643066 27.4650001525879 27.7450008392334 28.9860000610352 29.7189998626709 29.0200004577637 28.6879997253418 27.1240005493164 26.0109996795654 23.6340007781982 15.3599996566772 8.26399993896484 12.2819995880127 14.8669996261597 15.2600002288818 16.7229995727539 17.4869995117188 16.2959995269775 11.4619998931885 11.048999786377 10.6759996414185 9.10900020599365 7.45100021362305
-3.4e+38 -3.4e+38 -3.4e+38 -3.4e+38 -3.4e+38 22.701000213623 22.4740009307861 20.3649997711182 12.96399974823 8.48600006103516 5.81400012969971 0.71399998664856 0.587999999523163 0.48199999332428 0.555000007152557 0.700999975204468 0.865000009536743 0.933000028133392 0.917999982833862 1.27199995517731 1.06599998474121 8.6540002822876 16.0279998779297 24.7970008850098 28.1830005645752 28.3729991912842 29.5160007476807 29.8700008392334 28.7169990539551 27.5200004577637 26.8680000305176 26.8470001220703 25.8740005493164 13.3719997406006 9.70699977874756 12.2189998626709 15.5349998474121 15.3319997787476 17.5209999084473 18.3239994049072 17.9570007324219 16.0629997253418 11.4160003662109 12.3489999771118 13.1990003585815 14.6009998321533
-3.4e+38 -3.4e+38 -3.4e+38 -3.4e+38 -3.4e+38 22.3269996643066 21.7910003662109 21.5739994049072 15.9449996948242 7.83900022506714 2.54800009727478 0.703000009059906 0.49099999666214 0.479999989271164 0.533999979496002 0.736999988555908 0.924000024795532 0.707000017166138 0.850000023841858 0.642000019550323 0.280000001192093 0.363000005483627 2.63599991798401 19.1420001983643 27.5709991455078 28.5839996337891 28.8120002746582 29.5520000457764 29.2169990539551 28.2350006103516 28.0090007781982 27.5930004119873 26.8500003814697 20.0550003051758 14.2589998245239 15.5909996032715 17.6270008087158 18.5739994049072 20.0160007476807 20.1919994354248 18.7600002288818 17.9860000610352 9.91399955749512 13.1579999923706 16.7479991912842 19.625
-3.4e+38 -3.4e+38 -3.4e+38 -3.4e+38 -3.4e+38 21.568000793457 21.4360008239746 21.3509998321533 17.3040008544922 4.72100019454956 0.875999987125397 0.467000007629395 0.465999990701675 0.453000009059906 0.527999997138977 0.537999987602234 0.845000028610229 1.01300001144409 1.05799996852875 0.665000021457672 0.377999991178513 0.34799998998642 4.85699987411499 13.4980001449585 23.3500003814697 28.4050006866455 29.6299991607666 30.2369995117188 30.1790008544922 29.0340003967285 28.943000793457 28.5739994049072 27.0960006713867 23.2360000610352 19.3369998931885 21.5650005340576 21.0359992980957 20.2840003967285 21.0939998626709 20.7719993591309 18.7390003204346 16.9370002746582 16.4459991455078 16.9109992980957 19.8859996795654 21.9389991760254
-3.4e+38 -3.4e+38 -3.4e+38 -3.4e+38 22.7770004272461 21.7800006866455 16.8700008392334 14.6590003967285 13.3540000915527 0.637000024318695 0.340999990701675 0.312999993562698 0.32600000500679 0.398000001907349 0.409999996423721 0.405000001192093 0.545000016689301 0.680999994277954 0.977999985218048 0.625 0.495000004768372 0.497999995946884 2.11100006103516 16.8519992828369 24.4759998321533 29.5209999084473 30.0900001525879 30.4069995880127 30.6909999847412 29.9950008392334 29.3680000305176 29.2169990539551 25.1019992828369 22.8899993896484 22.2999992370605 22.2830009460449 21.6049995422363 20.6299991607666 21.1509990692139 21.4230003356934 18.7439994812012 13.5790004730225 14.6379995346069 16.8560009002686 21.2569999694824 25.7280006408691
-3.4e+38 -3.4e+38 -3.4e+38 -3.4e+38 22.7759990692139 23.3999996185303 23.1979999542236 7.18800020217896 0.29899999499321 0.462000012397766 0.333999991416931 0.20100000500679 0.23199999332428 0.340999990701675 0.476000010967255 0.518999993801117 0.569999992847443 0.418999999761581 0.732999980449677 0.741999983787537 0.764999985694885 0.639999985694885 0.671000003814697 9.625 26.3360004425049 29.6040000915527 29.3080005645752 29.5349998474121 30.3199996948242 29.9190006256104 29.2329998016357 27.3649997711182 23.3369998931885 22.5310001373291 21.1480007171631 21.1000003814697 21.1089992523193 20.7569999694824 20.8360004425049 20.1609992980957 16.9400005340576 12.4049997329712 14.4809999465942 16.9069995880127 20.2329998016357 26.8150005340576
-3.4e+38 -3.4e+38 -3.4e+38 -3.4e+38 24.1110000610352 24.4570007324219 24.2399997711182 4.46600008010864 0.754999995231628 1.29299998283386 1.17400002479553 0.746999979019165 0.282000005245209 0.259999990463257 0.486000001430511 0.874000012874603 0.818000018596649 0.758000016212463 1.06900000572205 1.16400003433228 1.01400005817413 0.879999995231628 0.779999971389771 7.20100021362305 24.3390007019043 29.0200004577637 28.2740001678467 28.9500007629395 29.6480007171631 29.2089996337891 28.4759998321533 26.3360004425049 24.7299995422363 23.1919994354248 20.9109992980957 21.0330009460449 21.7560005187988 20.9109992980957 20.8880004882812 20.4619998931885 18.2019996643066 15.0229997634888 15.5100002288818 17.07200050354 18.8080005645752 22.1389999389648
-3.4e+38 -3.4e+38 -3.4e+38 -3.4e+38 24.5659999847412 24.5429992675781 24.4559993743896 13.6969995498657 1.77799999713898 2.08200001716614 2.01500010490417 1.19500005245209 0.764999985694885 0.625999987125397 0.381000012159348 0.676999986171722 0.697000026702881 0.662999987602234 0.99099999666214 1.14100003242493 0.977999985218048 0.606000006198883 0.63400000333786 17.4729995727539 27.6270008087158 28.0890007019043 27.9080009460449 28.4720001220703 28.1660003662109 27.9309997558594 27.6639995574951 24.8120002746582 23.9029998779297 23.8920001983643 23.3700008392334 22.6450004577637 22.8589992523193 21.8579998016357 21.2999992370605 20.1870002746582 19.4829998016357 16.4449996948242 15.5670003890991 15.6120004653931 17.0230007171631 18.7560005187988
-3.4e+38 -3.4e+38 -3.4e+38 -3.4e+38 24.2980003356934 24.2229995727539 23.9489994049072 19.6509990692139 6.31199979782104 3.65499997138977 3.28900003433228 2.11999988555908 1.48699998855591 0.833999991416931 0.486999988555908 0.591000020503998 0.503000020980835 0.483999997377396 0.808000028133392 1.37300002574921 0.936999976634979 0.625999987125397 0.628000020980835 11.83899974823 16.863000869751 27.2800006866455 27.6490001678467 27.5919990539551 26.0990009307861 25.8400001525879 25.7849998474121 24.7740001678467 21.17799949646 21.9909992218018 23.8139991760254 23.7940006256104 24.4750003814697 25.0750007629395 23.9200000762939 19.7569999694824 15.96399974823 15.4390001296997 13.9659996032715 13.3599996566772 14.7690000534058 15.2749996185303
-3.4e+38 -3.4e+38 -3.4e+38 -3.4e+38 23.8409996032715 23.7269992828369 23.511999130249 16.4540004730225 2.81599998474121 4.09000015258789 3.66799998283386 2.63599991798401 1.52699995040894 0.72299998998642 0.670000016689301 0.680000007152557 0.544000029563904 0.662000000476837 0.999000012874603 1.44200003147125 1.33800005912781 1.26400005817413 1.09800004959106 0.651000022888184 13.871000289917 26.7600002288818 27.0699996948242 26.2320003509521 25.6189994812012 25.746000289917 25.7280006408691 25.2469997406006 14.5059995651245 14.5340003967285 22.6560001373291 23.8279991149902 26.076000213623 26.0480003356934 24.6110000610352 15.6879997253418 13.1920003890991 13.3269996643066 12.9779996871948 12.8999996185303 13.0950002670288 13.6370000839233
-3.4e+38 -3.4e+38 -3.4e+38 13.1009998321533 23.9389991760254 16.8120002746582 6.42899990081787 0.64300000667572 1.47099995613098 2.19899988174438 2.96700000762939 2.2409999370575 1.33800005912781 0.593999981880188 0.628000020980835 0.662999987602234 0.728999972343445 0.771000027656555 0.870999991893768 0.972000002861023 1.00899994373322 1.42599999904633 1.17400002479553 0.541999995708466 8.32400035858154 15.4549999237061 24.9200000762939 25.257999420166 25.3560009002686 25.5419998168945 25.4939994812012 23.4580001831055 18.9610004425049 16.5149993896484 20.1030006408691 18.1079998016357 24.5289993286133 23.9230003356934 22.4890003204346 12.3540000915527 12.5839996337891 12.201000213623 12.5120000839233 12.6149997711182 11.3249998092651 10.3950004577637
-3.4e+38 -3.4e+38 -3.4e+38 16.6529998779297 24.1119995117188 24.2709999084473 12.1429996490479 0.737999975681305 0.783999979496002 1.4210000038147 1.93599998950958 1.56400001049042 0.959999978542328 0.474999994039536 0.546999990940094 0.73199999332428 0.563000023365021 0.612999975681305 0.820999979972839 0.791999995708466 0.89300000667572 1.20099997520447 1.23099994659424 0.479000002145767 0.509999990463257 1.52100002765656 16.0359992980957 22.4990005493164 25.0939998626709 25.2630004882812 24.9360008239746 22.693000793457 18.7789993286133 16.2210006713867 15.5200004577637 13.6029996871948 16.878999710083 19.0189990997314 16.1560001373291 10.6520004272461 10.9949998855591 11.0550003051758 10.9870004653931 9.54699993133545 7.65899991989136 4.01399993896484
-3.4e+38 -3.4e+38 -3.4e+38 13.3540000915527 24.0559997558594 24.3840007781982 7.04899978637695 1.01999998092651 0.977999985218048 0.907000005245209 1.16299998760223 0.698000013828278 0.606000006198883 0.372999995946884 0.395000010728836 0.587000012397766 0.638000011444092 0.982999980449677 1.15799999237061 0.944000005722046 0.867999970912933 0.96399998664856 0.957000017166138 0.46900001168251 0.796999990940094 3.70000004768372 15.5839996337891 15.2019996643066 16.5879993438721 7.7979998588562 21.3649997711182 19.82200050354 16.1860008239746 13.9750003814697 8.76000022888184 7.88000011444092 10.1770000457764 10.1490001678467 9.30399990081787 8.37199974060059 8.54899978637695 8.76200008392334 9.01500034332275 6.8769998550415 3.34299993515015 0.875999987125397
