02_asc_chm-r50m/BR21X2.asc
NCOLS 200 
NROWS 200 
XLLCORNER 535859.5 
YLLCORNER 5282712.5 
CELLSIZE 0.5 
NODATA_value -3.4e+38 
[rows 120 to 139 of 200, columns 138 to 183 of 200]
33.1549987792969 32.2060012817383 31.9409999847412 29.4179992675781 26.7749996185303 22.0799999237061 21.9060001373291 21.9300003051758 23.6350002288818 27.7280006408691 28.1730003356934 28.9659996032715 30.5909996032715 32.0849990844727 33.2929992675781 33.2190017700195 33.1580009460449 32.1220016479492 31.3400001525879 30.1410007476807 28.7220001220703 26.3080005645752 24.0949993133545 22.8290004730225 22.6159992218018 22.4039993286133 22.4629993438721 22.5960006713867 22.7099990844727 24.5429992675781 24.1569995880127 24.8610000610352 24.7999992370605 25.67799949646 25.8700008392334 26.318000793457 26.5930004119873 26.5779991149902 27.80299949646 28.798999786377 29.8560009002686 29.9820003509521 29.8360004425049 29.0069999694824 28.7740001678467 26.5139999389648
32.4819984436035 31.882999420166 31.1520004272461 29.4479999542236 29.2280006408691 24.2779998779297 22.8990001678467 23.1919994354248 24.011999130249 27.9559993743896 28.7660007476807 28.9020004272461 31.3040008544922 32.9650001525879 33.7910003662109 34.0540008544922 33.4980010986328 32.7019996643066 31.5319995880127 30.2700004577637 29.2140007019043 26.7689990997314 23.2159996032715 22.742000579834 21.9780006408691 22.0440006256104 22.4570007324219 22.6790008544922 22.8379993438721 24.9459991455078 25.7299995422363 26.6350002288818 27.3939990997314 27.621000289917 27.6760005950928 27.0020008087158 27.3950004577637 27.9109992980957 28.2719993591309 27.9909992218018 29.2700004577637 28.8460006713867 28.6000003814697 27.7679996490479 25.9610004425049 25.1000003814697
31.5459995269775 30.7600002288818 29.6380004882812 28.3400001525879 25.9290008544922 24.5259990692139 23.0289993286133 22.7299995422363 25.0090007781982 28.2089996337891 28.8990001678467 30.1889991760254 30.9330005645752 32.5 33.3979988098145 33.8580017089844 33.564998626709 32.9780006408691 31.5540008544922 30.6639995574951 29.113000869751 26.4459991455078 23.2929992675781 23.0659999847412 22.6720008850098 22.5340003967285 22.4740009307861 22.7040004730225 23.8929996490479 25.7110004425049 26.3229999542236 27.7250003814697 29.0330009460449 28.9300003051758 28.625 28.1009998321533 27.9270000457764 28.5429992675781 28.7450008392334 28.4020004272461 27.3439998626709 26.7280006408691 26.4799995422363 26.4540004730225 25.4489994049072 24.6450004577637
29.181999206543 28.2299995422363 28.5100002288818 27.5049991607666 25.8129997253418 24.6609992980957 23.6299991607666 22.7649993896484 24.7409992218018 28.6450004577637 29.3090000152588 30.238000869751 30.693000793457 32.0870018005371 33.1349983215332 33.4090003967285 33.048999786377 33.0460014343262 30.9890003204346 29.8899993896484 29.007999420166 27.5270004272461 24.4540004730225 23.2929992675781 23.3509998321533 23.1749992370605 23.5069999694824 24.1720008850098 25.4549999237061 26.3330001831055 26.8390007019043 28.7670001983643 29.7590007781982 29.7889995574951 29.6149997711182 29.0620002746582 28.253999710083 28.7469997406006 29.2310009002686 28.6770000457764 27.1730003356934 26.3080005645752 25.4950008392334 26.0139999389648 25.3950004577637 24.6310005187988
27.8139991760254 28.8150005340576 30.0359992980957 28.8780002593994 26.2630004882812 24.9389991760254 23.9599990844727 22.80299949646 23.6299991607666 26.9130001068115 28.6200008392334 29.753999710083 29.9610004425049 31.5510005950928 33.0550003051758 32.9449996948242 32.5979995727539 32.1209983825684 30.988000869751 29.1410007476807 28.9570007324219 28.1599998474121 25.4080009460449 25.3120002746582 25.7129993438721 25.8530006408691 25.6709995269775 25.4869995117188 25.9969997406006 26.7129993438721 27.4650001525879 28.3040008544922 29.6609992980957 30.5179996490479 30.628999710083 31.0879993438721 30.42799949646 28.7959995269775 29.1900005340576 28.8759994506836 28.0090007781982 27.0879993438721 24.8549995422363 25.1770000457764 25.0900001525879 25.2709999084473
30.3400001525879 30.4720001220703 30.4759998321533 28.3059997558594 25.4850006103516 25.2779998779297 24.7229995727539 23.4249992370605 22.7719993591309 25.1140003204346 26.6669998168945 29.2280006408691 29.875 31.5779991149902 32.4749984741211 32.2000007629395 31.8059997558594 30.0109996795654 30.7360000610352 28.5060005187988 28.0960006713867 27.3349990844727 27.326000213623 27.1119995117188 27.5639991760254 28.1359996795654 26.6720008850098 25.9009990692139 25.6410007476807 26.7409992218018 27.8110008239746 28.7880001068115 30.2000007629395 30.867000579834 30.9330005645752 31.8509998321533 31.9440002441406 30.8059997558594 29.8640003204346 29.5230007171631 28.8560009002686 27.0340003967285 26.6119995117188 24.2940006256104 24.2950000762939 24.4750003814697
31.1609992980957 31.3479995727539 31.2800006866455 30.507999420166 27.0319995880127 25.4039993286133 25.0860004425049 23.7649993896484 22.8519992828369 22.8649997711182 23.8850002288818 27.8990001678467 29.628999710083 30.1359996795654 30.9349994659424 30.7889995574951 29.0049991607666 26.5049991607666 27.7280006408691 27.4759998321533 27.3390007019043 26.8279991149902 26.9400005340576 27.2509994506836 28.8400001525879 29.9449996948242 29.7140007019043 28.1490001678467 26.5009994506836 26.25 28.2719993591309 28.7889995574951 30.0340003967285 30.5470008850098 30.8589992523193 31.5960006713867 31.8530006408691 31.9729995727539 32.7080001831055 31.6760005950928 31.2959995269775 27.4549999237061 27.1620006561279 23.5629997253418 23.2649993896484 23.1940002441406
31.3449993133545 31.5499992370605 31.4519996643066 30.5359992980957 29.0590000152588 25.0470008850098 23.7660007476807 23.1200008392334 23.0559997558594 23.1030006408691 23.4979991912842 26.2830009460449 27.1200008392334 27.3530006408691 25.92799949646 25.4130001068115 23.7430000305176 25.1569995880127 26.2950000762939 24.0440006256104 26.2229995727539 25.931999206543 25.8880004882812 27.3050003051758 29.3519992828369 30.1040000915527 29.8330001831055 28.8649997711182 26.6709995269775 25.5 27.8859996795654 28.9230003356934 28.9759998321533 29.5769996643066 30.1259994506836 31.5639991760254 32.5369987487793 33.9669990539551 33.851001739502 33.1809997558594 32.9710006713867 32.2540016174316 29.6790008544922 27.6560001373291 25.1499996185303 23.2119998931885
30.4890003204346 31.3889999389648 31.2700004577637 30.5270004272461 29.9750003814697 26.5919990539551 24.1770000457764 23.8320007324219 23.82200050354 24.4270000457764 25.0330009460449 25.6380004882812 27.07200050354 26.0669994354248 23.7929992675781 22.8519992828369 19.8209991455078 23.2119998931885 24.9099998474121 23.9699993133545 23.7350006103516 25.2369995117188 25.7929992675781 27.0480003356934 28.8099994659424 30.1580009460449 30.0559997558594 28.8159999847412 26.3110008239746 24.9270000457764 24.3050003051758 28.2019996643066 28.2530002593994 30.4160003662109 30.3770008087158 32.326000213623 34.5470008850098 34.9599990844727 34.773998260498 34.560001373291 33.4469985961914 32.6020011901855 31.6439990997314 29.4599990844727 27.4829998016357 24.5909996032715
29.0599994659424 30.9379997253418 30.8099994659424 29.5209999084473 28.173999786377 25.5669994354248 24.0330009460449 23.9979991912842 24.6569995880127 25.3159999847412 25.8619995117188 25.8419990539551 25.2150001525879 23.1959991455078 21.3050003051758 20.4529991149902 23.0419998168945 25.2299995422363 23.7749996185303 22.7339992523193 23.4209995269775 25.7229995727539 26.1870002746582 26.757999420166 27.3689994812012 28.3229999542236 29.2929992675781 28.1480007171631 26.7889995574951 25.9349994659424 24.3840007781982 26.2590007781982 28.8549995422363 31.6909999847412 33.0169982910156 33.1529998779297 35.1520004272461 35.6660003662109 35.556999206543 35.4970016479492 34.3470001220703 32.8769989013672 31.0960006713867 27.8110008239746 26.9909992218018 26.7390003204346
27.9349994659424 28.5919990539551 29.0839996337891 28.003999710083 27.6590003967285 26.3299999237061 24.9780006408691 22.2789993286133 22.2590007781982 22.2390003204346 22.2189998626709 22.1989994049072 21.011999130249 19.6399993896484 19.0930004119873 16.7299995422363 10.0579996109009 20.0419998168945 8.4060001373291 19.07200050354 22.7089996337891 25.6219997406006 26.5590000152588 27.1240005493164 27.3419990539551 27.3899993896484 26.5020008087158 26.4759998321533 26.7019996643066 26.3819999694824 23.5389995574951 27.0839996337891 30.4349994659424 32.5719985961914 33.132999420166 34.7589988708496 36.318000793457 36.7869987487793 36.6769981384277 36.2280006408691 35.7980003356934 34.2220001220703 32.7050018310547 29.5410003662109 27.6679992675781 27.318000793457
27.0990009307861 27.4829998016357 27.806999206543 27.2240009307861 24.4580001831055 23.92799949646 22.7129993438721 18.632999420166 18.6149997711182 18.5949993133545 18.5750007629395 18.1800003051758 16.8080005645752 15.1809997558594 13.375 11.1969995498657 7.58300018310547 8.91199970245361 8.89799976348877 11.0010004043579 9.8100004196167 22.4090003967285 27.0480003356934 27.1550006866455 26.7169990539551 26.0520000457764 25.6679992675781 25.7439994812012 26.5069999694824 26.0060005187988 23.451000213623 27.5879993438721 32.4070014953613 33.9570007324219 35.5209999084473 36.1839981079102 36.5169982910156 37.2400016784668 37.7050018310547 36.765998840332 35.882999420166 34.4910011291504 33.8450012207031 31.2549991607666 29.7159996032715 29.4360008239746
21.4249992370605 23.0769996643066 25.0359992980957 23.117000579834 19.882999420166 19.2880001068115 18.4440002441406 16.2280006408691 14.9720001220703 14.9519996643066 14.9320001602173 13.9759998321533 12.4320001602173 10.6269998550415 8.82100009918213 8.22299957275391 7.25699996948242 9.16100025177002 9.28499984741211 8.9370002746582 7.64799976348877 12.378999710083 23.1420001983643 23.7709999084473 26.4249992370605 25.746000289917 24.7250003814697 24.7800006866455 25.1049995422363 25.4220008850098 24.3150005340576 26.9790000915527 31.9179992675781 34.4580001831055 35.7299995422363 36.2220001220703 36.3349990844727 36.8489990234375 37.3660011291504 36.6990013122559 35.8979988098145 35.6310005187988 34.2330017089844 31.9759998321533 31.1229991912842 30.9930000305176
15.1599998474121 15.78600025177 17.3530006408691 17.6019992828369 15.3870000839233 14.6479997634888 14.0089998245239 13.6400003433228 11.3290004730225 11.3090000152588 11.1440000534058 9.68400001525879 7.87900018692017 6.90299987792969 7.90899991989136 8.37899971008301 8.63500022888184 9.16100025177002 9.08399963378906 8.55200004577637 8.38199996948242 14.331000328064 17.5890007019043 18.3600006103516 22.0809993743896 23.3419990539551 21.5009994506836 22.8929996490479 22.7390003204346 22.7040004730225 24.5669994354248 26.4740009307861 28.2679996490479 33.625 35.0579986572266 35.6669998168945 35.7700004577637 36.5499992370605 36.5390014648438 36.1790008544922 35.9669990539551 35.1440010070801 34.1199989318848 32.3339996337891 31.1669998168945 30.9969997406006
13.0459995269775 10.9090003967285 10.1459999084473 11.4280004501343 11.2790002822876 10.0080003738403 9.57400035858154 9.20499992370605 7.67799997329712 7.66499996185303 6.93599987030029 5.13000011444092 5.94600009918213 6.93800020217896 8.37199974060059 8.31400012969971 8.73299980163574 8.88799953460693 8.54300022125244 8.03899955749512 10.1420001983643 14.1140003204346 16.8889999389648 18.5629997253418 20.1380004882812 19.7719993591309 20.132999420166 21.8250007629395 22.5 23.7520008087158 23.9869995117188 25.1949996948242 26.2049999237061 29.2859992980957 32.515998840332 34.1459999084473 34.5830001831055 35.4720001220703 34.9459991455078 35.4099998474121 35.314998626709 34.4290008544922 33.0660018920898 30.8990001678467 30.5429992675781 30.6019992828369
7.08099985122681 7.58199977874756 7.61700010299683 5.00899982452393 5.91499996185303 5.50899982452393 5.1399998664856 4.76999998092651 4.40100002288818 4.02199983596802 3.9909999370575 5.9229998588562 7.85599994659424 8.32299995422363 8.12800025939941 9.10900020599365 8.46399974822998 8.52600002288818 8.76399993896484 9.9689998626709 11.9020004272461 13.9060001373291 15.7069997787476 17.8379993438721 18.7280006408691 19.2439994812012 19.8509998321533 21.2439994812012 22.2399997711182 23.4599990844727 24.2730007171631 25.5189990997314 26.9580001831055 28.7970008850098 30.7089996337891 33.568000793457 34.3680000305176 34.1559982299805 34.3470001220703 34.4620018005371 34.5200004577637 34.0849990844727 32.5530014038086 29.6079998016357 30.136999130249 30.5890007019043
3.50699996948242 3.63299989700317 3.75999999046326 3.88599991798401 4.05600023269653 2.6470000743866 2.84100008010864 3.37199997901917 3.90400004386902 6.06899976730347 7.28000020980835 8.45400047302246 8.66600036621094 9.8129997253418 10.960000038147 12.1070003509521 11.543999671936 10.664999961853 11.7340002059937 13.0459995269775 14.78600025177 15.7510004043579 15.3809995651245 15.9530000686646 17.632999420166 18.5970001220703 19.298999786377 20.5639991760254 22.068000793457 22.8540000915527 24.0279998779297 25.6110000610352 26.7250003814697 29.0259990692139 30.5890007019043 32.9630012512207 34.234001159668 33.9780006408691 34.3889999389648 34.3300018310547 33.7350006103516 31.9640007019043 29.238000869751 28.3199996948242 28.9200000762939 29.9799995422363
3.31200003623962 3.43899989128113 3.64800000190735 6.02799987792969 8.42800045013428 6.82100009918213 7.54199981689453 7.28499984741211 7.02799987792969 7.28399991989136 9.06400012969971 10.5170001983643 11.6639995574951 12.8109998703003 13.9580001831055 15.1049995422363 15.1479997634888 13.8730001449585 14.7030000686646 16.1240005493164 17.1270008087158 17.1509990692139 16.0620002746582 15.91100025177 17.1919994354248 17.125 19.5259990692139 20.6709995269775 21.92799949646 23.4570007324219 24.3460006713867 25.7569999694824 26.4909992218018 26.4130001068115 27.8439998626709 29.2770004272461 31.7520008087158 30.7369995117188 33.1389999389648 32.7080001831055 31.7159996032715 27.8540000915527 27.0580005645752 27.2940006256104 27.3059997558594 28.5230007171631
3.11800003051758 3.53500008583069 5.91499996185303 8.29500007629395 12.3330001831055 11.1929998397827 12.3219995498657 12.3950004577637 12.1379995346069 9.32699966430664 13.3459997177124 14.6800003051758 14.9549999237061 15.8090000152588 16.9559993743896 18.1030006408691 18.7530002593994 17.1539993286133 17.7019996643066 18.5020008087158 18.5270004272461 18.8349990844727 17.4650001525879 16.0970001220703 19.0160007476807 18.8889999389648 20.5580005645752 20.4459991455078 21.3910007476807 22.4060001373291 23.3269996643066 25.2889995574951 25.6620006561279 25.4759998321533 24.2549991607666 24.746000289917 24.3050003051758 26.9230003356934 29.628999710083 29.3700008392334 26.4570007324219 22.5669994354248 24.7450008392334 26.2150001525879 25.3339996337891 26.632999420166
3.42300009727478 5.80299997329712 8.18200016021729 10.5620002746582 15.7659997940063 15.5649995803833 16.4860000610352 17.5060005187988 16.7649993896484 15.6619997024536 17.6280002593994 19.1809997558594 19.4559993743896 19.7310009002686 20.0060005187988 21.1009998321533 22.2479991912842 20.7240009307861 20.8640003204346 24.6359996795654 25.181999206543 25.4160003662109 25.7900009155273 25.3099994659424 21.4580001831055 20.7250003814697 20.4230003356934 20.2439994812012 20.2900009155273 20.6060009002686 21.3560009002686 23.1389999389648 22.0790004730225 23.3549995422363 23.8309993743896 23.4069995880127 22.9589996337891 24.4069995880127 24.5580005645752 24.2329998016357 22.6949996948242 21.3479995727539 23.1669998168945 24.4829998016357 24.8880004882812 24.8719997406006
