02_asc_chm-r50m/BR212C.asc
NCOLS 201 
NROWS 200 
XLLCORNER 531795.5 
YLLCORNER 5281281 
CELLSIZE 0.5 
NODATA_value -3.4e+38 
[rows 160 to 179 of 200, columns 138 to 183 of 201]
30.1319999694824 30.1590003967285 34.3359985351562 35.0349998474121 35.6459999084473 37.0120010375977 38.8320007324219 40.1059989929199 41.2809982299805 41.0789985656738 40.1310005187988 38.9150009155273 38.060001373291 36.5929985046387 34.4949989318848 31.3920001983643 24.8810005187988 23.1089992523193 22.2250003814697 17.3929996490479 8.1870002746582 3.68300008773804 3.76099991798401 3.48900008201599 3.78500008583069 4.97300004959106 5.04400014877319 4.87599992752075 4.33900022506714 3.78399991989136 3.69899988174438 3.51399993896484 3.52300000190735 3.66400003433228 3.60800004005432 3.3659999370575 3.78500008583069 4.30900001525879 4.74300003051758 4.78800010681152 3.53099989891052 2.68600010871887 -3.4e+38 -3.4e+38 -3.4e+38 -3.4e+38
30.3780002593994 30.0939998626709 33.5110015869141 34.9679985046387 36.7599983215332 39.3120002746582 40.1020011901855 40.1230010986328 41.5180015563965 41.5060005187988 40.601001739502 39.4850006103516 38.8600006103516 37.6529998779297 36.6459999084473 33.8479995727539 30.8360004425049 25.7029991149902 22.5440006256104 22.3099994659424 7.87799978256226 3.03299999237061 3.2260000705719 3.23699998855591 3.41000008583069 4.24499988555908 4.41900014877319 4.5 4.28000020980835 3.86899995803833 3.78399991989136 3.61299991607666 3.41199994087219 2.82699990272522 2.58800005912781 2.32800006866455 3.28299999237061 3.75799989700317 3.9909999370575 4.03999996185303 3.0220000743866 -3.4e+38 -3.4e+38 -3.4e+38 -3.4e+38 -3.4e+38
30.7299995422363 30.2229995727539 32.3289985656738 34.625 36.8549995422363 39.8559989929199 40.2729988098145 41.1629981994629 42.3460006713867 42.1459999084473 40.9000015258789 39.9259986877441 38.8600006103516 37.8279991149902 36.8810005187988 34.0139999389648 29.2129993438721 23.6650009155273 18.492000579834 13.9610004425049 2.92499995231628 2.88000011444092 2.51900005340576 2.32699990272522 2.66700005531311 4.05600023269653 4.28900003433228 4.24200010299683 4.16800022125244 3.70799994468689 3.16300010681152 3.08599996566772 3.08100008964539 2.7739999294281 2.10700011253357 1.91499996185303 3.20199990272522 3.59500002861023 3.65199995040894 3.45799994468689 -3.4e+38 -3.4e+38 -3.4e+38 -3.4e+38 -3.4e+38 -3.4e+38
32.7459983825684 30.826000213623 32.0950012207031 34.9039993286133 36.8450012207031 39.8730010986328 40.5009994506836 41.6399993896484 41.8720016479492 41.6759986877441 40.8870010375977 38.9529991149902 38.3610000610352 37.7080001831055 37.5550003051758 33.8040008544922 22.5960006713867 20.7119998931885 10.798999786377 7.97499990463257 6.90000009536743 3.02600002288818 2.46199989318848 1.62199997901917 0.970000028610229 2.90599989891052 3.55399990081787 3.30599999427795 3.40599989891052 2.75500011444092 2.58200001716614 2.29699993133545 2.6949999332428 2.57500004768372 2.4210000038147 2.49799990653992 2.85599994659424 3.30200004577637 3.27300000190735 -3.4e+38 -3.4e+38 -3.4e+38 -3.4e+38 -3.4e+38 -3.4e+38 -3.4e+38
37.3209991455078 32.2569999694824 32.8170013427734 36.1129989624023 37.9690017700195 39.9830017089844 39.6310005187988 40.3709983825684 40.9230003356934 40.6590003967285 40.2480010986328 39.6160011291504 37.0890007019043 37.2669982910156 36.8779983520508 28.4459991455078 22.4400005340576 19.8640003204346 19.0400009155273 17.2770004272461 15.3870000839233 3.17199993133545 2.4449999332428 1.80299997329712 1.16199994087219 0.912000000476837 1.86800003051758 2.23200011253357 2.31599998474121 1.59800004959106 2.34699988365173 2.47499990463257 2.58299994468689 2.53099989891052 2.42899990081787 2.50200009346008 3.15100002288818 3.42499995231628 -3.4e+38 -3.4e+38 -3.4e+38 -3.4e+38 -3.4e+38 -3.4e+38 -3.4e+38 -3.4e+38
39.6510009765625 35.5779991149902 34.4589996337891 37.048999786377 37.3610000610352 38.4879989624023 38.2080001831055 39.4539985656738 39.6720008850098 39.8819999694824 39.7159996032715 39.1479988098145 37.4850006103516 37.0550003051758 37.0810012817383 28.3229999542236 22.9790000915527 20.9169998168945 19.7169990539551 19.5189990997314 19.007999420166 10.4650001525879 9.04699993133545 7.62799978256226 3.17000007629395 1.17200005054474 1.1139999628067 1.44599997997284 1.87399995326996 2.22699999809265 2.44899988174438 2.66400003433228 2.6710000038147 2.41199994087219 2.32200002670288 2.67000007629395 3.15199995040894 -3.4e+38 -3.4e+38 -3.4e+38 -3.4e+38 -3.4e+38 -3.4e+38 -3.4e+38 -3.4e+38 -3.4e+38
40.0699996948242 38.9580001831055 36.8279991149902 37.2820014953613 35.6469993591309 37.7630004882812 37.681999206543 37.8979988098145 38.1240005493164 37.4129981994629 38.0209999084473 38.4210014343262 37.4070014953613 37.0219993591309 32.0330009460449 21.4969997406006 18.7810001373291 21.1550006866455 20.3719997406006 19.8579998016357 18.0750007629395 12.6829996109009 7.14099979400635 2.46199989318848 2.05399990081787 1.64600002765656 1.23800003528595 1.38800001144409 1.73500001430511 1.86800003051758 2.05100011825562 2.38899993896484 2.67600011825562 2.4539999961853 2.59800004959106 2.80599999427795 -3.4e+38 -3.4e+38 -3.4e+38 -3.4e+38 -3.4e+38 -3.4e+38 -3.4e+38 -3.4e+38 -3.4e+38 -3.4e+38
40.1119995117188 38.3559989929199 37.560001373291 37.1790008544922 34.648998260498 35.1180000305176 37.0480003356934 36.6160011291504 36.8489990234375 37.1119995117188 37.1940002441406 37.3709983825684 36.9809989929199 25.2530002593994 15.4890003204346 13.1339998245239 12.1770000457764 20.0659999847412 19.7970008850098 13.2250003814697 9.38700008392334 5.57000017166138 3.34299993515015 2.93499994277954 2.52699995040894 2.11899995803833 1.71099996566772 1.34899997711182 1.66199994087219 1.73699998855591 1.87600004673004 2.45700001716614 2.81699991226196 2.73900008201599 2.83899998664856 -3.4e+38 -3.4e+38 -3.4e+38 -3.4e+38 -3.4e+38 -3.4e+38 -3.4e+38 -3.4e+38 -3.4e+38 -3.4e+38 -3.4e+38
42.7550010681152 38.6839981079102 38.076000213623 36.6110000610352 34.4459991455078 34.1990013122559 35.2599983215332 35.4179992675781 36.4280014038086 37.0110015869141 37.0019989013672 30.4360008239746 18.5340003967285 21.2439994812012 0.736000001430511 0.964999973773956 5.16300010681152 12.1450004577637 11.1400003433228 4.08500003814697 3.8529999256134 4.06799983978271 3.7260000705719 3.3840000629425 3.00099992752075 2.59299993515015 2.18499994277954 1.77699995040894 1.5900000333786 1.61899995803833 2.31500005722046 3.12899994850159 3.35599994659424 3.05100011825562 -3.4e+38 -3.4e+38 -3.4e+38 -3.4e+38 -3.4e+38 -3.4e+38 -3.4e+38 -3.4e+38 -3.4e+38 -3.4e+38 -3.4e+38 -3.4e+38
43.806999206543 41.1380004882812 39.1549987792969 37.3129997253418 33.9360008239746 30.9540004730225 32.3289985656738 32.1549987792969 34.5390014648438 36.5730018615723 36.2410011291504 27.117000579834 0.748000025749207 0.912999987602234 1.41400003433228 1.71700000762939 1.10599994659424 1.05200004577637 4.73299980163574 2.20900011062622 2.59500002861023 3.16000008583069 3.50799989700317 3.18400001525879 2.84200000762939 2.5 2.15899991989136 1.81700003147125 1.54700005054474 1.99199998378754 3.27300000190735 3.75399994850159 3.72399997711182 -3.4e+38 -3.4e+38 -3.4e+38 -3.4e+38 -3.4e+38 -3.4e+38 -3.4e+38 -3.4e+38 -3.4e+38 -3.4e+38 -3.4e+38 -3.4e+38 -3.4e+38
43.2719993591309 41.648998260498 38.1809997558594 34.8310012817383 28.5440006256104 25.9419994354248 29.5249996185303 25.4710006713867 26.3430004119873 28.9909992218018 28.5540008544922 25.1919994354248 1.22699999809265 1.08800005912781 0.829999983310699 1.10599994659424 1.01300001144409 1.40499997138977 1.81400001049042 1.92200005054474 1.62899994850159 1.94099998474121 2.50600004196167 2.81299996376038 2.64199995994568 2.29999995231628 1.95799994468689 1.61699998378754 1.58299994468689 2.86500000953674 3.90799999237061 4.15799999237061 -3.4e+38 -3.4e+38 -3.4e+38 -3.4e+38 -3.4e+38 -3.4e+38 -3.4e+38 -3.4e+38 -3.4e+38 -3.4e+38 -3.4e+38 -3.4e+38 -3.4e+38 -3.4e+38
43.4850006103516 41.3349990844727 36.8699989318848 32.1430015563965 27.1049995422363 27.3840007781982 27.1520004272461 13.1239995956421 4.43300008773804 6.19899988174438 6.27699995040894 8.38599967956543 1.7059999704361 1.62899994850159 1.57700002193451 1.59500002861023 1.35899996757507 1.08800005912781 1.62699997425079 1.84300005435944 1.47699999809265 1.33500003814697 1.28699994087219 1.85199999809265 2.11800003051758 2.09999990463257 1.75800001621246 1.42599999904633 2.04299998283386 3.23200011253357 3.77600002288818 -3.4e+38 -3.4e+38 -3.4e+38 -3.4e+38 -3.4e+38 -3.4e+38 -3.4e+38 -3.4e+38 -3.4e+38 -3.4e+38 -3.4e+38 -3.4e+38 -3.4e+38 -3.4e+38 -3.4e+38
41.8450012207031 40.2389984130859 36.7700004577637 33.5330009460449 30.5149993896484 30.5930004119873 25.2199993133545 10.9989995956421 2.32399988174438 1.90400004386902 1.7389999628067 2.1340000629425 2.76699995994568 2.32800006866455 2.19000005722046 1.97500002384186 1.46800005435944 0.528999984264374 0.791000008583069 1.63699996471405 1.32500004768372 1.18299996852875 1.04100000858307 0.898999989032745 1.19799995422363 1.42299997806549 1.55799996852875 1.40699994564056 2.50200009346008 3.30299997329712 -3.4e+38 -3.4e+38 -3.4e+38 -3.4e+38 -3.4e+38 -3.4e+38 -3.4e+38 -3.4e+38 -3.4e+38 -3.4e+38 -3.4e+38 -3.4e+38 -3.4e+38 -3.4e+38 -3.4e+38 -3.4e+38
39.7550010681152 39.0919990539551 36.9739990234375 33.9049987792969 24.0659999847412 3.87599992752075 10.664999961853 2.5460000038147 2.44000005722046 2.07100009918213 1.71800005435944 2.96499991416931 3.66000008583069 3.2409999370575 2.28800010681152 1.73599994182587 0.913999974727631 0.449999988079071 0.726999998092651 1.34099996089935 1.19700002670288 1.03199994564056 0.888999998569489 0.746999979019165 0.605000019073486 0.542999982833862 1.00899994373322 1.69700002670288 2.01799988746643 -3.4e+38 -3.4e+38 -3.4e+38 -3.4e+38 -3.4e+38 -3.4e+38 -3.4e+38 -3.4e+38 -3.4e+38 -3.4e+38 -3.4e+38 -3.4e+38 -3.4e+38 -3.4e+38 -3.4e+38 -3.4e+38 -3.4e+38
38.9659996032715 38.8810005187988 36.7319984436035 32.6689987182617 12.1999998092651 3.83200001716614 2.36500000953674 2.55999994277954 2.57699990272522 2.33999991416931 1.93900001049042 3.17300009727478 3.68300008773804 3.40599989891052 2.51099991798401 2.71499991416931 1.54299998283386 1.03999996185303 0.788999974727631 1.04499995708466 1.04999995231628 0.879999995231628 0.737999975681305 0.643999993801117 0.799000024795532 0.953000009059906 1.53699994087219 1.83399999141693 -3.4e+38 -3.4e+38 -3.4e+38 -3.4e+38 -3.4e+38 -3.4e+38 -3.4e+38 -3.4e+38 -3.4e+38 -3.4e+38 -3.4e+38 -3.4e+38 -3.4e+38 -3.4e+38 -3.4e+38 -3.4e+38 -3.4e+38 -3.4e+38
38.4280014038086 37.8489990234375 36.4860000610352 25.5599994659424 5.98400020599365 3.40199995040894 2.16799998283386 2.3529999256134 2.53699994087219 2.60599994659424 2.37400007247925 2.47000002861023 4.46199989318848 6.31400012969971 7.57399988174438 7.55800008773804 3.17700004577637 2.85700011253357 2.7739999294281 2.79900002479553 3.19400000572205 0.957000017166138 1.32700002193451 1.51999998092651 1.71200001239777 2.2720000743866 2.35500001907349 -3.4e+38 -3.4e+38 -3.4e+38 -3.4e+38 -3.4e+38 -3.4e+38 -3.4e+38 -3.4e+38 -3.4e+38 -3.4e+38 -3.4e+38 -3.4e+38 -3.4e+38 -3.4e+38 -3.4e+38 -3.4e+38 -3.4e+38 -3.4e+38 -3.4e+38
37.2859992980957 36.7319984436035 36.4959983825684 34.2410011291504 19.8980007171631 13.75 4.75099992752075 4.32999992370605 3.90899991989136 3.18799996376038 2.59299993515015 2.40100002288818 6.46199989318848 9.77299976348877 8.4680004119873 8.96500015258789 4.14400005340576 8.30300045013428 8.97900009155273 9.04899978637695 9.16800022125244 1.94500005245209 1.82400000095367 1.98199999332428 2.19000005722046 2.44799995422363 -3.4e+38 -3.4e+38 -3.4e+38 -3.4e+38 -3.4e+38 -3.4e+38 -3.4e+38 -3.4e+38 -3.4e+38 -3.4e+38 -3.4e+38 -3.4e+38 -3.4e+38 -3.4e+38 -3.4e+38 -3.4e+38 -3.4e+38 -3.4e+38 -3.4e+38 -3.4e+38
35.8310012817383 34.6349983215332 33.939998626709 29.1310005187988 23.3139991760254 21.1539993286133 7.63800001144409 7.21799993515015 5.19000005722046 2.83699989318848 2.4449999332428 2.39400005340576 8.33399963378906 11.2110004425049 11.0010004043579 10.6319999694824 11.1909999847412 11.8680000305176 12.3800001144409 11.8500003814697 11.0279998779297 6.57600021362305 2.35999989509583 2.1489999294281 2.39000010490417 -3.4e+38 -3.4e+38 -3.4e+38 -3.4e+38 -3.4e+38 -3.4e+38 -3.4e+38 -3.4e+38 -3.4e+38 -3.4e+38 -3.4e+38 -3.4e+38 -3.4e+38 -3.4e+38 -3.4e+38 -3.4e+38 -3.4e+38 -3.4e+38 -3.4e+38 -3.4e+38 -3.4e+38
31.25 29.1580009460449 28.0200004577637 26.7310009002686 25.4729995727539 23.7660007476807 9.93599987030029 7.19199991226196 4.83900022506714 2.48699998855591 2.31900000572205 2.90100002288818 9.5620002746582 10.9049997329712 11.2019996643066 11.3940000534058 12.0930004119873 12.2670001983643 12.3929996490479 12.0279998779297 12.0620002746582 11.2650003433228 9.16300010681152 5.07399988174438 -3.4e+38 -3.4e+38 -3.4e+38 -3.4e+38 -3.4e+38 -3.4e+38 -3.4e+38 -3.4e+38 -3.4e+38 -3.4e+38 -3.4e+38 -3.4e+38 -3.4e+38 -3.4e+38 -3.4e+38 -3.4e+38 -3.4e+38 -3.4e+38 -3.4e+38 -3.4e+38 -3.4e+38 -3.4e+38
25.4249992370605 26.6630001068115 27.5699996948242 27.9839992523193 27.9330005645752 26.1860008239746 17.4950008392334 13.5319995880127 10.1850004196167 5.5019998550415 4.50799989700317 7.62599992752075 11.1000003814697 11.8290004730225 11.7510004043579 12.5539999008179 14.451000213623 14.1940002441406 13.9099998474121 13.4259996414185 12.6999998092651 11.9680004119873 11.2950000762939 -3.4e+38 -3.4e+38 -3.4e+38 -3.4e+38 -3.4e+38 -3.4e+38 -3.4e+38 -3.4e+38 -3.4e+38 -3.4e+38 -3.4e+38 -3.4e+38 -3.4e+38 -3.4e+38 -3.4e+38 -3.4e+38 -3.4e+38 -3.4e+38 -3.4e+38 -3.4e+38 -3.4e+38 -3.4e+38 -3.4e+38
