02_asc_chm-r50m/BR210A.asc
NCOLS 200 
NROWS 200 
XLLCORNER 539137 
YLLCORNER 5283289.5 
CELLSIZE 0.5 
NODATA_value -3.4e+38 
[rows 100 to 119 of 200, columns 46 to 91 of 200]
15.164999961853 11.8120002746582 9.26099967956543 9.31900024414062 11.5690002441406 14.2760000228882 15.4549999237061 17.628999710083 19.0349998474121 19.503999710083 19.3610000610352 17.8169994354248 14.5780000686646 14.7869997024536 17.4680004119873 24.2679996490479 31.4379997253418 33.4690017700195 34.0750007629395 31.4200000762939 19.9729995727539 20.0659999847412 12.668999671936 12.1160001754761 10.8009996414185 15.8739995956421 17.1730003356934 16.4619998931885 16.0699996948242 16.2280006408691 12.6840000152588 9.42099952697754 8.78600025177002 8.35000038146973 5.75899982452393 5.97599983215332 7.91099977493286 18.3390007019043 24.5750007629395 26.9479999542236 29.9710006713867 31.6030006408691 32.4980010986328 34.4780006408691 35.0040016174316 32.3530006408691
21.6889991760254 18.9640007019043 16.0650005340576 11.4160003662109 11.6859998703003 14.7659997940063 18.1089992523193 19.6590003967285 19.9169998168945 19.8349990844727 18.6340007781982 16.5839996337891 15.5869998931885 14.2620000839233 16.9489994049072 23.5520000457764 26.9640007019043 31.2709999084473 32.2599983215332 28.2199993133545 20.8689994812012 24.4090003967285 12.2720003128052 8.8120002746582 16.2350006103516 17.2870006561279 17.2059993743896 16.8990001678467 18.9220008850098 16.9370002746582 15.4160003662109 14.0649995803833 15.4569997787476 16.5289993286133 14.5920000076294 10.793999671936 9.42300033569336 18.2490005493164 25.4020004272461 30.4869995117188 34.125 34.4889984130859 30.8649997711182 30.1550006866455 31.1669998168945 31.0990009307861
24.8269996643066 11.4270000457764 5.68900012969971 10.5329999923706 11.9829998016357 14.9650001525879 18.5580005645752 20.6809997558594 20.6119995117188 20.3770008087158 19.2159996032715 16.7639999389648 15.8129997253418 13.6499996185303 21.6569995880127 26.1429996490479 26.3929996490479 27.3290004730225 29.6009998321533 27.5860004425049 26.7329998016357 27.4570007324219 27.806999206543 23.9820003509521 16.6119995117188 16.871000289917 18.6189994812012 20.1270008087158 21 19.9869995117188 18.2070007324219 18.306999206543 19.8570003509521 20.7019996643066 20.4750003814697 17.6650009155273 17.8290004730225 19.3659992218018 24.8320007324219 29.9349994659424 35.298999786377 36.0320014953613 32.375 27.3379993438721 29.863000869751 29.1809997558594
25.7779998779297 8.24400043487549 4.81199979782104 10.0909996032715 12.8489999771118 15.5139999389648 18.1539993286133 20.4869995117188 20.2880001068115 20.3360004425049 20.3600006103516 17.8390007019043 15.3730001449585 12.8590002059937 12.4689998626709 28.125 29.0690002441406 29.5340003967285 30.8959999084473 30.9549999237061 30.3859996795654 30.4330005645752 28.9200000762939 28.1389999389648 22.1989994049072 20.9230003356934 21.3090000152588 22.6240005493164 22.4850006103516 21.7399997711182 20.5160007476807 21.1219997406006 21.8159999847412 21.9780006408691 22.2150001525879 21.6809997558594 20.57200050354 23.3570003509521 24.9309997558594 28.5480003356934 32.3680000305176 33.1730003356934 31.1420001983643 23.7569999694824 25.5279998779297 28.496000289917
26.0970001220703 18.9559993743896 4.84200000762939 8.70100021362305 12.3070001602173 14.6870002746582 16.875 19.6730003356934 19.8390007019043 19.8110008239746 19.181999206543 17.3330001831055 14.3570003509521 10.5530004501343 8.55500030517578 21.1019992828369 29.8239994049072 31.0900001525879 32.4539985656738 32.5979995727539 31.8339996337891 30.1900005340576 28.4860000610352 26.0510005950928 24.7810001373291 24.1060009002686 22.7980003356934 23.2199993133545 22.9150009155273 22.4080009460449 21.1560001373291 21.3959999084473 22.2679996490479 22.9379997253418 23.701000213623 22.7919998168945 20.8470001220703 20.94700050354 23.0659999847412 25.8579998016357 25.951000213623 26.3369998931885 27.3619995117188 21.4689998626709 20.1350002288818 23.2770004272461
29.0750007629395 9.77200031280518 8.92899990081787 7.53399991989136 9.9709997177124 13.2320003509521 15.7810001373291 18.3320007324219 18.6949996948242 17.556999206543 15.1800003051758 13.5240001678467 12.5459995269775 9.14599990844727 18.9759998321533 25.9850006103516 28.9810009002686 31.5909996032715 32.7680015563965 32.7529983520508 31.9449996948242 30.2779998779297 26.9230003356934 23.9400005340576 23.9050006866455 23.6979999542236 23.2970008850098 22.9979991912842 22.4899997711182 21.7849998474121 21.257999420166 21.5949993133545 22.8950004577637 23.9769992828369 24.0510005950928 23.0799999237061 19.6650009155273 19.1949996948242 20.7670001983643 20.9790000915527 22.3479995727539 23.617000579834 22.6909999847412 19.2490005493164 15.1099996566772 9.94099998474121
23.6380004882812 11.6040000915527 7.14400005340576 7.12900018692017 9.92599964141846 11.1920003890991 12.9610004425049 15.7670001983643 16.32200050354 13.4949998855591 11.7720003128052 11.7559995651245 11.9010000228882 19.8819999694824 26.4540004730225 27.4689998626709 28.7670001983643 31.246000289917 32.5890007019043 32.9459991455078 32.3860015869141 30.7150001525879 26.8239994049072 23.0620002746582 23.8190002441406 23.3999996185303 22.6060009002686 22.5590000152588 22.548999786377 22.1200008392334 21.9559993743896 22.0939998626709 23.1550006866455 23.2140007019043 22.9169998168945 21.8349990844727 19.5139999389648 17.548999786377 15.6870002746582 11.9630002975464 17.0839996337891 18.4050006866455 15.8409996032715 12.8590002059937 9.17800045013428 5.69299983978271
23.8449993133545 21.57200050354 12.8109998703003 8.88599967956543 9.99600028991699 10.5679998397827 11.8459997177124 12.1309995651245 14.0089998245239 14.1669998168945 12.1730003356934 12.048999786377 16.8770008087158 25.1669998168945 26.9419994354248 27.5459995269775 29.4400005340576 31.3379993438721 32.507999420166 32.4850006103516 32.2120018005371 30.92799949646 29.3309993743896 26.7360000610352 26.0949993133545 24.2730007171631 21.8560009002686 21.9360008239746 21.8939990997314 21.7749996185303 19.44700050354 21.0990009307861 21.8810005187988 21.8449993133545 21.2919998168945 19.5270004272461 17.2700004577637 9.70300006866455 4.36899995803833 0.619000017642975 4.92799997329712 12.2119998931885 9.54599952697754 6.77299976348877 1.6690000295639 1.03199994564056
26.4610004425049 21.193000793457 9.4689998626709 9.10499954223633 9.80799961090088 10.4569997787476 13.4379997253418 14.1949996948242 15.0129995346069 15.0089998245239 13.1960000991821 12.2159996032715 18.3850002288818 24.5690002441406 27.3840007781982 28.0830001831055 29.8729991912842 31.2530002593994 31.1070003509521 31.2329998016357 31.443000793457 30.0729999542236 28.3700008392334 26.9850006103516 27.0400009155273 23.3099994659424 20.0659999847412 21.1089992523193 20.9400005340576 20.6709995269775 17.6159992218018 16.871000289917 17.3519992828369 15.2340002059937 13.6099996566772 12.1990003585815 8.15100002288818 0.994000017642975 0.712000012397766 0.404000014066696 0.421000003814697 4.04199981689453 2.89599990844727 0.865000009536743 0.423000007867813 2.44000005722046
23.1040000915527 17.8190002441406 5.92500019073486 8.06700038909912 12.1140003204346 13.6579999923706 15.0430002212524 15.4569997787476 15.5710000991821 15.2799997329712 14.0089998245239 12.1409997940063 16.1420001983643 20.6720008850098 26.826000213623 28.556999206543 29.806999206543 30.1189994812012 29.6159992218018 29.5349998474121 29.2199993133545 28.113000869751 27.9790000915527 27.5610008239746 24.378999710083 20.1240005493164 18.6679992675781 18.8509998321533 19.4909992218018 18.125 15.7469997406006 14.6029996871948 10.1800003051758 4.43699979782104 1.60699999332428 0.657000005245209 0.685000002384186 0.73199999332428 0.449999988079071 0.298000007867813 0.337000012397766 0.508000016212463 0.499000012874603 0.36599999666214 1.00699996948242 2.90199995040894
17.201000213623 9.89999961853027 5.40000009536743 7.59100008010864 12.1800003051758 13.5570001602173 16.2779998779297 16.6529998779297 17.3099994659424 16.0939998626709 15.4849996566772 11.9650001525879 12.4530000686646 15.5480003356934 23.1469993591309 27.6459999084473 27.753999710083 28.5809993743896 28.492000579834 28.8419990539551 28.6669998168945 27.5109996795654 27.6259994506836 26.4309997558594 25.0510005950928 18.3500003814697 16.3700008392334 15.6359996795654 16.5370006561279 16.863000869751 15.2200002670288 13.0179996490479 5.24100017547607 1.94400000572205 0.546000003814697 0.556999981403351 0.685000002384186 0.725000023841858 1.24000000953674 2.1470000743866 1.07500004768372 0.903999984264374 0.952000021934509 0.754999995231628 2.1010000705719 3.45000004768372
15.3990001678467 10.8870000839233 5.80299997329712 4.53499984741211 9.05500030517578 15.5869998931885 21.2819995880127 23.55299949646 17.306999206543 16.2189998626709 15.8170003890991 15.7349996566772 14.1479997634888 13.371000289917 17.556999206543 23.4459991455078 25.867000579834 27.076000213623 26.7889995574951 27.07200050354 26.6529998779297 27.1049995422363 26.32200050354 23.3099994659424 15.8870000839233 4.57299995422363 12.164999961853 10.6199998855591 13.621000289917 13.4340000152588 9.93299961090088 5.35799980163574 4.03499984741211 1.74500000476837 0.526000022888184 0.875999987125397 0.948000013828278 2.53999996185303 6.66099977493286 6.66499996185303 5.28900003433228 4.00600004196167 7.6710000038147 12.4340000152588 14.8929996490479 3.66899991035461
15.1979999542236 9.54800033569336 8.27499961853027 13.164999961853 10.5530004501343 18.8889999389648 22.8339996337891 23.882999420166 18.3159999847412 15.6840000152588 15.8159999847412 18.173999786377 18.0830001831055 17.5499992370605 19.8519992828369 20.306999206543 24.3840007781982 24.253999710083 25.2759990692139 23.636999130249 19.6900005340576 24.9990005493164 24.7269992828369 16.7880001068115 4.96299982070923 5.80200004577637 10.1520004272461 2.0220000743866 3.90799999237061 5.60900020599365 3.23399996757507 2.65799999237061 2.39400005340576 1.39499998092651 0.561999976634979 0.899999976158142 1.04100000858307 4.48299980163574 7.08099985122681 8.54300022125244 13.3590002059937 17.7719993591309 24.3449993133545 29.738000869751 26.2040004730225 6.17000007629395
16.6599998474121 15.7270002365112 16.7169990539551 16.5639991760254 24.1749992370605 24.8449993133545 25.556999206543 24.6849994659424 19.878999710083 17.0020008087158 18.1119995117188 20.0839996337891 20.1420001983643 18.4479999542236 13.8610000610352 11.8929996490479 18.9200000762939 23.6539993286133 22.1459999084473 17.2140007019043 13.1140003204346 13.1400003433228 13.9790000915527 15.1940002441406 13.83899974823 13.4119997024536 15.1540002822876 4.46099996566772 0.444999992847443 0.879999995231628 1.32799994945526 1.30099999904633 0.853999972343445 0.500999987125397 0.522000014781952 2.30699992179871 2.77600002288818 5.54099988937378 8.2519998550415 10.0059995651245 19.1310005187988 23.9029998779297 28.8349990844727 30.0289993286133 2.40400004386902 0.773000001907349
21.9099998474121 25.7789993286133 26.0930004119873 21.8250007629395 24.2080001831055 29.181999206543 27.9500007629395 26.2490005493164 24.1639995574951 17.5419998168945 19.1700000762939 19.7369995117188 19.4099998474121 17.9689998626709 14.121000289917 12.6009998321533 14.5059995651245 21.125 18.0060005187988 11.0069999694824 3.16700005531311 3.87599992752075 0.483999997377396 3.8529999256134 12.3280000686646 17.3649997711182 18.8619995117188 12.6319999694824 0.705999970436096 0.823000013828278 1.13699996471405 1.00999999046326 0.654999971389771 0.328000009059906 1.61800003051758 4.7960000038147 5.24100017547607 8.01299953460693 10.1820001602173 10.3730001449585 22.2870006561279 28.4979991912842 30.1480007171631 30.0240001678467 21.05299949646 1.01600003242493
22.7180004119873 25.3840007781982 26.4680004119873 28.0690002441406 29.6539993286133 30.1979999542236 29.5170001983643 26.7770004272461 24.4540004730225 22.326000213623 20.5349998474121 19.371000289917 17.0240001678467 16.3759994506836 15.0550003051758 14.4739999771118 14.7790002822876 17.7430000305176 14.9720001220703 7.55399990081787 1.01199996471405 0.832000017166138 1.27400004863739 3.46499991416931 13.1379995346069 16.1060009002686 16.6030006408691 12.5310001373291 0.856000006198883 0.828999996185303 0.848999977111816 0.73199999332428 0.409999996423721 1.48599994182587 4.10599994659424 6.56400012969971 6.63800001144409 9.14200019836426 10.9270000457764 11.4010000228882 22.4290008544922 29.0890007019043 30.0400009155273 24.9729995727539 14.2410001754761 5.51300001144409
23.3810005187988 24.6079998016357 27.6949996948242 29.1159992218018 30.0330009460449 30.4270000457764 29.9409999847412 26.9990005493164 26.3409996032715 24.0130004882812 18.1110000610352 19.2719993591309 19.621000289917 15.7959995269775 15.8059997558594 15.8990001678467 15.8830003738403 16.1040000915527 12.0769996643066 3.96499991416931 0.165000006556511 1.26300001144409 1.35399997234344 1.21800005435944 1.05299997329712 6.64200019836426 9.0019998550415 0.546000003814697 0.702000021934509 2.58400011062622 0.610000014305115 0.41100001335144 0.247999995946884 3.01300001144409 5.60200023651123 6.79300022125244 6.96299982070923 9.5930004119873 11.0530004501343 11.8070001602173 12.125 23.3339996337891 22.7800006866455 19.9060001373291 8.09899997711182 7.23699998855591
23.3850002288818 23.7259998321533 26.9080009460449 28.5480003356934 29.8299999237061 30.1229991912842 29.6259994506836 28.6539993286133 26.1100006103516 21.8010005950928 18.1009998321533 19.7569999694824 19.92799949646 20.423999786377 18.4890003204346 14.7360000610352 14.3199996948242 14.3909997940063 10.706000328064 3.36199998855591 0.843999981880188 1.15600001811981 1.00499999523163 0.711000025272369 0.944000005722046 0.75900000333786 0.372000008821487 0.479999989271164 0.708000004291534 11.8629999160767 11.4709997177124 10.7130002975464 3.56100010871887 2.20600008964539 4.46799993515015 6.4850001335144 8.53400039672852 10.1149997711182 10.5819997787476 11.0559997558594 11.9169998168945 12.2709999084473 10.3570003509521 9.67800045013428 6.95900011062622 5.39400005340576
22.42799949646 22.5909996032715 26.5930004119873 28.7880001068115 29.0729999542236 29.371000289917 28.7199993133545 28.9850006103516 27.0459995269775 23.2630004882812 19.7040004730225 19.931999206543 20.2779998779297 20.6019992828369 17.7840003967285 12.3039999008179 11.5869998931885 10.1579999923706 3.87599992752075 1.07599997520447 1.20799994468689 1.06200003623962 0.550000011920929 0.924000024795532 1.27400004863739 3.10700011253357 0.442999988794327 3.66599988937378 14.1709995269775 20.9680004119873 18.9330005645752 21.6200008392334 24.9069995880127 17.5400009155273 4.74700021743774 6.14400005340576 7.60300016403198 9.9060001373291 10.0939998626709 10.1840000152588 11.21399974823 10.4580001831055 10.2880001068115 8.86900043487549 6.30800008773804 2.90100002288818
20.9190006256104 22.82200050354 26.1529998779297 27.9810009002686 28.3519992828369 28.4689998626709 27.6060009002686 28.0060005187988 27.2910003662109 25.4750003814697 24.4440002441406 22.0090007781982 20.4629993438721 20.242000579834 19.8010005950928 13.2620000839233 11.1339998245239 9.31099987030029 3.06599998474121 0.85699999332428 1.18900001049042 1.22399997711182 1.39699995517731 1.55599999427795 1.41100001335144 5.64400005340576 17.003999710083 24.988000869751 25.2849998474121 22.8770008087158 20.6870002746582 25.1760005950928 25.1840000152588 24.9190006256104 14.6140003204346 5.35099983215332 6.15899991989136 8.98299980163574 8.62399959564209 9.15900039672852 10.1470003128052 9.8100004196167 8.29899978637695 7.66499996185303 5.4520001411438 1.6710000038147
