02_asc_chm-r50m/BR211A.asc
NCOLS 201 
NROWS 200 
XLLCORNER 540054.5 
YLLCORNER 5310453 
CELLSIZE 0.5 
NODATA_value -3.4e+38 
[rows 80 to 99 of 200, columns 92 to 137 of 201]
28.9820003509521 27.9290008544922 28.30299949646 28.6770000457764 28.0030002593994 22.3689994812012 18.875 13.4479999542236 11.9280004501343 12.5629997253418 15.9910001754761 27.3409996032715 27.9109992980957 28.9790000915527 29.382999420166 29.0849990844727 28.9330005645752 28.1690006256104 27.8619995117188 27.8360004425049 28.4249992370605 28.3360004425049 28.1879997253418 26.9109992980957 26.2590007781982 27.5170001983643 29.6380004882812 32.015998840332 33.0890007019043 33.2430000305176 33.0940017700195 30.1240005493164 27.3299999237061 22.0249996185303 13.5579996109009 11.3430004119873 20.2089996337891 25.628999710083 26.0820007324219 27.05299949646 23.1420001983643 15.5749998092651 5.02799987792969 18.0279998779297 18.6580009460449 14.1879997253418
29.1989994049072 29.0259990692139 29.1840000152588 29.3950004577637 29.0160007476807 27.4069995880127 25.5909996032715 22.2409992218018 11.6409997940063 12.0780000686646 12.4689998626709 27.4340000152588 28.3810005187988 29.5990009307861 30.2159996032715 29.7530002593994 29.0960006713867 27.2350006103516 27.1019992828369 27.3290004730225 27.7770004272461 28.3059997558594 27.8920001983643 26.0849990844727 24.4069995880127 26.9519996643066 29.5200004577637 31.0970001220703 32.476001739502 32.6769981384277 32.3709983825684 31.0869998931885 28.7639999389648 23.7199993133545 14.5059995651245 11.9250001907349 15.5050001144409 22.4419994354248 22.6240005493164 22.7929992675781 11.3699998855591 5.29099988937378 19.5970001220703 28.2649993896484 14.5970001220703 10.5570001602173
28.5699996948242 29.6030006408691 29.9050006866455 29.8689994812012 29.2719993591309 28.4689998626709 27.9200000762939 25.0709991455078 10.543999671936 10.8760004043579 12.2950000762939 28.0599994659424 29.6040000915527 30.7430000305176 30.3799991607666 30.1280002593994 28.2999992370605 24.5429992675781 23.1399993896484 27.6459999084473 28.257999420166 29.0939998626709 28.6049995422363 26.5769996643066 23.0540008544922 25.931999206543 28.2929992675781 30.8419990539551 31.4659996032715 31.8859996795654 31.2040004730225 29.4340000152588 28.2169990539551 26.3479995727539 18.4039993286133 13.8009996414185 11.5170001983643 13.6820001602173 8.63799953460693 7.17899990081787 9.07100009918213 20.0970001220703 28.4640007019043 28.5499992370605 16.9790000915527 20.8190002441406
28.386999130249 29.5909996032715 30.048999786377 29.867000579834 29.1490001678467 28.2310009002686 27.8080005645752 25.9769992828369 12.4370002746582 9.45400047302246 20.4810009002686 28.2779998779297 30.4300003051758 31.0540008544922 30.1149997711182 28.8250007629395 23.6000003814697 18.9950008392334 16.4909992218018 23.496000289917 28.2430000305176 28.9930000305176 28.1609992980957 24.1609992980957 15.2679996490479 28.1749992370605 28.2870006561279 31.5580005645752 31.9640007019043 31.1989994049072 30.5599994659424 29.3460006713867 27.8390007019043 26.6620006561279 21.4909992218018 16.9619998931885 14.4720001220703 12.9860000610352 13.168999671936 15.8450002670288 20.8640003204346 29.0580005645752 29.6909999847412 29.3889999389648 28.9220008850098 29.1049995422363
27.8780002593994 29.2830009460449 29.6879997253418 29.3880004882812 28.6679992675781 27.6879997253418 26.988000869751 26.5629997253418 17.0429992675781 12.7049999237061 19.7520008087158 27.32200050354 30.3040008544922 30.6520004272461 29.8120002746582 26.7430000305176 22.1919994354248 21.1089992523193 15.9409999847412 27.1049995422363 27.6350002288818 28.0020008087158 27.7040004730225 21.7549991607666 13.581000328064 30.4549999237061 31.2479991912842 32.3699989318848 32.560001373291 30.882999420166 30.0830001831055 29.2490005493164 26.7929992675781 25.9759998321533 22.1420001983643 17.0429992675781 19.9379997253418 20.0820007324219 20.4249992370605 25.42799949646 29.0429992675781 30.5620002746582 30.7490005493164 30.5419998168945 30.2700004577637 30.1359996795654
27.6200008392334 28.5179996490479 29.0590000152588 28.7609996795654 28.0919990539551 27.431999206543 26.6760005950928 26.3290004730225 21.253999710083 19.0919990539551 23.4769992828369 26.3470001220703 28.4519996643066 29.2759990692139 28.5990009307861 26.0919990539551 24.882999420166 25.1480007171631 26.1650009155273 27.3309993743896 27.1550006866455 27.1849994659424 26.7910003662109 11.9329996109009 22.3600006103516 30.7399997711182 32.3950004577637 33.0270004272461 32.9650001525879 31.6770000457764 29.1700000762939 27.1569995880127 27.4610004425049 27.1060009002686 26.951000213623 23.7709999084473 23.2840003967285 22.5900001525879 22.132999420166 26.5590000152588 29.6000003814697 30.8209991455078 31.257999420166 30.9179992675781 30.6749992370605 30.5459995269775
26.7439994812012 27.375 28.0599994659424 27.8430004119873 27.7089996337891 27.5189990997314 27 26.1639995574951 25.0949993133545 22.5750007629395 24.8269996643066 24.0340003967285 24.6259994506836 25.136999130249 24.6700000762939 22.2199993133545 24.7889995574951 26.0669994354248 28.6630001068115 29.5400009155273 28.7099990844727 27.6429996490479 25.5709991455078 16.2099990844727 21.3040008544922 30.6979999542236 32.6339988708496 33.1959991455078 33.064998626709 32.5499992370605 30.5020008087158 27.5270004272461 27.0189990997314 27.1159992218018 25.8379993438721 23.757999420166 23.1569995880127 22.5729999542236 21.2329998016357 28.8969993591309 29.4330005645752 30.5620002746582 31.3969993591309 31.3409996032715 31.0709991455078 30.7339992523193
26.4050006866455 26.5470008850098 26.5100002288818 27.2369995117188 27.3279991149902 27.4200000762939 27.3250007629395 27.0400009155273 25.2099990844727 24.7810001373291 23.2250003814697 18.8770008087158 20.6879997253418 19.9489994049072 18.6919994354248 11.326000213623 25.9090003967285 28.867000579834 30.0069999694824 30.2089996337891 30.2749996185303 29.6480007171631 27.5750007629395 22.6989994049072 22.8110008239746 28.9029998779297 32.3580017089844 32.984001159668 32.5250015258789 31.9179992675781 30.2870006561279 27.806999206543 26.7390003204346 20.992000579834 23.3040008544922 22.3780002593994 21.9599990844727 22.9500007629395 20.7679996490479 26.9780006408691 29.1450004577637 29.9479999542236 31.2350006103516 31.0869998931885 30.5249996185303 30.3159999847412
25.4939994812012 24.7180004119873 25.2609996795654 26.5919990539551 26.9559993743896 27.2329998016357 27.0540008544922 26.5410003662109 25.875 25.3369998931885 25.2129993438721 23.0400009155273 21.2880001068115 18.4389991760254 18.0860004425049 21.0839996337891 28.326000213623 29.863000869751 30.7469997406006 30.8649997711182 30.8139991760254 30.3990001678467 28.9209995269775 23.3519992828369 22.1350002288818 28.5790004730225 31.6140003204346 32.3689994812012 31.5480003356934 30.92799949646 30.1229991912842 28.1940002441406 20.6040000915527 10.9659996032715 14.3120002746582 17.6590003967285 24.3689994812012 25.3239994049072 22.2590007781982 25.8320007324219 28.5650005340576 29.3899993896484 30.1520004272461 29.7360000610352 30.2189998626709 29.931999206543
24.0699996948242 23.6700000762939 24.5319995880127 25.5900001525879 26.5610008239746 26.931999206543 26.9370002746582 26.6730003356934 26.1830005645752 25.5900001525879 24.5179996490479 22.1469993591309 21.0830001831055 18.7959995269775 20.4230003356934 23.492000579834 27.8880004882812 29.8229999542236 31.2189998626709 31.2980003356934 30.9500007629395 29.7730007171631 27.0310001373291 23.5020008087158 23.7059993743896 28.7709999084473 30.0130004882812 30.7919998168945 31.0890007019043 30.6650009155273 29.0580005645752 28.2180004119873 26.7280006408691 19.4890003204346 15.0500001907349 14.1029996871948 21.5359992980957 25.9150009155273 20.8509998321533 24.0179996490479 24.6949996948242 26.3729991912842 26.4139995574951 29.8990001678467 30.6429996490479 29.701000213623
22.6520004272461 23.2520008087158 24.298999786377 25.1860008239746 25.8729991912842 26.1979999542236 26.1389999389648 26.2770004272461 25.7240009307861 24.6690006256104 23.3479995727539 21.8600006103516 20.0610008239746 18.3929996490479 19.5909996032715 25.7450008392334 27.4570007324219 29.7900009155273 30.9790000915527 31.0830001831055 30.9810009002686 30.1110000610352 29.6700000762939 25.2070007324219 24.5790004730225 26.8129997253418 27.1800003051758 28.7070007324219 29.9860000610352 29.878999710083 27.9130001068115 27.7549991607666 28.19700050354 26.9309997558594 25.5699996948242 22.2159996032715 26.5510005950928 25.7880001068115 19.2280006408691 17.5279998779297 17.5450000762939 24.1870002746582 27.6480007171631 30.6140003204346 31.3199996948242 29.8120002746582
21.6180000305176 22.2940006256104 23.7919998168945 24.6259994506836 24.7250003814697 25.2280006408691 25.5249996185303 25.5970001220703 25.1849994659424 24.1480007171631 22.7719993591309 21.9559993743896 20.3250007629395 13.0419998168945 11.5190000534058 25.8920001983643 27.0639991760254 29.2299995422363 30.2199993133545 30.4340000152588 30.4780006408691 29.9740009307861 27.5650005340576 25.67799949646 25.613000869751 25.4099998474121 26.4899997711182 26.7569999694824 27.5709991455078 27.32200050354 26.1340007781982 24.923999786377 27.5580005645752 28.2609996795654 29.2940006256104 28.6539993286133 26.996000289917 21.5669994354248 15.914999961853 18.882999420166 24.5799999237061 27.5860004425049 29.5370006561279 31.1299991607666 31.3659992218018 30.9290008544922
20.4300003051758 19.7290000915527 20.7689990997314 22.257999420166 23.8530006408691 24.2430000305176 23.7849998474121 24.9479999542236 24.6089992523193 23.9839992523193 21.7520008087158 21.7290000915527 16.2549991607666 2.45300006866455 4.05600023269653 20.1310005187988 26.9379997253418 29.3579998016357 29.4990005493164 29.9090003967285 29.9260005950928 29.4850006103516 26.4370002746582 25.681999206543 26.1140003204346 25.9500007629395 24.4640007019043 23.363000869751 24.6949996948242 26.6319999694824 26.4909992218018 25.1809997558594 28.4799995422363 31.3150005340576 31.0729999542236 31.2360000610352 25.367000579834 18.5270004272461 17.5909996032715 16.8969993591309 22.9340000152588 29.4479999542236 31.2919998168945 31.7679996490479 31.8139991760254 31.1639995574951
17.0580005645752 15.9300003051758 17.4349994659424 17.8449993133545 16.6469993591309 20.318000793457 15.9840002059937 23.5240001678467 22.8810005187988 20.2409992218018 20.5939998626709 21.2070007324219 9.94499969482422 4.64200019836426 12.33899974823 20.1529998779297 27.4850006103516 28.5419998168945 28.5919990539551 29.3050003051758 29.0009994506836 28.6490001678467 23.1079998016357 22.2660007476807 26.0610008239746 25.6270008087158 24.3530006408691 24.5590000152588 24.875 26.1429996490479 26.25 26.1380004882812 29.6569995880127 31.4769992828369 31.9169998168945 31.6870002746582 25.6830005645752 19.3470001220703 17.6310005187988 17.1070003509521 16.7369995117188 25.5400009155273 31.246000289917 31.701000213623 31.3719997406006 29.8279991149902
16.1509990692139 13.7270002365112 11.6899995803833 9.47000026702881 3.76300001144409 4.78299999237061 1.82400000095367 11.6909999847412 11.3059997558594 12.0139999389648 14.5979995727539 13.6630001068115 2.89800000190735 6.30999994277954 20.4850006103516 25.7029991149902 28.1539993286133 28.3239994049072 28.3899993896484 28.1959991455078 27.613000869751 25.1229991912842 17.0879993438721 22.625 27.5090007781982 27.1480007171631 25.9080009460449 25.1319999694824 25.0540008544922 25.6529998779297 25.7609996795654 25.0769996643066 28.9780006408691 31.7549991607666 32.1370010375977 32.0519981384277 31.4780006408691 28.9540004730225 24.9050006866455 20.0590000152588 17.3610000610352 25.7089996337891 30.9009990692139 31.2339992523193 31.3980007171631 30.8799991607666
10.46399974823 11.8459997177124 2.86199998855591 1.58899998664856 2.22699999809265 2.04200005531311 1.70299994945526 1.77199995517731 2.56800007820129 3.10400009155273 4.00699996948242 1.04499995708466 0.0780000016093254 12.4549999237061 23.6760005950928 27.6060009002686 28.367000579834 28.3239994049072 28.0779991149902 27.4619998931885 26.507999420166 21.2229995727539 20.7390003204346 27.632999420166 27.6420001983643 27.4720001220703 26.8239994049072 25.4479999542236 25.0559997558594 25.1630001068115 23.5209999084473 22.363000869751 26.7549991607666 30.621000289917 31.4069995880127 31.5009994506836 30.2399997711182 29.2759990692139 28.1060009002686 22.2840003967285 18.4130001068115 21.6529998779297 28.4249992370605 29.7479991912842 29.7269992828369 29.8369998931885
4.03800010681152 5.52500009536743 0.851000010967255 1.32099997997284 1.79799997806549 1.68299996852875 1.66600000858307 1.85599994659424 1.41799998283386 0.103000000119209 0.0829999968409538 1.07700002193451 12.3140001296997 16.5030002593994 22.6790008544922 26.6690006256104 28.0139999389648 28.0380001068115 27.9300003051758 27.5380001068115 24.9479999542236 19.2199993133545 24.4090003967285 27.8209991455078 27.886999130249 27.7390003204346 27.2649993896484 25.6889991760254 24.5459995269775 23.6940002441406 23.3719997406006 25.5849990844727 27.7980003356934 29.9020004272461 30.2530002593994 30.0879993438721 28.8020000457764 28.7259998321533 28.621000289917 26.8250007629395 25.3369998931885 22.3360004425049 25.9340000152588 26.4160003662109 28.056999206543 29.2950000762939
18.2590007781982 11.2550001144409 1.93400001525879 0.828000009059906 1.41700005531311 1.37399995326996 1.44400000572205 1.70299994945526 1.30400002002716 0.209000006318092 0.170000001788139 3.68099999427795 11.3649997711182 15.6999998092651 18.8449993133545 25.5790004730225 27.6569995880127 27.2000007629395 26.9699993133545 27 21.44700050354 19.121000289917 25.1259994506836 27.9710006713867 28.0839996337891 27.9689998626709 27.2229995727539 25.0279998779297 24.5580005645752 24.3810005187988 26.3640003204346 27.0370006561279 27.7099990844727 29.7849998474121 29.8460006713867 29.6459999084473 28.7950000762939 28.8530006408691 28.8159999847412 28.6149997711182 27.7749996185303 25.4300003051758 24.8229999542236 25.4540004730225 27.3269996643066 29.7919998168945
25.1790008544922 19.1919994354248 2.74699997901917 9.54699993133545 6.92700004577637 1.06500005722046 1.00499999523163 1.10500001907349 0.791000008583069 0.287000000476837 0.382999986410141 6.42799997329712 11.2869997024536 14.7410001754761 17.8560009002686 23.42799949646 26.867000579834 26.0839996337891 25.257999420166 24.7399997711182 20.0170001983643 22.2299995422363 27.4580001831055 27.8490009307861 27.9890003204346 27.6720008850098 27.003999710083 25.7229995727539 25.5729999542236 18.617000579834 17.3379993438721 17.507999420166 24.6679992675781 28.3339996337891 28.9489994049072 28.7159996032715 28.1280002593994 28.7430000305176 29.4939994812012 29.1149997711182 28.3969993591309 27.2959995269775 24.3969993591309 23.4500007629395 25.4190006256104 29.4069995880127
19.6940002441406 28.9309997558594 27.8470001220703 23.6959991455078 21.0249996185303 8.44799995422363 0.703000009059906 0.435000002384186 0.215000003576279 1.82700002193451 5.71700000762939 10.2679996490479 13.9180002212524 16.0189990997314 18.3379993438721 23.3279991149902 26.0629997253418 26.0209999084473 25.2840003967285 24.6940002441406 23.3920001983643 25.5669994354248 26.742000579834 27.3059997558594 27.4969997406006 27.4540004730225 27.1900005340576 26.2709999084473 25.0340003967285 9.8120002746582 1.01699995994568 5.82299995422363 19.8369998931885 25.2029991149902 27.5020008087158 28.5820007324219 29.2240009307861 30.1000003814697 30.3379993438721 29.3439998626709 28.5270004272461 27.8600006103516 25.7880001068115 23.8819999694824 26.2639999389648 29.488000869751
