02_asc_chm-r50m/BR212I.asc
NCOLS 199 
NROWS 197 
XLLCORNER 530780 
YLLCORNER 5293543.5 
CELLSIZE 0.5 
NODATA_value -3.4e+38 
[rows 40 to 59 of 197, columns 0 to 45 of 199]
-3.4e+38 -3.4e+38 -3.4e+38 -3.4e+38 -3.4e+38 -3.4e+38 -3.4e+38 -3.4e+38 -3.4e+38 -3.4e+38 -3.4e+38 -3.4e+38 -3.4e+38 -3.4e+38 -3.4e+38 -3.4e+38 -3.4e+38 -3.4e+38 -3.4e+38 -3.4e+38 -3.4e+38 -3.4e+38 -3.4e+38 -3.4e+38 -3.4e+38 -3.4e+38 -3.4e+38 -3.4e+38 -3.4e+38 4.43400001525879 4.04699993133545 3.66100001335144 3.27500009536743 2.43499994277954 1.62600004673004 2.25600004196167 2.81299996376038 4.11700010299683 5.42199993133545 6.72599983215332 8.0310001373291 9.33500003814697 10.6389999389648 11.9440002441406 13.2480001449585 14.5520000457764
-3.4e+38 -3.4e+38 -3.4e+38 -3.4e+38 -3.4e+38 -3.4e+38 -3.4e+38 -3.4e+38 -3.4e+38 -3.4e+38 -3.4e+38 -3.4e+38 -3.4e+38 -3.4e+38 -3.4e+38 -3.4e+38 -3.4e+38 -3.4e+38 -3.4e+38 -3.4e+38 -3.4e+38 -3.4e+38 -3.4e+38 -3.4e+38 -3.4e+38 -3.4e+38 -3.4e+38 -3.4e+38 4.85200023651123 4.46600008010864 4.0789999961853 3.69300007820129 3.30699992179871 1.94700002670288 1.90299999713898 2.53299999237061 3.47699999809265 4.7810001373291 6.08500003814697 7.3899998664856 8.69400024414062 9.99899959564209 11.3030004501343 12.6070003509521 13.9119997024536 15.2159996032715
-3.4e+38 -3.4e+38 -3.4e+38 -3.4e+38 -3.4e+38 -3.4e+38 -3.4e+38 -3.4e+38 -3.4e+38 -3.4e+38 -3.4e+38 -3.4e+38 -3.4e+38 -3.4e+38 -3.4e+38 -3.4e+38 -3.4e+38 -3.4e+38 -3.4e+38 -3.4e+38 -3.4e+38 -3.4e+38 -3.4e+38 -3.4e+38 -3.4e+38 -3.4e+38 -3.4e+38 5.30999994277954 4.88399982452393 4.4980001449585 4.11100006103516 3.72499990463257 3.60400009155273 2.62800002098083 2.90799999237061 2.98200011253357 3.48499989509583 4.83500003814697 6.18499994277954 7.53399991989136 8.88399982452393 10.2340002059937 11.5839996337891 12.9340000152588 14.2829999923706 15.6330003738403
-3.4e+38 -3.4e+38 -3.4e+38 -3.4e+38 -3.4e+38 -3.4e+38 -3.4e+38 -3.4e+38 -3.4e+38 -3.4e+38 -3.4e+38 -3.4e+38 -3.4e+38 -3.4e+38 -3.4e+38 -3.4e+38 -3.4e+38 -3.4e+38 -3.4e+38 -3.4e+38 -3.4e+38 -3.4e+38 -3.4e+38 -3.4e+38 -3.4e+38 -3.4e+38 -3.4e+38 5.30299997329712 4.91599988937378 4.53000020980835 4.14599990844727 4.11899995803833 3.96199989318848 3.38599991798401 3.28600001335144 3.1489999294281 2.99000000953674 4.06099987030029 5.4060001373291 6.75099992752075 8.10700035095215 9.47000026702881 10.8339996337891 12.1969995498657 13.5600004196167 14.923999786377
-3.4e+38 -3.4e+38 -3.4e+38 -3.4e+38 -3.4e+38 -3.4e+38 -3.4e+38 -3.4e+38 -3.4e+38 -3.4e+38 -3.4e+38 -3.4e+38 -3.4e+38 -3.4e+38 -3.4e+38 -3.4e+38 -3.4e+38 -3.4e+38 -3.4e+38 -3.4e+38 -3.4e+38 -3.4e+38 -3.4e+38 -3.4e+38 -3.4e+38 -3.4e+38 5.72100019454956 5.33500003814697 4.94799995422363 4.65000009536743 4.58199977874756 4.13500022888184 3.73300004005432 3.5090000629425 3.49600005149841 3.22900009155273 3.53299999237061 4.34700012207031 5.25400018692017 6.44899988174438 7.84899997711182 9.10499954223633 10.3620004653931 11.6180000305176 12.9079999923706 14.2720003128052
-3.4e+38 -3.4e+38 -3.4e+38 -3.4e+38 -3.4e+38 -3.4e+38 -3.4e+38 -3.4e+38 -3.4e+38 -3.4e+38 -3.4e+38 -3.4e+38 -3.4e+38 -3.4e+38 -3.4e+38 -3.4e+38 -3.4e+38 -3.4e+38 -3.4e+38 -3.4e+38 -3.4e+38 -3.4e+38 -3.4e+38 -3.4e+38 -3.4e+38 6.14200019836426 5.75299978256226 5.36700010299683 5.15399980545044 4.9210000038147 4.46500015258789 4.06300020217896 3.84999990463257 3.58699989318848 3.32399988174438 3.88599991798401 4.80900001525879 5.62400007247925 6.43800020217896 7.2519998550415 8.1850004196167 9.31400012969971 10.4440002441406 11.7910003662109 13.2430000305176 14.625
-3.4e+38 -3.4e+38 -3.4e+38 -3.4e+38 -3.4e+38 -3.4e+38 -3.4e+38 -3.4e+38 -3.4e+38 -3.4e+38 -3.4e+38 -3.4e+38 -3.4e+38 -3.4e+38 -3.4e+38 -3.4e+38 -3.4e+38 -3.4e+38 -3.4e+38 -3.4e+38 -3.4e+38 -3.4e+38 -3.4e+38 -3.4e+38 6.60400009155273 6.17199993133545 5.78499984741211 5.65700006484985 5.26100015640259 4.79500007629395 4.4229998588562 4.19099998474121 3.92799997329712 3.65700006484985 3.37899994850159 3.10199999809265 3.83899998664856 5.77600002288818 7.71299982070923 8.5290002822876 9.3439998626709 10.1579999923706 11.1149997711182 12.2449998855591 13.3739995956421 14.503999710083
-3.4e+38 -3.4e+38 -3.4e+38 -3.4e+38 -3.4e+38 -3.4e+38 -3.4e+38 -3.4e+38 -3.4e+38 -3.4e+38 -3.4e+38 -3.4e+38 -3.4e+38 -3.4e+38 -3.4e+38 -3.4e+38 -3.4e+38 -3.4e+38 -3.4e+38 -3.4e+38 -3.4e+38 -3.4e+38 -3.4e+38 7.06599998474121 6.59000015258789 6.2039999961853 6.08300018310547 5.59999990463257 5.125 4.79099988937378 4.53200006484985 4.26800012588501 3.99000000953674 3.71199989318848 3.43499994277954 3.15700006484985 2.87899994850159 3.79099988937378 5.72800016403198 7.66499996185303 9.60200023651123 11.4350004196167 12.2489995956421 13.0640001296997 14.0459995269775 15.1750001907349
-3.4e+38 -3.4e+38 -3.4e+38 -3.4e+38 -3.4e+38 -3.4e+38 -3.4e+38 -3.4e+38 -3.4e+38 -3.4e+38 -3.4e+38 -3.4e+38 -3.4e+38 -3.4e+38 -3.4e+38 -3.4e+38 -3.4e+38 -3.4e+38 -3.4e+38 -3.4e+38 -3.4e+38 -3.4e+38 -3.4e+38 7.00799989700317 6.69299983978271 6.45499992370605 5.94000005722046 5.45599985122681 5.13600015640259 4.8730001449585 4.60099983215332 4.32299995422363 4.04500007629395 3.76799988746643 3.49000000953674 3.21199989318848 2.93400001525879 2.65700006484985 3.74399995803833 5.68100023269653 7.61800003051758 9.55500030517578 11.4919996261597 13.4289999008179 15.1549997329712 15.9689998626709
-3.4e+38 -3.4e+38 -3.4e+38 -3.4e+38 -3.4e+38 -3.4e+38 -3.4e+38 -3.4e+38 -3.4e+38 -3.4e+38 -3.4e+38 -3.4e+38 -3.4e+38 -3.4e+38 -3.4e+38 -3.4e+38 -3.4e+38 -3.4e+38 -3.4e+38 -3.4e+38 -3.4e+38 -3.4e+38 7.43599987030029 7.15000009536743 6.79500007629395 6.28000020980835 5.78599977493286 5.47700023651123 5.21099996566772 4.93400001525879 4.6560001373291 4.37799978256226 4.09999990463257 3.82299995422363 3.54500007629395 3.26699995994568 2.98900008201599 2.71199989318848 2.43400001525879 3.69600009918213 5.63299989700317 7.57000017166138 9.50699996948242 11.4440002441406 13.3809995651245 15.3190002441406
-339999999999999996123846586046231871488.000000000000000 -3.4e+38 -3.4e+38 -3.4e+38 -3.4e+38 -3.4e+38 -3.4e+38 -3.4e+38 -3.4e+38 -3.4e+38 -3.4e+38 -3.4e+38 -3.4e+38 -3.4e+38 -3.4e+38 -3.4e+38 -3.4e+38 -3.4e+38 -3.4e+38 -3.4e+38 -3.4e+38 7.89799976348877 7.57600021362305 7.13399982452393 6.61899995803833 6.11600017547607 5.81799983978271 5.54400014877319 5.26700019836426 4.98899984359741 4.71099996566772 4.43300008773804 4.1560001373291 3.87800002098083 3.59999990463257 3.32200002670288 3.04500007629395 2.76699995994568 2.48900008201599 2.22199988365173 3.6489999294281 5.58599996566772 7.52299976348877 9.46000003814697 11.3970003128052 13.3339996337891
-3.4e+38 -3.4e+38 -3.4e+38 -3.4e+38 -3.4e+38 -3.4e+38 -3.4e+38 -3.4e+38 -3.4e+38 -3.4e+38 -3.4e+38 -3.4e+38 -3.4e+38 -3.4e+38 -3.4e+38 -3.4e+38 -3.4e+38 -3.4e+38 -3.4e+38 -3.4e+38 8.37100028991699 8.38399982452393 7.46999979019165 6.95900011062622 6.44600009918213 6.15500020980835 5.8769998550415 5.59899997711182 5.32200002670288 5.04400014877319 4.76599979400635 4.48899984359741 4.21099996566772 3.93300008773804 3.65499997138977 3.37800002098083 3.09999990463257 2.82200002670288 2.54399991035461 2.26699995994568 2.01699995994568 3.6010000705719 5.53800010681152 7.47599983215332 9.41300010681152 11.3500003814697
-3.4e+38 -3.4e+38 -3.4e+38 -3.4e+38 -3.4e+38 -3.4e+38 -3.4e+38 -3.4e+38 -3.4e+38 -3.4e+38 -3.4e+38 -3.4e+38 -3.4e+38 -3.4e+38 -3.4e+38 -3.4e+38 -3.4e+38 -3.4e+38 -3.4e+38 -3.4e+38 9.03600025177002 9.5649995803833 8.44200038909912 6.78299999237061 6.48799991607666 6.21000003814697 5.93200016021729 5.65500020980835 5.3769998550415 5.09899997711182 4.82100009918213 4.54400014877319 4.26599979400635 3.98799991607666 3.71000003814697 3.43300008773804 3.15499997138977 2.87700009346008 2.59899997711182 2.32200002670288 2.04399991035461 1.81299996376038 3.55399990081787 5.49100017547607 7.42799997329712 9.36499977111816
-3.4e+38 -3.4e+38 -3.4e+38 -3.4e+38 -3.4e+38 -3.4e+38 -3.4e+38 -3.4e+38 -3.4e+38 -3.4e+38 -3.4e+38 -3.4e+38 -3.4e+38 -3.4e+38 -3.4e+38 -3.4e+38 -3.4e+38 -3.4e+38 -3.4e+38 8.16100025177002 9.70100021362305 9.65999984741211 8.7519998550415 6.80800008773804 6.42600011825562 6.22499990463257 5.98799991607666 5.71000003814697 5.43200016021729 5.15399980545044 4.8769998550415 4.59899997711182 4.32100009918213 4.04300022125244 3.76600003242493 3.48799991607666 3.21000003814697 2.93199992179871 2.65499997138977 2.37700009346008 2.09899997711182 1.82099997997284 1.60899996757507 3.50699996948242 5.44399976730347 7.38100004196167
-3.4e+38 -3.4e+38 -3.4e+38 -3.4e+38 -3.4e+38 -3.4e+38 -3.4e+38 -3.4e+38 -3.4e+38 -3.4e+38 -3.4e+38 -3.4e+38 -3.4e+38 -3.4e+38 -3.4e+38 -3.4e+38 -3.4e+38 -3.4e+38 -3.4e+38 8.82699966430664 9.57499980926514 9.51099967956543 8.79800033569336 7.09700012207031 6.22900009155273 6.02699995040894 5.82499980926514 5.62400007247925 5.42199993133545 5.20900011062622 4.93200016021729 4.65399980545044 4.37599992752075 4.09800004959106 3.82100009918213 3.54299998283386 3.26500010490417 2.98699998855591 2.71000003814697 2.43199992179871 2.15400004386902 1.87600004673004 1.59899997711182 1.52199995517731 3.45900011062622 5.39599990844727
-3.4e+38 -3.4e+38 -3.4e+38 -3.4e+38 -3.4e+38 -3.4e+38 -3.4e+38 -3.4e+38 -3.4e+38 -3.4e+38 -3.4e+38 -3.4e+38 -3.4e+38 -3.4e+38 -3.4e+38 -3.4e+38 -3.4e+38 -3.4e+38 7.9520001411438 9.24199962615967 9.21700000762939 9.1540002822876 8.67199993133545 7.38700008392334 6.03200006484985 5.82999992370605 5.62799978256226 5.42600011825562 5.22499990463257 5.02299976348877 4.82100009918213 4.61999988555908 4.41800022125244 4.15399980545044 3.87599992752075 3.59800004959106 3.3199999332428 3.04299998283386 2.76500010490417 2.48699998855591 2.20900011062622 1.932000041008 1.65400004386902 1.37600004673004 1.47500002384186 3.41199994087219
-3.4e+38 -3.4e+38 -3.4e+38 -3.4e+38 -3.4e+38 -3.4e+38 -3.4e+38 -3.4e+38 -3.4e+38 -3.4e+38 -3.4e+38 -3.4e+38 -3.4e+38 -3.4e+38 -3.4e+38 -3.4e+38 -3.4e+38 7.07800006866455 8.61800003051758 8.92300033569336 8.85999965667725 8.79599952697754 8.54599952697754 7.67600011825562 5.83400011062622 5.63299989700317 5.43100023269653 5.22900009155273 5.02699995040894 4.82600021362305 4.62400007247925 4.42199993133545 4.22100019454956 4.01900005340576 3.81699991226196 3.61500000953674 3.37599992752075 3.09800004959106 2.8199999332428 2.54200005531311 2.26500010490417 1.98699998855591 1.70899999141693 1.43099999427795 1.15400004386902 1.42700004577637
-3.4e+38 -3.4e+38 -3.4e+38 -3.4e+38 -3.4e+38 -3.4e+38 -3.4e+38 -3.4e+38 -3.4e+38 -3.4e+38 -3.4e+38 -3.4e+38 -3.4e+38 -3.4e+38 -3.4e+38 -3.4e+38 -3.4e+38 7.74300003051758 8.62899971008301 8.56599998474121 8.5019998550415 8.43900012969971 8.375 7.68400001525879 6.02199983596802 5.43499994277954 5.23400020599365 5.03200006484985 4.82999992370605 4.62799978256226 4.42700004577637 4.22499990463257 4.02299976348877 3.82200002670288 3.61999988555908 3.41799998283386 3.21600008010864 3.01500010490417 2.81299996376038 2.59699988365173 2.3199999332428 2.04200005531311 1.76400005817413 1.48599994182587 1.20899999141693 0.935999989509583
-3.4e+38 -3.4e+38 -3.4e+38 -3.4e+38 -3.4e+38 -3.4e+38 -3.4e+38 -3.4e+38 -3.4e+38 -3.4e+38 -3.4e+38 -3.4e+38 -3.4e+38 -3.4e+38 -3.4e+38 -3.4e+38 6.86899995803833 8.26299953460693 8.27200031280518 8.20800018310547 8.14500045776367 8.08100032806396 8.01799964904785 7.55800008773804 6.31099987030029 5.23799991607666 5.03599977493286 4.83500003814697 4.63299989700317 4.43100023269653 4.22900009155273 4.02799987792969 3.82599997520447 3.62400007247925 3.42300009727478 3.22099995613098 3.01900005340576 2.81699991226196 2.6159999370575 2.41400003433228 2.21199989318848 2.00999999046326 1.80900001525879 1.54200005531311 1.26400005817413 0.986000001430511
-3.4e+38 -3.4e+38 -3.4e+38 -3.4e+38 -3.4e+38 -3.4e+38 -3.4e+38 -3.4e+38 -3.4e+38 -3.4e+38 -3.4e+38 -3.4e+38 -3.4e+38 -3.4e+38 -3.4e+38 -3.4e+38 7.53399991989136 7.97800016403198 7.91400003433228 7.85099983215332 7.78700017929077 7.72399997711182 7.65999984741211 7.43200016021729 6.59999990463257 5.04099988937378 4.83900022506714 4.63700008392334 4.43599987030029 4.23400020599365 4.03200006484985 3.82999992370605 3.62899994850159 3.42700004577637 3.22499990463257 3.0239999294281 2.82200002670288 2.61999988555908 2.41799998283386 2.21700000762939 2.01500010490417 1.81299996376038 1.61099994182587 1.4099999666214 1.20799994468689 1.00600004196167
