02_asc_chm-r50m/BR210B.asc
NCOLS 200 
NROWS 200 
XLLCORNER 535914.5 
YLLCORNER 5285226.5 
CELLSIZE 0.5 
NODATA_value -3.4e+38 
[rows 60 to 79 of 200, columns 46 to 91 of 200]
25.4389991760254 27.0020008087158 27.9309997558594 28.6119995117188 28.5580005645752 27.6110000610352 27.8129997253418 28.5419998168945 28.5240001678467 28.5610008239746 29.201000213623 30.1299991607666 29.6870002746582 29.613000869751 30.1709995269775 31.2129993438721 31.3059997558594 31.2189998626709 30.8700008392334 30.2740001678467 30.242000579834 29.7810001373291 29.5330009460449 27.9459991455078 22.9519996643066 23.6240005493164 24.2959995269775 24.92799949646 25.5109996795654 26.0930004119873 26.6760005950928 26.6800003051758 27.806999206543 29.1100006103516 30.2819995880127 30.931999206543 31.5550003051758 31.4810009002686 30.9090003967285 30.5069999694824 30.0540008544922 29.6569995880127 24.4519996643066 14.3570003509521 27.4209995269775 29.5300006866455
25.9209995269775 27.25 27.3309993743896 27.931999206543 27.7800006866455 28.4780006408691 28.9899997711182 29.6060009002686 30.94700050354 30.3899993896484 30.3430004119873 30.5200004577637 29.6889991760254 28.55299949646 29.2670001983643 29.5139999389648 30.9669990539551 29.6979999542236 29.1529998779297 28.4799995422363 28.8700008392334 27.9689998626709 26.5590000152588 23.1580009460449 23.0739994049072 23.8959999084473 24.6149997711182 25.2870006561279 25.9130001068115 26.496000289917 26.2140007019043 25.0139999389648 26.7600002288818 29.6499996185303 30.496000289917 30.9340000152588 31.6459999084473 31.5790004730225 31.1410007476807 30.5419998168945 29.9629993438721 29.5049991607666 24.9780006408691 22.9179992675781 29.9379997253418 30.0319995880127
25.2259998321533 25.5860004425049 26.3290004730225 26.8729991912842 26.943000793457 28.492000579834 29.4610004425049 30.2919998168945 32.1790008544922 32.2620010375977 31.8910007476807 31.8619995117188 31.7549991607666 30.5919990539551 30.6669998168945 27.9799995422363 28.9419994354248 28.7430000305176 27.8910007476807 27.7369995117188 27.2849998474121 25.5979995727539 23.4519996643066 23.2220001220703 23.3549995422363 24.306999206543 25.257999420166 25.9810009002686 26.3689994812012 26.988000869751 28.0030002593994 28.8269996643066 29.3379993438721 28.5849990844727 30.2830009460449 30.6560001373291 31.0410003662109 30.9300003051758 30.8939990997314 30.5389995574951 30.3120002746582 29.996000289917 26.6940002441406 29.7310009002686 30.4139995574951 30.9209995269775
23.80299949646 24.8939990997314 26.068000793457 26.6100006103516 27.193000793457 28.7469997406006 29.5450000762939 30.8199996948242 32.5620002746582 33.2799987792969 33.7379989624023 34.2550010681152 33.9459991455078 32.4379997253418 31.1070003509521 28.7409992218018 27.3360004425049 26.7870006561279 27.193000793457 27.1870002746582 25.9109992980957 23.5979995727539 22.8129997253418 23.2259998321533 22.8059997558594 24.9559993743896 27.0499992370605 28.693000793457 29.0370006561279 29.0450000762939 30.2569999694824 30.576000213623 29.4799995422363 26.0849990844727 30.1630001068115 30.5459995269775 30.6469993591309 30.6319999694824 30.7019996643066 30.4489994049072 30.2439994812012 30.1889991760254 30.0419998168945 30.0330009460449 30.757999420166 31.5470008850098
23.9820003509521 24.7900009155273 25.3770008087158 26.0429992675781 26.7549991607666 28.9179992675781 31.3570003509521 32.2949981689453 33.8489990234375 34.6119995117188 34.9070014953613 34.8370018005371 33.9819984436035 32.9329986572266 32.617000579834 32.0779991149902 28.2180004119873 27.0219993591309 26.9209995269775 26.996000289917 25.6979999542236 23.1189994812012 21.4710006713867 22.0069999694824 21.3490009307861 21.8470001220703 22.4389991760254 25.9260005950928 30.2360000610352 30.44700050354 30.8050003051758 31.3509998321533 31.2280006408691 29.3409996032715 29.0890007019043 30.67799949646 30.8040008544922 30.5450000762939 30.443000793457 30.2740001678467 29.8050003051758 27.6450004577637 30.0189990997314 30.193000793457 30.7180004119873 31.1849994659424
22.6450004577637 24.3700008392334 24.7639999389648 24.6240005493164 25.7789993286133 29.798999786377 33.015998840332 33.9900016784668 34.5299987792969 35.2470016479492 35.8279991149902 35.8650016784668 34.4959983825684 33.6389999389648 33.2569999694824 30.4659996032715 27.7299995422363 27.201000213623 26.568000793457 26.9810009002686 26.1089992523193 22.9529991149902 20.4750003814697 19.613000869751 19.923999786377 20.2950000762939 21.2590007781982 23.4090003967285 30.3419990539551 30.9330005645752 31.7779998779297 32.2929992675781 31.5939998626709 28.6730003356934 26.3190002441406 28.8780002593994 29.8519992828369 29.8090000152588 29.8619995117188 29.9029998779297 28.1989994049072 26.8120002746582 29.2269992828369 29.9120006561279 30.3050003051758 30.4750003814697
21.3360004425049 23.2849998474121 24.0799999237061 23.1700000762939 23.8490009307861 27.9409999847412 31.7129993438721 33.0099983215332 34.0089988708496 35.1150016784668 35.6500015258789 35.8479995727539 35.0369987487793 34.1959991455078 33.2919998168945 29.8659992218018 28.0960006713867 25.6529998779297 26.0370006561279 27.3579998016357 25.4619998931885 23.6639995574951 22.5900001525879 22.0480003356934 21.2229995727539 24.3810005187988 27.5380001068115 28.7450008392334 30.2339992523193 31.5030002593994 32.3919982910156 32.3300018310547 31.7199993133545 28.8190002441406 25.5580005645752 26.8269996643066 27.9839992523193 28.4740009307861 29.3500003814697 29.1599998474121 29.3799991607666 26.3349990844727 28.3110008239746 29.3560009002686 29.9209995269775 30.1630001068115
23.6070003509521 23.8680000305176 23.8840007781982 23.1919994354248 24.0259990692139 29.1730003356934 31.0230007171631 31.5779991149902 33.3940010070801 34.8979988098145 35.0750007629395 34.976001739502 34.5800018310547 34.0410003662109 32.7830009460449 31.1590003967285 29.3819999694824 27.9109992980957 25.5060005187988 27.1760005950928 26.2140007019043 24.9780006408691 23.9629993438721 22.5960006713867 20.8449993133545 22.7959995269775 25.6979999542236 29.113000869751 29.8309993743896 31.2399997711182 31.8969993591309 31.7180004119873 30.8190002441406 27.943000793457 25.1219997406006 24.8880004882812 26.5540008544922 27.2730007171631 27.306999206543 27.2670001983643 26.8010005950928 26.19700050354 26.9260005950928 28.7590007781982 29.3920001983643 29.8139991760254
23.8540000915527 23.8920001983643 25.0179996490479 27.7240009307861 27.8619995117188 28.0559997558594 29.9459991455078 31.0960006713867 32.2820014953613 33.9160003662109 34.0929985046387 34.2470016479492 33.9650001525879 33.890998840332 32.007999420166 30.1860008239746 29.056999206543 27.3519992828369 27.3899993896484 27.6280002593994 27.6429996490479 26.5990009307861 24.806999206543 22.2630004882812 20.5389995574951 19.867000579834 25.1770000457764 28.4209995269775 27.9820003509521 30.4839992523193 31.1790008544922 31.2290000915527 30.636999130249 28.9409999847412 26.3439998626709 24.867000579834 27.1000003814697 26.3090000152588 26.117000579834 26.1660003662109 26.0550003051758 24.9820003509521 24.5009994506836 27.7080001831055 28.3139991760254 28.9130001068115
24.9759998321533 25.4659996032715 27.2089996337891 29.121000289917 29.1860008239746 28.9650001525879 29.1000003814697 30.0930004119873 31.4930000305176 32.2239990234375 32.8240013122559 33.0449981689453 33.1349983215332 32.2770004272461 29.6149997711182 28.7159996032715 28.2280006408691 28.007999420166 28.7880001068115 28.6089992523193 28.2970008850098 27.9419994354248 26.5440006256104 24.1889991760254 23.0629997253418 22.931999206543 26.7469997406006 28.367000579834 28.9009990692139 30.0270004272461 30.4839992523193 30.7199993133545 30.2240009307861 30.2649993896484 28.0860004425049 25.2280006408691 25.2119998931885 24.9209995269775 24.5060005187988 25.2700004577637 26.3619995117188 26.7520008087158 26.6959991455078 28.0790004730225 26.5499992370605 28.4769992828369
28.2889995574951 29.07200050354 29.3040008544922 29.1979999542236 29.1280002593994 29.0799999237061 29.2999992370605 29.0200004577637 29.3740005493164 31.8360004425049 31.6879997253418 31.0310001373291 30.2950000762939 29.6940002441406 28.8719997406006 27.9099998474121 27.1550006866455 28.1679992675781 29.2049999237061 29.3040008544922 28.6140003204346 28.4069995880127 27.3759994506836 26.9169998168945 25.1089992523193 24.7479991912842 26.5550003051758 27.761999130249 28.9080009460449 29.2189998626709 29.5139999389648 30.0370006561279 29.3479995727539 29.1350002288818 27.1040000915527 26.0279998779297 25.2369995117188 24.9409999847412 27.132999420166 28.8279991149902 29.617000579834 29.1119995117188 29.3540000915527 28.9829998016357 26.5520000457764 27.7569999694824
28.5289993286133 29.82200050354 29.4990005493164 29.3980007171631 29.7259998321533 29.42799949646 29.6100006103516 29.7269992828369 27.9139995574951 28.9950008392334 29.6270008087158 29.9039993286133 29.2999992370605 28.8139991760254 28.0879993438721 28.4720001220703 28.42799949646 29.6439990997314 30.1089992523193 30.1749992370605 29.8090000152588 28.8729991912842 28.5540008544922 28.5319995880127 26.7660007476807 24.4839992523193 21.742000579834 22.2830009460449 22.8229999542236 24.5860004425049 23.8729991912842 25.9559993743896 28.8770008087158 28.7889995574951 28.3939990997314 27.4330005645752 26.4179992675781 25.2360000610352 26.6009998321533 27.8969993591309 28.9419994354248 30.2119998931885 30.8600006103516 30.8929996490479 29.2810001373291 29.5639991760254
30.3080005645752 30.4529991149902 30.2630004882812 30.8519992828369 31.2600002288818 30.6660003662109 30.2509994506836 29.8360004425049 27.8589992523193 26.0699996948242 25.9759998321533 27.2199993133545 27.2479991912842 27.8479995727539 27.8320007324219 29 29.7450008392334 30.0209999084473 30.5599994659424 30.6840000152588 30.4799995422363 29.6940002441406 29.3850002288818 29.0440006256104 27.298999786377 25.3339996337891 22.3349990844727 19.4109992980957 16.6620006561279 15.8669996261597 15.4090003967285 17.4449996948242 25.7290000915527 28.0970001220703 28.0949993133545 28.3080005645752 28.0340003967285 24.9860000610352 25.7590007781982 28.5779991149902 29.701000213623 30.8819999694824 31.3120002746582 31.2469997406006 30.5289993286133 29.8990001678467
30.6620006561279 31.8850002288818 32.0629997253418 31.9549999237061 31.9720001220703 31.6590003967285 31.0779991149902 29.7649993896484 28.0909996032715 25.8770008087158 25.3400001525879 24.4720001220703 23.9150009155273 26.0949993133545 27.7390003204346 29.1219997406006 29.826000213623 29.9839992523193 30.6609992980957 31.0289993286133 30.8159999847412 30.2479991912842 29.6280002593994 29.5380001068115 27.0450000762939 25.9519996643066 24.4860000610352 21.3099994659424 18.3120002746582 17.2450008392334 16.4139995574951 24.3470001220703 27.8889999389648 27.9750003814697 28.4950008392334 28.617000579834 28.7849998474121 29.3439998626709 30.4400005340576 30.9090003967285 31.4260005950928 31.7870006561279 31.7299995422363 31.1800003051758 30.4979991912842 29.9990005493164
29.9249992370605 31.8740005493164 32.2200012207031 32.5209999084473 32.765998840332 32.2029991149902 31.7679996490479 31.0620002746582 29.4300003051758 28.1959991455078 26.2819995880127 23.0990009307861 19.8169994354248 24.1690006256104 27.0610008239746 28.8990001678467 29.8549995422363 30.136999130249 30.7369995117188 30.8980007171631 30.6949996948242 30.4440002441406 29.8600006103516 28.4950008392334 26.1879997253418 27.6620006561279 28.1870002746582 25.8770008087158 23.8589992523193 19.1490001678467 17.7530002593994 25.4939994812012 28.3780002593994 28.7119998931885 29.003999710083 29.1189994812012 29.1620006561279 29.568000793457 30.1149997711182 30.5979995727539 31.6830005645752 32.4799995422363 32.5229988098145 32.3440017700195 31.6140003204346 30.507999420166
30.1809997558594 31.5820007324219 32.0620002746582 32.6430015563965 32.8819999694824 32.7519989013672 31.9610004425049 31.0400009155273 29.431999206543 29.4659996032715 27.4950008392334 22.67799949646 20.0830001831055 23.5310001373291 25.3330001831055 27.4990005493164 28.2479991912842 29.9759998321533 30.6100006103516 30.7390003204346 30.6030006408691 30.8040008544922 30.7679996490479 29.7639999389648 28.8929996490479 29.5189990997314 29.1229991912842 28.4500007629395 27.2339992523193 22.3649997711182 20.2569999694824 25.4220008850098 29.2450008392334 29.6639995574951 29.8780002593994 29.6800003051758 29.3610000610352 27.8320007324219 30.2520008087158 30.5189990997314 32.2000007629395 33.173999786377 33.2680015563965 32.9410018920898 32.4710006713867 30.9489994049072
30.2080001831055 31.3279991149902 31.9220008850098 32.4109992980957 32.5699996948242 32.5190010070801 31.9419994354248 30.3850002288818 29.238000869751 29.3969993591309 28.1490001678467 26.0370006561279 24.2569999694824 24.7689990997314 25.4659996032715 25.7719993591309 25.1060009002686 27.5359992980957 30.0979995727539 30.8859996795654 31.0020008087158 31.1060009002686 31.9029998779297 31.6380004882812 32.0800018310547 31.367000579834 29.8269996643066 27.9669990539551 27.1110000610352 23.2169990539551 24.2910003662109 27.6070003509521 29.3579998016357 29.8640003204346 30.2339992523193 29.882999420166 29.1499996185303 25.8570003509521 28.9139995574951 31.1469993591309 32.564998626709 33.1389999389648 33.3219985961914 32.9329986572266 32.3230018615723 31.367000579834
29.1660003662109 30.8290004730225 31.7070007324219 32.1389999389648 32.2400016784668 31.7199993133545 31.1520004272461 29.8889999389648 29.5650005340576 29.4529991149902 28.628999710083 27.5179996490479 25.7749996185303 25.173999786377 25.3190002441406 25.2469997406006 24.7700004577637 25.6849994659424 27.7789993286133 30.0919990539551 31.121000289917 31.7059993743896 32.5810012817383 32.9360008239746 32.7270011901855 32.0120010375977 30.8880004882812 28.1709995269775 23.9729995727539 17.4449996948242 23.0090007781982 27.1439990997314 28.9069995880127 29.492000579834 29.7940006256104 29.6140003204346 29.2560005187988 28.2530002593994 30.3589992523193 31.488000869751 32.1500015258789 32.4440002441406 32.951000213623 32.5340003967285 32.265998840332 31.5550003051758
28.9249992370605 30.4890003204346 31.5069999694824 31.2070007324219 31.0109996795654 30.5869998931885 30.0139999389648 29.4890003204346 29.2600002288818 28.5879993438721 26.67799949646 26.8479995727539 25.4549999237061 25.9349994659424 25.6350002288818 25.1229991912842 24.8010005950928 23.7240009307861 25.6690006256104 28.9409999847412 31.3999996185303 32.117000579834 33.1790008544922 33.6440010070801 33.2809982299805 32.6940002441406 31.2660007476807 29.753999710083 27.1700000762939 23.5370006561279 25.5610008239746 28.068000793457 28.4939994812012 29.1119995117188 29.2999992370605 29.1520004272461 28.9230003356934 29.0590000152588 29.5979995727539 30.8579998016357 31.7280006408691 32.1669998168945 32.7190017700195 32.2859992980957 32.2770004272461 31.7950000762939
28.2889995574951 30.3540000915527 30.1860008239746 29.8199996948242 29.8150005340576 29.011999130249 28.3020000457764 28.556999206543 27.8999996185303 23.6350002288818 23.3740005493164 24.8819999694824 25.4340000152588 26.2660007476807 26.0240001678467 24.9810009002686 24.2719993591309 22.6410007476807 23.6679992675781 25.5629997253418 30.7059993743896 32.4469985961914 33.2980003356934 33.984001159668 33.5919990539551 32.7509994506836 31.2609996795654 29.6229991912842 25.7679996490479 24.8419990539551 25.0499992370605 27.1809997558594 27.9139995574951 28.7029991149902 29.0319995880127 28.8349990844727 28.1079998016357 27.8950004577637 29.2409992218018 30.6539993286133 31.5599994659424 32.1290016174316 32.2280006408691 31.9150009155273 31.798999786377 31.3400001525879
