02_asc_chm-r50m/BR220Q.asc
NCOLS 200 
NROWS 200 
XLLCORNER 533445.5 
YLLCORNER 5297805 
CELLSIZE 0.5 
NODATA_value -3.4e+38 
[rows 60 to 79 of 200, columns 46 to 91 of 200]
31.6569995880127 32.2480010986328 32.1279983520508 31.5009994506836 29.9699993133545 30.1019992828369 30.5499992370605 30.3759994506836 27.7789993286133 27.3129997253418 27.6310005187988 26.3799991607666 23.8950004577637 25.6790008544922 28.8680000305176 28.7950000762939 29.9640007019043 28.6310005187988 29.7290000915527 29.875 19.4150009155273 18.4619998931885 16.173999786377 14.0590000152588 17.0839996337891 19.2150001525879 20.4869995117188 22.1280002593994 22.7159996032715 23.6110000610352 24.2360000610352 24.363000869751 23.2929992675781 23.3549995422363 23.4699993133545 23.4419994354248 23.1399993896484 22.0669994354248 23.4190006256104 24.4080009460449 26.3859996795654 26.9290008544922 27.9580001831055 28.8959999084473 29.0499992370605 29.306999206543
31.1569995880127 31.4440002441406 31.6159992218018 31.4950008392334 29.7269992828369 29.5939998626709 29.931999206543 29.253999710083 27.3719997406006 27.5839996337891 27.8589992523193 28.4589996337891 27.7049999237061 29.7639999389648 31.1110000610352 32.2290000915527 32.2220001220703 29.8880004882812 30.1860008239746 28.4680004119873 24.886999130249 23.5389995574951 20.4440002441406 15.9569997787476 15.7709999084473 18.4370002746582 20.3279991149902 21.9190006256104 22.7169990539551 23.7299995422363 24.375 24.3290004730225 23.4899997711182 23.632999420166 23.9150009155273 24 23.8209991455078 22.7329998016357 24.3549995422363 25.2830009460449 25.8519992828369 26.6259994506836 28.1550006866455 28.7229995727539 29.068000793457 29.492000579834
30.8889999389648 31.0259990692139 30.996000289917 31.2910003662109 29.4839992523193 28.4899997711182 29.2169990539551 28.7070007324219 27.1949996948242 27.9890003204346 31.0769996643066 32.8680000305176 31.5750007629395 31.3999996185303 33.8779983520508 34.9630012512207 34.8330001831055 30.9060001373291 31.7639999389648 30.0410003662109 29.3250007629395 28.8090000152588 22.1259994506836 17.0849990844727 16.9349994659424 16.0860004425049 20.5590000152588 21.7880001068115 22.4330005645752 23.6319999694824 24.3689994812012 23.5869998931885 23.9729995727539 24.4139995574951 25.0359992980957 25.4979991912842 24.9090003967285 24.3379993438721 24.3290004730225 25.3430004119873 25.3759994506836 26.5620002746582 28.0879993438721 28.8269996643066 29.6040000915527 29.7719993591309
29.2889995574951 30.1700000762939 29.878999710083 29.7169990539551 28.0779991149902 27.4270000457764 28.6380004882812 28.7019996643066 27.6019992828369 28.0259990692139 31.3059997558594 33.4420013427734 33.9150009155273 34.4179992675781 36.201000213623 37.2960014343262 36.6349983215332 34.310001373291 33.0719985961914 32.7080001831055 30.1380004882812 28.7569999694824 25.6319999694824 21.7549991607666 21.6270008087158 17.8379993438721 18.2870006561279 21.1609992980957 22.3889999389648 23.2600002288818 23.8889999389648 23.1100006103516 23.7479991912842 25.761999130249 26.6060009002686 26.753999710083 26.7880001068115 26.7159996032715 25.3490009307861 24.6749992370605 25.4009990692139 26.7290000915527 28.0259990692139 29.3570003509521 29.8719997406006 29.6509990692139
28.6690006256104 28.8409996032715 29.0370006561279 28.1049995422363 26.6270008087158 26.9950008392334 27.4990005493164 27.7719993591309 27.3759994506836 27.4759998321533 31.3090000152588 34.5439987182617 35.398998260498 36.3819999694824 37.435001373291 38.0050010681152 38.0279998779297 36.3889999389648 34.9379997253418 33.242000579834 32.4379997253418 29.628999710083 24.6760005950928 24.2819995880127 23.7220001220703 19.4559993743896 18.9120006561279 20.3279991149902 21.5890007019043 21.8099994659424 22.5109996795654 22.1060009002686 24.4080009460449 26.5330009460449 26.5669994354248 27.3479995727539 27.1140003204346 26.4750003814697 24.7040004730225 23.6410007476807 25.0179996490479 27.3920001983643 28.0970001220703 28.9220008850098 29.423999786377 29.0109996795654
27.2730007171631 27.7040004730225 27.3490009307861 26.6609992980957 26.0540008544922 25.6060009002686 25.257999420166 27.3910007476807 27.9389991760254 30.4069995880127 32.9749984741211 34.9010009765625 36.5429992675781 37.7459983825684 38.5270004272461 38.6949996948242 38.5219993591309 37.601001739502 37.3580017089844 34.8279991149902 32.8880004882812 31.132999420166 27.3560009002686 27.1709995269775 23.5230007171631 22.3880004882812 19.0319995880127 19.4909992218018 20.57200050354 20.5410003662109 21.0970001220703 23.1030006408691 25.2609996795654 26.1100006103516 27.0009994506836 27.8589992523193 28.4200000762939 26.9009990692139 24.4260005950928 24.261999130249 25.7849998474121 26.8950004577637 27.4389991760254 27.8689994812012 28.488000869751 28.4780006408691
26.0610008239746 26.5370006561279 26.0620002746582 25.3020000457764 25.3010005950928 25.2089996337891 25.1180000305176 26.9549999237061 27.7299995422363 31.6909999847412 34.2179985046387 35.1230010986328 36.6020011901855 38.1030006408691 38.8759994506836 39.2449989318848 38.773998260498 38.882999420166 38.5550003051758 38.1310005187988 33.890998840332 31.0429992675781 30.0900001525879 30.9109992980957 26.5149993896484 22.4570007324219 18.3680000305176 20.3659992218018 21.3169994354248 21.2399997711182 21.5429992675781 24.17799949646 25.3619995117188 25.882999420166 26.9130001068115 27.7350006103516 28.6319999694824 27.4790000915527 26.7819995880127 26.30299949646 26.7350006103516 26.3129997253418 26.8560009002686 26.9860000610352 27.7229995727539 27.7910003662109
18.3430004119873 19.8729991912842 12.9440002441406 22.3990001678467 24.4750003814697 24.7430000305176 24.67799949646 25.878999710083 26.878999710083 31.2590007781982 33.2569999694824 35.1349983215332 36.1370010375977 37.7560005187988 39.5709991455078 40.2159996032715 39.5719985961914 38.9819984436035 38.2330017089844 37.4140014648438 33.609001159668 31.0659999847412 30.7959995269775 30.8969993591309 26.8689994812012 22.2689990997314 17.4860000610352 18.5319995880127 19.5330009460449 22.7970008850098 23.1049995422363 24.8390007019043 25.3570003509521 25.67799949646 26.9290008544922 27.867000579834 28.367000579834 28.1509990692139 27.1520004272461 26.9260005950928 27.121000289917 26.0960006713867 25.7590007781982 25.617000579834 26.113000869751 26.5699996948242
8.52400016784668 8.75300025939941 13.0790004730225 17.3950004577637 20.5610008239746 23.0949993133545 23.1919994354248 23.3560009002686 27.1140003204346 31.2719993591309 34.2360000610352 36.3569984436035 36.9220008850098 38.0379981994629 40.7159996032715 41.076000213623 39.7480010986328 39.0309982299805 38.0019989013672 37.6129989624023 34.9570007324219 30.6350002288818 30.2180004119873 30.1809997558594 25.6749992370605 21.3390007019043 16.9459991455078 14.5430002212524 15.3009996414185 20.0009994506836 24.3889999389648 25.4260005950928 25.5400009155273 25.5540008544922 27.4500007629395 28.488000869751 28.193000793457 27.5149993896484 26.3010005950928 26.6270008087158 26.5219993591309 25.5659999847412 25.0270004272461 25.1439990997314 24.181999206543 23.3910007476807
8.57999992370605 9.8430004119873 12.8439998626709 14.6120004653931 18.9669990539551 21.136999130249 19.7000007629395 23.6560001373291 29.113000869751 32.3240013122559 35.0660018920898 36.6129989624023 37.1360015869141 37.5919990539551 39.4770011901855 39.757999420166 39.359001159668 38.5060005187988 37.7680015563965 37.0730018615723 34.5149993896484 30.9179992675781 29.5930004119873 29.7350006103516 27.5860004425049 23.5389995574951 19.7490005493164 17.632999420166 17.7259998321533 22.4890003204346 23.7590007781982 24.7870006561279 25.8889999389648 26.1590003967285 27.6599998474121 28.5 27.7180004119873 27.4169998168945 25.9750003814697 26.5170001983643 27.1399993896484 25.6569995880127 24.2800006866455 23.9459991455078 22.7770004272461 21.1630001068115
8.44900035858154 10.8199996948242 13.1120004653931 14.4919996261597 15.6099996566772 20.7959995269775 22.1089992523193 24.746000289917 25.9220008850098 30.3209991455078 33.2639999389648 35.5719985961914 36.2709999084473 37.4659996032715 37.8160018920898 38.0379981994629 37.9910011291504 38.0480003356934 37.6730003356934 35.9459991455078 34.2179985046387 29.6879997253418 29.3059997558594 29.7399997711182 27.2299995422363 24.1420001983643 20.9640007019043 18.261999130249 18.4090003967285 20.4790000915527 24.1030006408691 24.6749992370605 25.7450008392334 26.5349998474121 27.8570003509521 28.1450004577637 27.2189998626709 27.6149997711182 26.863000869751 26.6720008850098 27.2129993438721 25.742000579834 24.1340007781982 23.1389999389648 20.738000869751 19.1830005645752
8.15900039672852 11.1789999008179 12.5369997024536 13.5620002746582 17.67799949646 20.2350006103516 20.2590007781982 24.5419998168945 25.6450004577637 28.4699993133545 32.2169990539551 34.1660003662109 35.3619995117188 36.6139984130859 37.3689994812012 37.568000793457 37.5359992980957 35.9020004272461 36.5699996948242 34.6800003051758 32.7130012512207 30.3360004425049 28.2290000915527 28.3549995422363 26.2999992370605 24.9009990692139 23.1389999389648 18.5900001525879 18.6000003814697 20.0330009460449 23.3430004119873 23.3689994812012 24.3120002746582 25.7600002288818 26.4370002746582 26.4029998779297 26.2019996643066 26.9209995269775 26.136999130249 24.9220008850098 24.9209995269775 22.2059993743896 22.2159996032715 22.488000869751 19.4549999237061 15.7969999313354
10.0010004043579 11.5030002593994 11.5380001068115 11.4250001907349 12.2019996643066 17.0149993896484 18.7980003356934 23.2250003814697 25.4449996948242 26.0109996795654 29.5699996948242 33.2379989624023 34.1570014953613 35.3779983520508 36.1290016174316 35.9780006408691 35.4199981689453 34.1349983215332 34.3639984130859 33.2550010681152 31.0370006561279 30.003999710083 27.9449996948242 26.5659999847412 26.4050006866455 25.8850002288818 25.8999996185303 20.1749992370605 19.2150001525879 21.0860004425049 21.8959999084473 21.8129997253418 22.3150005340576 23.6730003356934 23.9750003814697 26.1420001983643 25.3959999084473 25.4029998779297 24.2830009460449 21.8129997253418 21.238000869751 21.4290008544922 21.8390007019043 22.1189994812012 21.4979991912842 12.4910001754761
11.5139999389648 11.3030004501343 11.1619997024536 10.9099998474121 10.9010000228882 12.3699998855591 15.3680000305176 18.1509990692139 24.7040004730225 25.3479995727539 28.7409992218018 31.4360008239746 32.2779998779297 32.9280014038086 33.6139984130859 33.3370018005371 32.5470008850098 33.1940002441406 32.7830009460449 30.9130001068115 30.4009990692139 29.4479999542236 27.7759990692139 26.6480007171631 26.753999710083 26.2709999084473 25.3700008392334 21.0300006866455 20.5020008087158 21.746000289917 22.0470008850098 22.2430000305176 21.6609992980957 22.1049995422363 22.1959991455078 24.2320003509521 23.7119998931885 23.9500007629395 23.9659996032715 21.9039993286133 21.19700050354 20.5669994354248 20.7770004272461 21.2080001831055 19.3700008392334 13.5129995346069
12.201000213623 12.4689998626709 13.5229997634888 11.9350004196167 13.3699998855591 11.798999786377 12.2340002059937 16.1410007476807 21.503999710083 24.4270000457764 23.6469993591309 28.5820007324219 30.1070003509521 30.4209995269775 31.0590000152588 31.7099990844727 32.0449981689453 31.4850006103516 31.5459995269775 30.2980003356934 30.0100002288818 29.7549991607666 28.7110004425049 26.2250003814697 24.9570007324219 24.8519992828369 24.92799949646 23.0900001525879 21.8719997406006 21.826000213623 21.9680004119873 22.1539993286133 21.2700004577637 19.9950008392334 20.8120002746582 21.2789993286133 22.7700004577637 23.2329998016357 23.923999786377 22.5590000152588 21.7059993743896 19.9939994812012 19.2059993743896 19.4459991455078 17.6989994049072 11.9829998016357
12.7170000076294 14.0139999389648 15.1809997558594 15.2259998321533 14.9180002212524 14.1079998016357 13.8280000686646 15.1260004043579 16.1989994049072 18.0900001525879 14 25.0300006866455 27.5179996490479 27.1580009460449 29.4799995422363 29.878999710083 30.7350006103516 30.1620006561279 30.0160007476807 29.875 29.5779991149902 29.798999786377 29.9440002441406 25.4549999237061 24 23.7479991912842 23.9389991760254 23.2509994506836 21.8859996795654 21.9109992980957 22.1560001373291 22.3439998626709 21.8619995117188 20.5459995269775 20.4519996643066 21.0470008850098 21.617000579834 21.8279991149902 22.1690006256104 21.6429996490479 21.0349998474121 18.6919994354248 19.0960006713867 19.3020000457764 17.5709991455078 13.2320003509521
13.4989995956421 14.6300001144409 14.746000289917 15.0500001907349 14.6260004043579 14.5080003738403 14.0670003890991 13.5530004501343 13.4169998168945 14.6020002365112 21.3400001525879 25.8379993438721 25.886999130249 25.0499992370605 26.2639999389648 28.8610000610352 28.5949993133545 29.4939994812012 29.5179996490479 29.5979995727539 29.2399997711182 29.2950000762939 28.4939994812012 27.6060009002686 24.2660007476807 23.0389995574951 23.9799995422363 23.7789993286133 22.4759998321533 22.1459999084473 23.0639991760254 23.0930004119873 23.0359992980957 21.9930000305176 20.4540004730225 21.1009998321533 19.0279998779297 21.2919998168945 21.326000213623 21.363000869751 19.2040004730225 14.4969997406006 17.57200050354 19.0429992675781 15.1890001296997 11.621000289917
14.7749996185303 15.1859998703003 15.1239995956421 13.8929996490479 13.75 13.3719997406006 13.4259996414185 13.4469995498657 13.4809999465942 14.3219995498657 19.4029998779297 23.4249992370605 23.9640007019043 24.3680000305176 26.8770008087158 27.6229991912842 27.9780006408691 28.3379993438721 28.753999710083 29.0669994354248 28.6499996185303 28.5520000457764 27.996000289917 26.8269996643066 22.826000213623 22.2089996337891 22.5470008850098 22.5559997558594 21.8229999542236 23.1100006103516 23.8649997711182 23.6650009155273 23.367000579834 23.0259990692139 21.8859996795654 20.4529991149902 17.4009990692139 18.7779998779297 19.431999206543 20.3649997711182 18.2019996643066 14.625 16.7649993896484 16.42799949646 11.6829996109009 11.6260004043579
16.8910007476807 17.4039993286133 17.863000869751 16.1590003967285 13.0880002975464 12.6319999694824 13.0559997558594 14.826000213623 15.1940002441406 15.5159997940063 17.382999420166 20.2509994506836 22.3229999542236 23.3229999542236 25.7789993286133 26.5300006866455 27.3369998931885 27.3139991760254 27.92799949646 27.2080001831055 26.9650001525879 26.8090000152588 26.5130004882812 25.0860004425049 23.7880001068115 21.298999786377 20.9589996337891 21.0960006713867 22.4829998016357 23.4669990539551 24.2940006256104 24.1520004272461 23.4360008239746 22.5990009307861 22.2770004272461 20.988000869751 20.57200050354 16.3850002288818 14.8249998092651 18.9109992980957 17.5319995880127 13.7550001144409 13.2130002975464 12.7489995956421 12.6899995803833 12.6219997406006
17.5400009155273 17.7609996795654 18.1049995422363 17.1709995269775 13.6379995346069 12.4409999847412 13.0419998168945 16.1639995574951 16.4629993438721 16.7880001068115 19.1009998321533 20.2959995269775 21.5370006561279 26.5559997558594 23.2159996032715 23.9120006561279 26.0359992980957 27.076000213623 27.2730007171631 26.7169990539551 23.7709999084473 23.3530006408691 24.1979999542236 24.8470001220703 22.4020004272461 19.2080001831055 20.4780006408691 20.1410007476807 20.5979995727539 22.0729999542236 24.2840003967285 23.1490001678467 22.1800003051758 21.9249992370605 21.6040000915527 21.1159992218018 20.2959995269775 18.8139991760254 16.6270008087158 17.5900001525879 15.2270002365112 13.5790004730225 12.4139995574951 14.9610004425049 15.2290000915527 15.4219999313354
