02_asc_chm-r50m/BR222A.asc
NCOLS 201 
NROWS 201 
XLLCORNER 553596.5 
YLLCORNER 5276034.5 
CELLSIZE 0.5 
NODATA_value -3.4e+38 
[rows 140 to 159 of 201, columns 92 to 137 of 201]
14.5659999847412 10.8570003509521 11.2889995574951 11.53600025177 11.0190000534058 11.4060001373291 23.2770004272461 32.9710006713867 33.3860015869141 37.1780014038086 39.0309982299805 39.2919998168945 38.601001739502 36.5439987182617 33.3930015563965 38.6759986877441 36.9199981689453 29.8640003204346 29.4479999542236 29.2609996795654 23.0590000152588 12.2810001373291 9.85400009155273 9.45899963378906 8.48600006103516 7.69600009918213 7.33500003814697 7.23400020599365 11.3299999237061 15.9689998626709 16.7779998779297 16.5860004425049 17.9029998779297 18.2059993743896 18.8950004577637 21.0400009155273 22.1000003814697 22.818000793457 23.8880004882812 23.3299999237061 22.6620006561279 21.6599998474121 21.0799999237061 17.4130001068115 15.298999786377 14.4479999542236
14.2320003509521 11.6700000762939 11.6630001068115 11.8330001831055 12.1459999084473 12.8570003509521 23.1340007781982 32.4269981384277 32.3650016784668 30.80299949646 32.609001159668 35.3230018615723 34.9440002441406 31.9419994354248 15.1040000915527 20.75 29.2110004425049 28.0750007629395 28.4130001068115 28.3959999084473 23.8850002288818 11.9870004653931 10.793999671936 10.2609996795654 9.08800029754639 7.87900018692017 7.18699979782104 6.96099996566772 7.77199983596802 8.60299968719482 14.4340000152588 16.2800006866455 16.2369995117188 18.1030006408691 19.6429996490479 20.9950008392334 21.3050003051758 22.9389991760254 23.863000869751 24.0340003967285 23.382999420166 21.8360004425049 21.0270004272461 20.7439994812012 16.0049991607666 12.2829999923706
14.4160003662109 11.5749998092651 10.9370002746582 11.0839996337891 11.2670001983643 12.7519998550415 17.7110004425049 30.2439994812012 29.8980007171631 27.7980003356934 30.3649997711182 34.3120002746582 34.5979995727539 25.7049999237061 13.1009998321533 14.1359996795654 23.6149997711182 26.113000869751 27.6879997253418 27.7040004730225 27.6849994659424 20.7220001220703 12.5220003128052 12.1619997024536 11.6590003967285 9.27200031280518 7.46700000762939 6.6100001335144 6.53599977493286 7.70300006866455 11.1809997558594 13.5069999694824 13.0839996337891 15.5780000686646 19.5879993438721 20.5049991607666 20.7950000762939 22.3409996032715 23.5879993438721 23.8619995117188 22.701000213623 21.0930004119873 20.1650009155273 18.7439994812012 14.5089998245239 10.7729997634888
15.4429998397827 12.2110004425049 10.9230003356934 10.8929996490479 11.9469995498657 17.5590000152588 26.5550003051758 27.5699996948242 27.2040004730225 26.9829998016357 26.8050003051758 30.2509994506836 17.17799949646 13.3990001678467 14.8030004501343 15.8339996337891 15.5129995346069 15.8889999389648 20.0690002441406 22.0909996032715 26.8449993133545 19.67799949646 13.7430000305176 12.6730003356934 11.6990003585815 10.5959997177124 8.95199966430664 6.12200021743774 6.16900014877319 6.30999994277954 8.43299961090088 10.5319995880127 11.746000289917 13.4659996032715 18.5809993743896 20.6480007171631 20.8419990539551 22.07200050354 22.6989994049072 22.4759998321533 21.6019992828369 19.0440006256104 16.3419990539551 15.8400001525879 13.3299999237061 10.1219997406006
16.2210006713867 14.3070001602173 11.9989995956421 10.8030004501343 11.3090000152588 11.6149997711182 22.5890007019043 21.806999206543 24.9109992980957 26.6979999542236 26.423999786377 21.1509990692139 13.6090002059937 13.7469997406006 13.9849996566772 15.8090000152588 15.4259996414185 14.3769998550415 14.7729997634888 18.4130001068115 23.0020008087158 14.5939998626709 13.6059999465942 12.4359998703003 11.6020002365112 10.3719997406006 8.15299987792969 5.47300004959106 5.66699981689453 5.1269998550415 5.11100006103516 5.16599988937378 7.68499994277954 10.8489999771118 15.9079999923706 20.2159996032715 20.1399993896484 19.6860008239746 21.136999130249 21.1019992828369 18.5869998931885 16.576000213623 15.6780004501343 14.7089996337891 12.6009998321533 10.4680004119873
16.4669990539551 15.6579999923706 14.5539999008179 13.2679996490479 11.1899995803833 10.8450002670288 10.6260004043579 9.31999969482422 12.9280004501343 19.8290004730225 22.1499996185303 15.2159996032715 14.8120002746582 15.6160001754761 15.4790000915527 16.3349990844727 16.8840007781982 15.8760004043579 14.6590003967285 16.5939998626709 16.8659992218018 14.5550003051758 13.6730003356934 12.1529998779297 11.128999710083 10.0410003662109 9.04800033569336 7.65500020980835 6.10200023651123 5.08900022506714 5.02299976348877 5.24200010299683 7.20499992370605 10.1719999313354 10.7049999237061 17.2040004730225 17.443000793457 16.242000579834 18.6439990997314 18.0930004119873 16.8250007629395 16.2280006408691 15.1230001449585 10.5989999771118 8.72299957275391 11.1510000228882
16.9589996337891 15.9079999923706 15.246000289917 14.2340002059937 11.2270002365112 9.84200000762939 9.22399997711182 8.79699993133545 7.97399997711182 11.1549997329712 15.8020000457764 13.7150001525879 16.0429992675781 16.5520000457764 16.8139991760254 17.7040004730225 18.0960006713867 17.5830001831055 14.7639999389648 13.9309997558594 14.2049999237061 14.9530000686646 14.6099996566772 13.4499998092651 12.33899974823 10.0509996414185 8.60599994659424 8.20100021362305 7.2960000038147 4.83799982070923 4.79699993133545 5.07800006866455 6.57200002670288 7.7020001411438 9.12600040435791 9.27299976348877 12.6759996414185 12.6999998092651 12.9840002059937 13.9479999542236 12.7760000228882 13.5430002212524 13.5190000534058 7.88199996948242 7.89599990844727 10.871000289917
18.3369998931885 17.2259998321533 16.8770008087158 15.7720003128052 14.1870002746582 13.8950004577637 11.5559997558594 8.59799957275391 8.72299957275391 8.82999992370605 11.9709997177124 13.7290000915527 16.5930004119873 17.6620006561279 17.6539993286133 18.3819999694824 18.5419998168945 18.375 14.7659997940063 13.5179996490479 13.7290000915527 13.6529998779297 13.7510004043579 13.5629997253418 11.1940002441406 9.5019998550415 8.71599960327148 8.39999961853027 8.09799957275391 7.90999984741211 4.6269998550415 5.33900022506714 4.97700023651123 5.77600002288818 11.6190004348755 9.75300025939941 11.3229999542236 10.2840003967285 9.41199970245361 9.36299991607666 7.31500005722046 7.07399988174438 7.28499984741211 7.15999984741211 7.91200017929077 11.2840003967285
19.1499996185303 17.3379993438721 15.4940004348755 15.7779998779297 15.9119997024536 14.6619997024536 13.0329999923706 10.0819997787476 8.95699977874756 8.9370002746582 9.44499969482422 13.9340000152588 17.42799949646 17.5340003967285 17.3540000915527 18.1940002441406 17.9780006408691 17.1849994659424 15.3450002670288 12.9840002059937 12.2799997329712 11.9250001907349 11.8809995651245 11.2880001068115 11.2290000915527 9.94799995422363 8.83100032806396 8.69600009918213 8.01900005340576 7.51300001144409 5.54400014877319 5.28299999237061 7.48199987411499 12.4020004272461 13.7690000534058 11.8240003585815 12.3950004577637 9.73299980163574 10.9409999847412 10.1979999542236 7.46299982070923 6.75 6.4229998588562 7.23799991607666 8.43400001525879 11.1969995498657
19.4790000915527 17.8439998626709 15.9840002059937 16.2880001068115 16.3770008087158 14.5780000686646 13.6789999008179 9.86100006103516 9.24899959564209 9.10299968719482 10.7950000762939 12.5100002288818 15.1199998855591 16.2709999084473 16.5459995269775 16.7310009002686 16.4519996643066 16.1259994506836 14.5 12.2889995574951 11.2749996185303 11.3459997177124 11.9820003509521 11.0059995651245 10.4219999313354 10.2760000228882 9.68099975585938 9.4980001449585 9.02000045776367 7.5149998664856 10.4580001831055 12.210000038147 13.8020000457764 14.2430000305176 17.3479995727539 14.4809999465942 14.3570003509521 14.164999961853 12.0729999542236 11.0209999084473 9.17000007629395 7.07499980926514 7.1230001449585 8.28600025177002 9.8120002746582 12.5260000228882
19.0389995574951 17.9529991149902 17.5949993133545 16.1019992828369 15.5089998245239 14.7600002288818 13.4499998092651 10.8470001220703 9.97599983215332 9.61800003051758 11.668999671936 11.7959995269775 11.6879997253418 13.2569999694824 15.4689998626709 15.9340000152588 15.7080001831055 14.9870004653931 13.7320003509521 12.3249998092651 10.7639999389648 10.8570003509521 11.8599996566772 12.1079998016357 11.8920001983643 12.1149997711182 12.6470003128052 9.98200035095215 9.27099990844727 9.11999988555908 15.2040004730225 17.8619995117188 18.0839996337891 18.4890003204346 19.6770000457764 17.8139991760254 17.7569999694824 17.7919998168945 16.0799999237061 13.6990003585815 10.9759998321533 8.47299957275391 7.81599998474121 7.59600019454956 10.9079999923706 12.9069995880127
19.1439990997314 18.8899993896484 18.5799999237061 17.2469997406006 15.6470003128052 14.2700004577637 13.3240003585815 11.7959995269775 11.3229999542236 11.2810001373291 11.701000213623 11.3769998550415 10.3219995498657 12.0290002822876 14.1000003814697 15.0059995651245 14.0270004272461 14.2440004348755 12.1700000762939 11.2720003128052 10.8159999847412 11.5089998245239 11.826000213623 12.1579999923706 12.6780004501343 13.5920000076294 14.2959995269775 14.46399974823 13.2659997940063 13.7200002670288 17.0219993591309 17.9409999847412 18.181999206543 19.3360004425049 20.5419998168945 20.7180004119873 20.0419998168945 19.923999786377 17.8920001983643 16.3649997711182 13.8730001449585 10.3760004043579 8.79500007629395 4.5310001373291 11.6140003204346 14.0450000762939
18.4009990692139 18.7150001525879 18.5100002288818 17.5709991455078 15.8409996032715 13.4200000762939 12.8780002593994 14.2489995956421 13.7650003433228 13.7320003509521 12.6789999008179 12.121000289917 11.1540002822876 11.2239999771118 12.1909999847412 13.0319995880127 12.1840000152588 11.7580003738403 10.2700004577637 10.0799999237061 10.5869998931885 11.1870002746582 11.7159996032715 12.6219997406006 13.6709995269775 15.0380001068115 15.789999961853 15.625 15.4799995422363 14.9879999160767 16.4969997406006 18.8570003509521 19.3980007171631 21.8689994812012 21.2959995269775 22.2430000305176 22.4300003051758 21.6380004882812 20.6280002593994 20.9669990539551 18.1809997558594 11.8400001525879 11.121000289917 11.6669998168945 13.8500003814697 15.1999998092651
16.6060009002686 17.2099990844727 16.6399993896484 14.6529998779297 13.3540000915527 13.0659999847412 13.0410003662109 14.6899995803833 15.4370002746582 15.3400001525879 14.0459995269775 14.9759998321533 14.2889995574951 12.289999961853 12.9849996566772 13.6560001373291 11.9309997558594 10.3179998397827 7.91400003433228 9.20600032806396 10.2559995651245 11.25 12.9870004653931 14.3649997711182 16.2369995117188 16.7840003967285 16.8530006408691 16.011999130249 15.6400003433228 15.5249996185303 17.996000289917 20.7399997711182 22.0419998168945 22.8799991607666 23.2859992980957 23.3950004577637 22.9680004119873 22.1760005950928 21.4780006408691 21.2810001373291 18.5009994506836 13.8900003433228 12.2390003204346 11.0260000228882 13.039999961853 15.0480003356934
15.3489999771118 14.8179998397827 13.5270004272461 13.2159996032715 13.2670001983643 13.371000289917 13.4610004425049 14.7530002593994 15.5780000686646 16.0359992980957 15.9259996414185 16.3090000152588 15.9709997177124 14.168999671936 14.3870000839233 14.0570001602173 11.6169996261597 10.289999961853 9.65799999237061 10.2370004653931 11.9630002975464 12.960000038147 15.5690002441406 15.996000289917 16.878999710083 17.5470008850098 17.7649993896484 18.1280002593994 18.4169998168945 20.7390003204346 21.0020008087158 20.8999996185303 22.0499992370605 23.3409996032715 23.8209991455078 23.9619998931885 23.1310005187988 23.7369995117188 22.423999786377 20.9619998931885 18.8700008392334 13.1169996261597 11.7659997940063 9.57800006866455 11.1770000457764 13.6719999313354
14.7170000076294 14.4870004653931 13.3879995346069 13.0299997329712 12.956000328064 13.3299999237061 13.5600004196167 14.2799997329712 15.8660001754761 15.7049999237061 16.2240009307861 16.0090007781982 15.8479995727539 14.9630002975464 14.4130001068115 12.6409997940063 10.3579998016357 9.90900039672852 9.64099979400635 10.2849998474121 13.835000038147 14.5030002593994 15.9029998779297 16.30299949646 17.2180004119873 18.0849990844727 18.4039993286133 17.9750003814697 19.8780002593994 20.6499996185303 20.3600006103516 20.3409996032715 22.4529991149902 23.6840000152588 23.753999710083 24.5090007781982 24.867000579834 24.5890007019043 23.2830009460449 20.9549999237061 21.3040008544922 16.8589992523193 14.7399997711182 10.6129999160767 12.8199996948242 13.7329998016357
13.5100002288818 13.6549997329712 13.0659999847412 11.9879999160767 12.4619998931885 13.1969995498657 13.3769998550415 15.3020000457764 16.4500007629395 15.9809999465942 16.326000213623 16.6870002746582 16.55299949646 15.8459997177124 14.7040004730225 13.3190002441406 10.5679998397827 10.0839996337891 9.49300003051758 11.3520002365112 12.6569995880127 14.2980003356934 15.673999786377 16.1989994049072 17.5230007171631 17.8490009307861 18.4389991760254 18.3859996795654 19.128999710083 20.0879993438721 20.1140003204346 22.1310005187988 23.0450000762939 24.2649993896484 24.2900009155273 25.4090003967285 25.4300003051758 25.0030002593994 23.7390003204346 21.9780006408691 21.4610004425049 20.257999420166 16.8419990539551 13.8059997558594 14.3149995803833 13.5520000457764
13.2740001678467 13.6800003051758 12.8079996109009 12.0100002288818 11.5290002822876 11.9610004425049 14.2320003509521 16.2019996643066 16.4559993743896 16.1790008544922 16.7959995269775 17.2250003814697 17.2679996490479 16.0349998474121 14.2430000305176 12.923999786377 11.7390003204346 10.9750003814697 9.68299961090088 11.0150003433228 12.5539999008179 13.5419998168945 13.9899997711182 15.2959995269775 17.1560001373291 17.1229991912842 17.8059997558594 17.863000869751 18.992000579834 19.8470001220703 21.443000793457 22.2530002593994 22.2859992980957 24 24.7099990844727 25.9069995880127 26.0200004577637 24.7859992980957 23.7390003204346 21.8619995117188 20.6940002441406 19.9979991912842 16.7609996795654 16.32200050354 12.1759996414185 13.0860004425049
13.5719995498657 13.8649997711182 12.3070001602173 11.4630002975464 10.8549995422363 9.74199962615967 14.9180002212524 15.5989999771118 15.6180000305176 15.956000328064 16.7639999389648 16.8290004730225 16.7700004577637 15.6009998321533 13.9870004653931 12.1579999923706 11.5629997253418 10.9460000991821 9.7209997177124 9.28699970245361 11.7259998321533 12.871000289917 13.4250001907349 14.5629997253418 15.8179998397827 16.8269996643066 16.8409996032715 16.8619995117188 18.6840000152588 19.9130001068115 21.3920001983643 21.8390007019043 21.7719993591309 23.0270004272461 24.3169994354248 25.5100002288818 25.6019992828369 25.0279998779297 22.7649993896484 20.6560001373291 19.5249996185303 18.8589992523193 15.6440000534058 12.6800003051758 12.1339998245239 13.5629997253418
13.6829996109009 13.5340003967285 12.4619998931885 11.625 11.2239999771118 11.2040004730225 14.1619997024536 14.581000328064 14.7270002365112 14.7329998016357 15.6789999008179 16.4330005645752 16.875 15.7600002288818 13.4390001296997 11.3479995727539 11.2559995651245 9.48799991607666 7.66400003433228 8.13300037384033 10.5690002441406 11.7239999771118 12.8570003509521 13.4790000915527 14.960000038147 15.4919996261597 16.1350002288818 16.6809997558594 18.6040000915527 19.826000213623 19.7600002288818 21.0610008239746 21.9050006866455 22.2409992218018 23.7229995727539 24.2830009460449 24.6070003509521 23.2409992218018 20.82200050354 19.1350002288818 18.1100006103516 17.9799995422363 16.0100002288818 14.418999671936 13.0120000839233 13.2679996490479
