02_asc_chm-r50m/BR221A.asc
NCOLS 201 
NROWS 200 
XLLCORNER 532171 
YLLCORNER 5306815.5 
CELLSIZE 0.5 
NODATA_value -3.4e+38 
[rows 140 to 159 of 200, columns 46 to 91 of 201]
27.9309997558594 30.4589996337891 32.0709991455078 32.273998260498 33.2569999694824 34.3230018615723 32.9860000610352 33.1049995422363 32.9679985046387 32.7949981689453 33.2809982299805 33.7919998168945 34.0099983215332 34.0400009155273 34.3759994506836 34.7540016174316 35.7869987487793 36.007999420166 34.6220016479492 34.4189987182617 33.375 32.734001159668 32.3339996337891 31.3299999237061 30.8490009307861 30.5030002593994 28.1219997406006 26.0979995727539 25.9629993438721 25.0949993133545 25.3500003814697 22.0799999237061 19.9699993133545 17.9050006866455 22.4559993743896 23.5970001220703 25.4680004119873 27.7430000305176 28.7369995117188 29.1730003356934 28.6690006256104 28.0909996032715 27.173999786377 25.6270008087158 24.5849990844727 25.367000579834
28.8470001220703 29.1700000762939 30.9669990539551 31.5820007324219 32.3129997253418 31.8959999084473 31.2280006408691 31.4039993286133 31.5310001373291 31.6760005950928 32.3559989929199 32.8600006103516 33.3400001525879 32.9860000610352 33.9659996032715 35.5880012512207 36.0530014038086 36.140998840332 34.9959983825684 35.3209991455078 34.3860015869141 34.5929985046387 33.7400016784668 33.3889999389648 32.6199989318848 31.7560005187988 31.1849994659424 27.5900001525879 26.068000793457 26.0310001373291 24.3610000610352 21.1000003814697 21.0879993438721 20.6560001373291 20.8819999694824 23.3889999389648 25.8460006713867 27.57200050354 28.3490009307861 28.2029991149902 27.9829998016357 27.6669998168945 26.6030006408691 25.2919998168945 24.0499992370605 25.5300006866455
28.7229995727539 29.5219993591309 29.7369995117188 29.6889991760254 30.507999420166 29.7670001983643 31.0970001220703 31.0750007629395 31.0970001220703 31.0200004577637 31.4589996337891 31.9440002441406 32.5400009155273 32.6780014038086 34.1430015563965 35.2379989624023 36.0839996337891 35.9900016784668 35.8499984741211 35.7970008850098 35.564998626709 35.3139991760254 34.6370010375977 34.0260009765625 33.0769996643066 32.9889984130859 31.2590007781982 26.0779991149902 25.5370006561279 25.44700050354 22.8460006713867 21.1060009002686 21.2240009307861 21.3279991149902 21.8349990844727 24.2970008850098 25.8090000152588 26.6590003967285 27.4669990539551 27.2740001678467 26.9150009155273 26.3059997558594 25.5990009307861 24.5659999847412 23.7180004119873 24.9619998931885
29.0750007629395 30.3360004425049 30.9379997253418 30.8819999694824 31.5790004730225 31.2800006866455 32.7319984436035 32.4640007019043 31.8400001525879 31.4060001373291 31.4529991149902 30.867000579834 32.1609992980957 32.6839981079102 33.5690002441406 34.8330001831055 35.2200012207031 35.2569999694824 36.0750007629395 36.1599998474121 35.7330017089844 35.0509986877441 34.7169990539551 33.9099998474121 32.9179992675781 32.101001739502 27.9710006713867 25.8929996490479 24.75 22.7999992370605 21.3850002288818 21.2639999389648 21.3659992218018 21.423999786377 21.8159999847412 23.1830005645752 22.3540000915527 24.7490005493164 25.6480007171631 25.8929996490479 25.5209999084473 24.7950000762939 23.9309997558594 22.9640007019043 22.7919998168945 24.6940002441406
28.943000793457 30.6000003814697 31.121000289917 32.4160003662109 33.257999420166 33.4449996948242 33.4440002441406 33.4049987792969 31.8780002593994 31.6959991455078 31.6569995880127 29.1380004882812 29.6350002288818 32.0789985656738 32.890998840332 33.976001739502 34.3209991455078 34.617000579834 35.6209983825684 36.7970008850098 36.6609992980957 35.0009994506836 34.7000007629395 34.3919982910156 32.9099998474121 29.5820007324219 27.9640007019043 27.8299999237061 23.9939994812012 21.378999710083 21.193000793457 21.1700000762939 21.4080009460449 21.431999206543 21.2350006103516 20.7530002593994 20.1650009155273 23.3490009307861 23.9669990539551 24.2059993743896 24.1019992828369 23.3920001983643 22.5 22.30299949646 21.8369998931885 23.6310005187988
28.5610008239746 30.3999996185303 31.9120006561279 32.9220008850098 33.9070014953613 34.0180015563965 34.1520004272461 34.4010009765625 33.2239990234375 31.1760005950928 30.8570003509521 29.3910007476807 28.0790004730225 30.136999130249 31.7089996337891 32.9290008544922 33.5400009155273 34.1370010375977 34.8860015869141 36.6570014953613 36.1990013122559 34.814998626709 34.0779991149902 33.1430015563965 30.1830005645752 28.5890007019043 28.0170001983643 26.7320003509521 23.5809993743896 23.9409999847412 23.1180000305176 22.1270008087158 21.4589996337891 21.4969997406006 21.3759994506836 21.4729995727539 22.1730003356934 23.0830001831055 23.4500007629395 22.9979991912842 22.6940002441406 22.8859996795654 22.6889991760254 22.3010005950928 20.6459999084473 24.4759998321533
28.7430000305176 30.4950008392334 32.6549987792969 34.5579986572266 34.056999206543 34.5909996032715 35.0800018310547 34.4490013122559 33.8720016479492 32.3530006408691 31.1840000152588 29.8269996643066 27.8840007781982 29.7029991149902 30.8619995117188 32.3889999389648 33.1780014038086 33.382999420166 34.2709999084473 34.818000793457 35.2859992980957 34.0019989013672 32.7039985656738 32.4679985046387 31.2959995269775 30.4689998626709 28.6770000457764 24.3320007324219 24.1620006561279 24.3250007629395 24.3010005950928 23.2590007781982 21.9619998931885 23.0259990692139 23.5820007324219 22.4389991760254 21.9139995574951 23.0189990997314 22.6800003051758 22.1040000915527 23.0340003967285 21.4020004272461 23.1299991607666 23.7350006103516 24.2889995574951 24.5090007781982
29.3889999389648 31.2299995422363 31.9829998016357 34.0320014953613 35.3610000610352 35.568000793457 35.0810012817383 34.5919990539551 33.8969993591309 32.9029998779297 32.3499984741211 31.5790004730225 28.367000579834 29.0170001983643 30.94700050354 31.7399997711182 32.4529991149902 32.5559997558594 33.023998260498 33.814998626709 34.3160018920898 34.0369987487793 33.484001159668 32.6650009155273 31.2980003356934 30.80299949646 28.048999786377 23.4619998931885 23.1709995269775 24.3689994812012 24.4060001373291 24.7439994812012 24.5559997558594 25.1840000152588 24.9850006103516 24.4969997406006 23.0100002288818 24.0100002288818 24.2600002288818 24.1350002288818 24.07200050354 21.826000213623 23.2150001525879 23.7329998016357 24.1159992218018 24.0109996795654
29.6389999389648 31.6110000610352 33.8950004577637 35.076000213623 35.3040008544922 36.0379981994629 36.0870018005371 35.6580009460449 35.0579986572266 33.3819999694824 31.1429996490479 28.548999786377 27.2469997406006 28.5979995727539 29.9780006408691 30.121000289917 30.2490005493164 31.0919990539551 30.8880004882812 32.9780006408691 32.5919990539551 32.6339988708496 32.3199996948242 32.5620002746582 32.0069999694824 30.3139991760254 28.2320003509521 26.5499992370605 25.1749992370605 24.8990001678467 24.7220001220703 26.0979995727539 25.943000793457 26.173999786377 25.7000007629395 25.3980007171631 24.636999130249 24.7959995269775 25.3600006103516 24.8759994506836 24.136999130249 22.6070003509521 22.2259998321533 22.9489994049072 23.3040008544922 23.121000289917
31.4720001220703 32.0509986877441 33.939998626709 35.1669998168945 35.9449996948242 37.1829986572266 37.2050018310547 35.5349998474121 35.257999420166 34.25 32.6730003356934 30.6219997406006 26.3360004425049 26.8540000915527 28.2569999694824 28.4820003509521 28.7099990844727 29.7000007629395 30.3390007019043 30.1889991760254 29.5139999389648 30.4559993743896 31.1310005187988 31.6310005187988 31.3020000457764 28.3579998016357 26.4099998474121 26.2779998779297 26.3929996490479 25.8120002746582 27.4400005340576 28.6690006256104 27.6310005187988 27.8810005187988 27.3770008087158 25.6580009460449 25.1860008239746 25.1919994354248 25.6060009002686 25.1849994659424 23.9379997253418 22.5669994354248 21.9680004119873 22.1280002593994 22.4589996337891 22.7789993286133
31.4769992828369 32.5270004272461 33.7550010681152 34.9070014953613 36.0870018005371 36.8479995727539 36.8230018615723 35.576000213623 34.9379997253418 34.2830009460449 32.8390007019043 32.6399993896484 27.0900001525879 25.7080001831055 26.0550003051758 26.1989994049072 26.2089996337891 26.1900005340576 28.8729991912842 28.5540008544922 28.4120006561279 28.2520008087158 28.7229995727539 28.69700050354 27.9360008239746 25.7549991607666 24.9699993133545 26.2450008392334 26.8409996032715 28.3460006713867 29.8080005645752 30.0429992675781 28.871000289917 28.4810009002686 27.318000793457 26.1550006866455 24.6569995880127 24.6879997253418 25.5809993743896 24.8990001678467 23.681999206543 21.8610000610352 21.3439998626709 21.7859992980957 22.0440006256104 22.2320003509521
31.1760005950928 32.351001739502 33.0149993896484 34.0940017700195 34.7830009460449 35.3230018615723 35.8040008544922 34.9150009155273 34.5029983520508 33.875 32.8040008544922 32.5719985961914 29.2900009155273 24.5790004730225 24.6809997558594 25.3859996795654 25.2970008850098 24.7950000762939 25.2919998168945 26.375 28.0860004425049 28.2919998168945 27.306999206543 26.4570007324219 25.4710006713867 24.7929992675781 25.0380001068115 26.2999992370605 27.5779991149902 28.8719997406006 30.5149993896484 30.7609996795654 29.8589992523193 28.2509994506836 27.8120002746582 25.8059997558594 23.6690006256104 24.0400009155273 24.7439994812012 24.011999130249 22.5699996948242 21.8390007019043 20.7670001983643 20.875 21.2730007171631 21.5629997253418
29.1119995117188 31.5020008087158 31.5809993743896 33.8050003051758 34.0940017700195 34.2919998168945 34.4480018615723 34.1870002746582 34.2719993591309 33.6910018920898 31.7880001068115 30.57200050354 29.6840000152588 24.2800006866455 24.375 24.4640007019043 24.7789993286133 25.9489994049072 26.2649993896484 26.7150001525879 27.7980003356934 28.2189998626709 28.3360004425049 27.6539993286133 26.2530002593994 25.6800003051758 25.9500007629395 25.9710006713867 28.0669994354248 29.2159996032715 30.238000869751 30.2240009307861 29.4220008850098 27.7929992675781 27.8409996032715 24.5659999847412 23.5330009460449 23.0709991455078 23.3560009002686 22.5559997558594 21.9270000457764 20.8150005340576 19.8840007781982 20.5620002746582 21.378999710083 21.3689994812012
26.9839992523193 30.4330005645752 29.8099994659424 32.7330017089844 33.7910003662109 33.4850006103516 33.5250015258789 33.2400016784668 32.9560012817383 31.7929992675781 29.6909999847412 28.2040004730225 26.6840000152588 24.6909999847412 25.2450008392334 25.3339996337891 25.9249992370605 27.4419994354248 28.0869998931885 28.8150005340576 28.6310005187988 28.6679992675781 29.6560001373291 29.0599994659424 27.8199996948242 27.1219997406006 25.7549991607666 23.8549995422363 24.5849990844727 27.4969997406006 28.7880001068115 28.6580009460449 28.3719997406006 27.1410007476807 25.9099998474121 23.2119998931885 22.0830001831055 21.3570003509521 21.1180000305176 21.3320007324219 21.1000003814697 20.7560005187988 19.6359996795654 20.1650009155273 21.1450004577637 20.8680000305176
26.1490001678467 28.0049991607666 28.7099990844727 31.2560005187988 31.507999420166 30.6959991455078 31.5349998474121 31.4270000457764 30.5559997558594 30.1480007171631 28.8549995422363 27.3880004882812 24.8269996643066 26.8939990997314 27.4479999542236 26.8369998931885 28.4699993133545 29.1790008544922 29.3950004577637 29.3850002288818 29.3759994506836 30.507999420166 30.7019996643066 29.9759998321533 28.8680000305176 26.181999206543 24.7299995422363 23.2830009460449 23.5510005950928 25.628999710083 27.3339996337891 27.3530006408691 27.2789993286133 26.2269992828369 24.3689994812012 22.6100006103516 21.5340003967285 19.7049999237061 19.4109992980957 19.5209999084473 19.3120002746582 19.181999206543 19.0799999237061 17.503999710083 17.5270004272461 19.4039993286133
26.5270004272461 26.1919994354248 27.0419998168945 27.8369998931885 27.1009998321533 27.5370006561279 31.1499996185303 30.9290008544922 29.2469997406006 28.3120002746582 27.2199993133545 25.4839992523193 25.7819995880127 27.4820003509521 27.8479995727539 28.5610008239746 29.0729999542236 29.5349998474121 29.8619995117188 30.0690002441406 30.2600002288818 31.4599990844727 31.2360000610352 30.3939990997314 28.4899997711182 25.4559993743896 24.0970001220703 23.0459995269775 23.6459999084473 24.0909996032715 26.3519992828369 26.6620006561279 26.1709995269775 24.8700008392334 23.4340000152588 22.3619995117188 21.363000869751 18.173999786377 18.3090000152588 17.7189998626709 16.7870006561279 16.7569999694824 16.3920001983643 14.7700004577637 15.9779996871948 17.128999710083
24.3199996948242 24.1219997406006 24.3269996643066 27.3120002746582 27.6800003051758 28.5380001068115 29.0510005950928 29.007999420166 28.5949993133545 27.5799999237061 26.5380001068115 24.8199996948242 26.2919998168945 27.1319999694824 29.7159996032715 30.5330009460449 30.5839996337891 31.0060005187988 30.4340000152588 30.7180004119873 31.1860008239746 32.0530014038086 32.7700004577637 31.3400001525879 29.3269996643066 25.8990001678467 24.931999206543 23.5900001525879 22.826000213623 21.3519992828369 24.6340007781982 24.0410003662109 24.1359996795654 23.1270008087158 20.4080009460449 14.2379999160767 17.8460006713867 14.8780002593994 15.9670000076294 14.9650001525879 14.9200000762939 14.2430000305176 14.4980001449585 15.0109996795654 16.0930004119873 16.4720001220703
22.6119995117188 22.5219993591309 24.6490001678467 27.0620002746582 28.6450004577637 29.1030006408691 29.0020008087158 28.7469997406006 28.2479991912842 26.3500003814697 25.6229991912842 25.5429992675781 25.6660003662109 25.9559993743896 28.742000579834 29.9090003967285 31.4069995880127 31.8549995422363 31.0410003662109 30.5960006713867 30.8740005493164 31.3959999084473 31.4720001220703 31.0270004272461 29.7280006408691 26.5160007476807 25.2110004425049 23.1399993896484 21.3040008544922 20.9409999847412 20.8999996185303 20.7609996795654 22.2229995727539 21.2980003356934 21.621000289917 12.6389999389648 11.798999786377 13.5900001525879 13.8529996871948 13.3079996109009 12.7760000228882 13.6260004043579 14.7410001754761 15.1300001144409 13.2119998931885 16.2000007629395
23.3680000305176 25.1060009002686 26.5669994354248 27.2000007629395 28.4619998931885 29.6590003967285 29.5799999237061 29.5510005950928 28.2819995880127 26.4459991455078 25.0410003662109 25.3969993591309 25.7360000610352 25.7269992828369 26.1609992980957 28.6019992828369 31.5370006561279 30.9549999237061 30.0820007324219 29.5550003051758 29.8810005187988 30.5849990844727 30.3059997558594 28.3659992218018 27.07200050354 26.7919998168945 25.9860000610352 22.7779998779297 20.9610004425049 20.6060009002686 20.4139995574951 20.2759990692139 21.556999206543 19.3799991607666 17.6660003662109 14.3769998550415 12.5010004043579 11.3819999694824 11.3269996643066 11.3050003051758 13.4980001449585 15.1429996490479 15.6260004043579 15.1899995803833 14.6969995498657 16.4640007019043
23.4990005493164 24.1989994049072 25.9459991455078 26.3570003509521 28.0200004577637 29.3889999389648 29.5230007171631 29.1049995422363 28.201000213623 27.1019992828369 25.4459991455078 25.056999206543 25.3610000610352 25.3299999237061 24.5249996185303 27.6079998016357 30.3080005645752 30.1760005950928 29.253999710083 28.8269996643066 28.6019992828369 28.8369998931885 28.5009994506836 27.9139995574951 26.8299999237061 25.3939990997314 23.7080001831055 21.8250007629395 20.6270008087158 20.6590003967285 20.3360004425049 20.121000289917 20.4139995574951 20.0930004119873 20.3850002288818 20.9640007019043 18.8859996795654 13.585000038147 11.6219997406006 12.7469997406006 13.9289999008179 15.6700000762939 16.19700050354 15.4790000915527 15.1450004577637 17.3969993591309
