02_asc_chm-r50m/BR221E.asc
NCOLS 200 
NROWS 199 
XLLCORNER 530302.5 
YLLCORNER 5291126.5 
CELLSIZE 0.5 
NODATA_value -3.4e+38 
[rows 20 to 39 of 199, columns 138 to 183 of 200]
5.53700017929077 8.47299957275391 13.0450000762939 16.6089992523193 18.2399997711182 21.257999420166 22.9479999542236 23.7649993896484 26.6770000457764 26.5919990539551 26.4979991912842 25.5400009155273 23.2199993133545 22.8369998931885 26.2689990997314 30.1350002288818 32.1879997253418 32.7330017089844 33.4339981079102 33.6259994506836 33.4830017089844 33.1290016174316 32.9129981994629 -3.4e+38 -3.4e+38 -3.4e+38 -3.4e+38 -3.4e+38 -3.4e+38 -3.4e+38 -3.4e+38 -3.4e+38 -3.4e+38 -3.4e+38 -3.4e+38 -3.4e+38 -3.4e+38 -3.4e+38 -3.4e+38 -3.4e+38 -3.4e+38 -3.4e+38 -3.4e+38 -3.4e+38 -3.4e+38 -3.4e+38
2.91700005531311 6.36199998855591 10.1639995574951 14.4309997558594 15.1110000610352 18.1359996795654 18.1009998321533 18.2290000915527 22.3770008087158 22.6049995422363 22.3920001983643 19.7700004577637 20.3159999847412 21.6060009002686 26.3850002288818 28.5459995269775 30.4370002746582 31.3980007171631 32.8559989929199 33.2439994812012 33.1510009765625 32.8050003051758 34.1199989318848 34.4469985961914 -3.4e+38 -3.4e+38 -3.4e+38 -3.4e+38 -3.4e+38 -3.4e+38 -3.4e+38 -3.4e+38 -3.4e+38 -3.4e+38 -3.4e+38 -3.4e+38 -3.4e+38 -3.4e+38 -3.4e+38 -3.4e+38 -3.4e+38 -3.4e+38 -3.4e+38 -3.4e+38 -3.4e+38 -3.4e+38
0.851000010967255 2.80800008773804 6.19000005722046 9.35999965667725 12.0190000534058 13.2390003204346 13.5979995727539 15.1700000762939 17.0189990997314 18.6359996795654 16.871000289917 17.2709999084473 14.7189998626709 20.25 25.6580009460449 27.2150001525879 27.9419994354248 29.371000289917 31.3339996337891 32.8040008544922 33.2389984130859 34.2770004272461 35.9360008239746 37.3110008239746 37.0909996032715 -3.4e+38 -3.4e+38 -3.4e+38 -3.4e+38 -3.4e+38 -3.4e+38 -3.4e+38 -3.4e+38 -3.4e+38 -3.4e+38 -3.4e+38 -3.4e+38 -3.4e+38 -3.4e+38 -3.4e+38 -3.4e+38 -3.4e+38 -3.4e+38 -3.4e+38 -3.4e+38 -3.4e+38
0.505999982357025 0.352999985218048 0.455000013113022 9.22999954223633 11.0179996490479 12.0520000457764 12.5100002288818 13.9989995956421 13.8769998550415 15.2150001525879 13.9010000228882 13.871000289917 13.9490003585815 18.761999130249 22.9120006561279 24.2180004119873 27.367000579834 29.2970008850098 30.0429992675781 32.5340003967285 33.2779998779297 35.1549987792969 37.7589988708496 38.4080009460449 38.4360008239746 38.0579986572266 -3.4e+38 -3.4e+38 -3.4e+38 -3.4e+38 -3.4e+38 -3.4e+38 -3.4e+38 -3.4e+38 -3.4e+38 -3.4e+38 -3.4e+38 -3.4e+38 -3.4e+38 -3.4e+38 -3.4e+38 -3.4e+38 -3.4e+38 -3.4e+38 -3.4e+38 -3.4e+38
0.981000006198883 0.264999985694885 0.412000000476837 5.49100017547607 7.22399997711182 11.826000213623 12.6829996109009 13.5080003738403 13.6339998245239 13.6090002059937 13.6180000305176 12.0609998703003 12.0649995803833 13.4630002975464 19.4669990539551 23.6550006866455 27.3419990539551 28.5370006561279 28.1100006103516 32.0250015258789 32.9679985046387 36.3219985961914 38.5880012512207 38.6800003051758 38.8940010070801 38.9290008544922 38.5029983520508 -3.4e+38 -3.4e+38 -3.4e+38 -3.4e+38 -3.4e+38 -3.4e+38 -3.4e+38 -3.4e+38 -3.4e+38 -3.4e+38 -3.4e+38 -3.4e+38 -3.4e+38 -3.4e+38 -3.4e+38 -3.4e+38 -3.4e+38 -3.4e+38 -3.4e+38
0.374000012874603 0.234999999403954 0.232999995350838 0.671000003814697 1.2610000371933 4.66900014877319 12.7229995727539 12.7530002593994 12.2609996795654 12.4519996643066 11.2679996490479 8.67099952697754 8.69999980926514 10.8070001602173 18.9340000152588 23.5020008087158 24.1450004577637 26.0020008087158 27.2910003662109 29.9619998931885 34.0589981079102 37.6189994812012 38.3470001220703 38.8040008544922 39.1230010986328 39.5480003356934 39.6510009765625 38.8979988098145 -3.4e+38 -3.4e+38 -3.4e+38 -3.4e+38 -3.4e+38 -3.4e+38 -3.4e+38 -3.4e+38 -3.4e+38 -3.4e+38 -3.4e+38 -3.4e+38 -3.4e+38 -3.4e+38 -3.4e+38 -3.4e+38 -3.4e+38 -3.4e+38
0.602999985218048 0.196999996900558 0.194000005722046 0.575999975204468 1.05099999904633 2.02099990844727 9.25399971008301 11.2760000228882 9.80599975585938 8.39900016784668 8.14099979400635 8.6230001449585 8.56999969482422 10.6560001373291 16.9769992828369 23.0860004425049 23.0139999389648 24.3980007171631 26.8530006408691 30.2609996795654 34.6500015258789 36.2109985351562 38.1870002746582 39.3089981079102 39.9889984130859 40.3959999084473 40.2130012512207 39.4710006713867 38.1879997253418 -3.4e+38 -3.4e+38 -3.4e+38 -3.4e+38 -3.4e+38 -3.4e+38 -3.4e+38 -3.4e+38 -3.4e+38 -3.4e+38 -3.4e+38 -3.4e+38 -3.4e+38 -3.4e+38 -3.4e+38 -3.4e+38 -3.4e+38
0.763000011444092 0.361999988555908 0.328999996185303 0.507000029087067 2.09500002861023 3.32800006866455 4.22800016403198 6.80700016021729 8.34899997711182 8.16600036621094 8.65499973297119 8.7519998550415 10.0629997253418 18.0340003967285 19.8929996490479 20.7700004577637 20.4810009002686 22.8759994506836 24.363000869751 27.261999130249 32.5699996948242 36.1689987182617 37.773998260498 39.3479995727539 40.5379981994629 40.7200012207031 40.5040016174316 39.5019989013672 38.189998626709 37.2700004577637 -3.4e+38 -3.4e+38 -3.4e+38 -3.4e+38 -3.4e+38 -3.4e+38 -3.4e+38 -3.4e+38 -3.4e+38 -3.4e+38 -3.4e+38 -3.4e+38 -3.4e+38 -3.4e+38 -3.4e+38 -3.4e+38
1.00199997425079 0.398000001907349 0.583000004291534 0.683000028133392 3.07999992370605 4.60200023651123 5.52600002288818 6.92199993133545 8.11299991607666 8.41399955749512 11.3100004196167 15.4379997253418 20.3330001831055 21.1989994049072 21.0030002593994 20.9969997406006 20.4979991912842 20.8400001525879 26.3409996032715 29.621000289917 34.3899993896484 35.4970016479492 37.9990005493164 38.9980010986328 39.9099998474121 40.0229988098145 39.8289985656738 39.2569999694824 38.0470008850098 37.9799995422363 36.3819999694824 -3.4e+38 -3.4e+38 -3.4e+38 -3.4e+38 -3.4e+38 -3.4e+38 -3.4e+38 -3.4e+38 -3.4e+38 -3.4e+38 -3.4e+38 -3.4e+38 -3.4e+38 -3.4e+38 -3.4e+38
1.307000041008 1.63699996471405 1.88699996471405 1.86500000953674 3.95900011062622 7.39599990844727 5.18800020217896 5.84499979019165 7.2519998550415 12.7379999160767 16.2929992675781 19.2299995422363 20.5970001220703 21.0559997558594 21.2159996032715 21.5639991760254 20.6550006866455 23.8500003814697 27.2789993286133 27.9829998016357 31.9990005493164 34.3969993591309 37.8110008239746 38.4039993286133 38.5820007324219 38.9809989929199 39.0540008544922 38.5449981689453 37.1479988098145 37.3209991455078 34.5089988708496 32.7519989013672 -3.4e+38 -3.4e+38 -3.4e+38 -3.4e+38 -3.4e+38 -3.4e+38 -3.4e+38 -3.4e+38 -3.4e+38 -3.4e+38 -3.4e+38 -3.4e+38 -3.4e+38 -3.4e+38
1.16700005531311 2.12100005149841 2.73399996757507 2.62599992752075 4.28399991989136 13.9930000305176 7.56699991226196 6.0770001411438 17.1240005493164 20.9799995422363 18.1310005187988 19.8299999237061 21.507999420166 21.8560009002686 22.2779998779297 22.7049999237061 23.6469993591309 25.3080005645752 27.2110004425049 30.128999710083 32.9630012512207 34.0209999084473 36.806999206543 37.7080001831055 37.4129981994629 38.1959991455078 39.1129989624023 38.4420013427734 36.5639991760254 35.1349983215332 34.0379981994629 32.6110000610352 30.4570007324219 -3.4e+38 -3.4e+38 -3.4e+38 -3.4e+38 -3.4e+38 -3.4e+38 -3.4e+38 -3.4e+38 -3.4e+38 -3.4e+38 -3.4e+38 -3.4e+38 -3.4e+38
1.817999958992 2.39100003242493 2.9760000705719 3.11899995803833 3.63899993896484 14.3819999694824 13.7180004119873 15.6110000610352 23.8439998626709 23.3390007019043 20.5900001525879 22.7140007019043 23.117000579834 24.2040004730225 25.3740005493164 26.2199993133545 25.42799949646 25.5809993743896 26.5610008239746 30.6889991760254 31.9400005340576 33.2949981689453 35.7630004882812 36.6559982299805 37.1319999694824 37.0029983520508 37.7449989318848 37.1609992980957 35.6749992370605 34.7789993286133 33.8009986877441 31.9829998016357 25.0380001068115 18.8299999237061 -3.4e+38 -3.4e+38 -3.4e+38 -3.4e+38 -3.4e+38 -3.4e+38 -3.4e+38 -3.4e+38 -3.4e+38 -3.4e+38 -3.4e+38 -3.4e+38
2.31399989128113 2.15499997138977 2.90400004386902 3.44899988174438 14.4440002441406 20.3929996490479 20.6499996185303 23.1200008392334 26.2049999237061 26.5359992980957 25.6690006256104 23.5799999237061 23.3500003814697 24.2040004730225 26.1340007781982 26.3050003051758 25.7140007019043 25.9890003204346 26.2919998168945 28.7390003204346 31.7660007476807 32.9980010986328 33.7229995727539 35.0130004882812 35.5789985656738 35.326000213623 35.625 34.9799995422363 34.5499992370605 33.8839988708496 31.3910007476807 26.7399997711182 19.9939994812012 18.4640007019043 16.5650005340576 -3.4e+38 -3.4e+38 -3.4e+38 -3.4e+38 -3.4e+38 -3.4e+38 -3.4e+38 -3.4e+38 -3.4e+38 -3.4e+38 -3.4e+38
2.34999990463257 2.09299993515015 3.05299997329712 3.35700011253357 18.3770008087158 24.0960006713867 26.0849990844727 27.6040000915527 26.8339996337891 26.6560001373291 27.1599998474121 23.3129997253418 24.048999786377 25.7150001525879 26.3999996185303 27.2019996643066 28.0370006561279 28.2999992370605 28.6790008544922 29.1989994049072 31.0270004272461 32.0260009765625 32.8720016479492 33.1730003356934 33.0940017700195 33.1479988098145 33.314998626709 31.4009990692139 30.2959995269775 27.9669990539551 27.5009994506836 23.4360008239746 19.6539993286133 17.6690006256104 17.4169998168945 17.3549995422363 -3.4e+38 -3.4e+38 -3.4e+38 -3.4e+38 -3.4e+38 -3.4e+38 -3.4e+38 -3.4e+38 -3.4e+38 -3.4e+38
2.75099992752075 2.6340000629425 6.31599998474121 7.04199981689453 18.2950000762939 26.375 27.1900005340576 27.9939994812012 28.318000793457 27.4750003814697 27.4599990844727 23.6669998168945 24.431999206543 25.4650001525879 27.2399997711182 27.9209995269775 29.0860004425049 29.4939994812012 29.1870002746582 28.9640007019043 29.4680004119873 30.8509998321533 32.048999786377 31.943000793457 31.8369998931885 31.0139999389648 29.9349994659424 28.3379993438721 26.1200008392334 25.3819999694824 25.757999420166 18.1550006866455 12.0209999084473 14.960000038147 17.9759998321533 20.1630001068115 23.4869995117188 -3.4e+38 -3.4e+38 -3.4e+38 -3.4e+38 -3.4e+38 -3.4e+38 -3.4e+38 -3.4e+38 -3.4e+38
2.54299998283386 7.11499977111816 16.1410007476807 18.548999786377 26.076000213623 27.6569995880127 28.1860008239746 28.7189998626709 29.7749996185303 30.1840000152588 27.9549999237061 25.0860004425049 25.0200004577637 26.7959995269775 28.0520000457764 28.0139999389648 28.9260005950928 29.6469993591309 29.3239994049072 29.4340000152588 30.048999786377 30.9069995880127 31.8600006103516 32.5169982910156 32.6980018615723 32.2280006408691 31.6690006256104 30.0879993438721 29.5590000152588 30.3969993591309 29.8799991607666 14.3649997711182 14.9580001831055 16.6280002593994 19.2789993286133 22.5090007781982 25.4069995880127 24.7859992980957 -3.4e+38 -3.4e+38 -3.4e+38 -3.4e+38 -3.4e+38 -3.4e+38 -3.4e+38 -3.4e+38
1.93299996852875 1.12699997425079 15.6680002212524 24.3549995422363 25.9330005645752 26.8810005187988 28.4459991455078 30.9360008239746 30.8880004882812 29.7070007324219 28.0590000152588 25.0580005645752 24.6410007476807 26.9540004730225 28.4109992980957 29.011999130249 30.2600002288818 30.4529991149902 30.3600006103516 30.4179992675781 30.4459991455078 32.0900001525879 32.8450012207031 33.3310012817383 33.5019989013672 33.4140014648438 33.3199996948242 32.523998260498 31.6599998474121 30.2530002593994 29.681999206543 19.4979991912842 16.253999710083 19.2140007019043 20.6229991912842 24.4130001068115 26.2399997711182 24.9720001220703 24.8409996032715 -3.4e+38 -3.4e+38 -3.4e+38 -3.4e+38 -3.4e+38 -3.4e+38 -3.4e+38
2.37199997901917 1.51499998569489 15.2709999084473 24.246000289917 26.8619995117188 28.6730003356934 31.3400001525879 32.6259994506836 31.9650001525879 29.9689998626709 26.8999996185303 24.3010005950928 25.4230003356934 26.7119998931885 28.5060005187988 29.2450008392334 30.3419990539551 31.0669994354248 30.92799949646 30.4300003051758 30.0709991455078 32.4690017700195 33.6469993591309 33.9220008850098 33.9830017089844 34.0229988098145 33.4949989318848 32.2840003967285 32.2719993591309 29.5709991455078 26.8040008544922 15.7550001144409 17.1030006408691 19.5580005645752 24.8470001220703 26.6730003356934 26.0499992370605 25.1949996948242 25.6709995269775 29.0699996948242 -3.4e+38 -3.4e+38 -3.4e+38 -3.4e+38 -3.4e+38 -3.4e+38
3.375 3.91700005531311 16.056999206543 22.306999206543 26.0869998931885 29.3129997253418 31.1770000457764 33.117000579834 31.1319999694824 28.9459991455078 23.6650009155273 23.117000579834 24.30299949646 26.5599994659424 27.9780006408691 28.4029998779297 29.9139995574951 30.6979999542236 30.2590007781982 29.7940006256104 30.0620002746582 32.2869987487793 33.7890014648438 34.5069999694824 34.5019989013672 34.2779998779297 33.431999206543 32.3930015563965 32.435001373291 30.2369995117188 24.6490001678467 16.2450008392334 16.5979995727539 18.2630004882812 23.7089996337891 26.8159999847412 26.8540000915527 26.25 31.6429996490479 33.0050010681152 32.6730003356934 -3.4e+38 -3.4e+38 -3.4e+38 -3.4e+38 -3.4e+38
3.18499994277954 3.73499989509583 4.03299999237061 15.6049995422363 27.1359996795654 28.3770008087158 29.5400009155273 31.1860008239746 28.8349990844727 27.4039993286133 21.3400001525879 18.3549995422363 20.5279998779297 24.5419998168945 27.0879993438721 28.1200008392334 29.1410007476807 29.7299995422363 29.8199996948242 29.7329998016357 30.507999420166 32.0219993591309 33.1609992980957 34.2830009460449 34.476001739502 33.9830017089844 33.6539993286133 32.7400016784668 30.931999206543 29.6439990997314 25.2530002593994 17.4069995880127 16.8810005187988 22.3929996490479 24.878999710083 27.2240009307861 27.8229999542236 30.1620006561279 33.2470016479492 33.7379989624023 34.2080001831055 33.0750007629395 -3.4e+38 -3.4e+38 -3.4e+38 -3.4e+38
