02_asc_chm-r50m/BR222A.asc
NCOLS 201 
NROWS 201 
XLLCORNER 553596.5 
YLLCORNER 5276034.5 
CELLSIZE 0.5 
NODATA_value -3.4e+38 
[rows 160 to 179 of 201, columns 46 to 91 of 201]
21.9570007324219 18.17799949646 11.4899997711182 10.798999786377 11.2840003967285 13.4280004501343 16.0790004730225 17.1679992675781 17.3120002746582 17.2399997711182 16.2630004882812 18.1089992523193 23.9270000457764 29.8939990997314 32.6980018615723 32.5880012512207 35.1269989013672 36.8380012512207 38.9459991455078 41.5250015258789 42.4360008239746 43.2980003356934 43.8919982910156 43.9189987182617 44.1780014038086 44.1959991455078 44.0270004272461 42.5320014953613 39.7089996337891 37.576000213623 36.0989990234375 34.3160018920898 27.4330005645752 27.2660007476807 20.6959991455078 23.4360008239746 19.621000289917 18.69700050354 16.4890003204346 15.9160003662109 16 14.9689998626709 13.7910003662109 12.9010000228882 12.1440000534058 13.1940002441406
18.3139991760254 15.8649997711182 12.3159999847412 11.5380001068115 11.4619998931885 13.7930002212524 16.5139999389648 17.30299949646 17.4839992523193 18.2709999084473 18.6900005340576 17.1459999084473 23.1429996490479 29.8969993591309 32.8349990844727 33.3330001831055 35.8810005187988 38.0660018920898 41.076000213623 42.6300010681152 43.6469993591309 44.7630004882812 45.0019989013672 44.185001373291 44.3089981079102 44.1720008850098 43.9059982299805 43.4570007324219 42.0089988708496 38.6640014648438 36.4420013427734 35.4179992675781 32.4729995727539 20.886999130249 17.4950008392334 18.8080005645752 19.5849990844727 19.1860008239746 17.8659992218018 16.6200008392334 13.6619997024536 5.6269998550415 11.1280002593994 11.9379997253418 11.8900003433228 12.9390001296997
13.0010004043579 12.7629995346069 11.6780004501343 10.6330003738403 12.8299999237061 14.8879995346069 16.7430000305176 17.3349990844727 18.6119995117188 19.5030002593994 19.2450008392334 17.5189990997314 23.6229991912842 27.1620006561279 31.2770004272461 33.2099990844727 34.935001373291 40.2589988708496 42.523998260498 42.8209991455078 44.076000213623 45.064998626709 45.9609985351562 45.3680000305176 45.6199989318848 45.5029983520508 43.8460006713867 43.0709991455078 41.5470008850098 40.4339981079102 38.6889991760254 35.1800003051758 32.5439987182617 28.511999130249 21.173999786377 18.0100002288818 19.246000289917 19.5410003662109 18.5939998626709 17.011999130249 13.91100025177 4.78399991989136 7.42500019073486 11.2910003662109 11.1020002365112 11.8649997711182
11.0310001373291 11.1789999008179 10.4910001754761 9.10499954223633 9.19799995422363 14.9770002365112 15.4980001449585 16.4699993133545 17.7870006561279 18.9360008239746 18.3279991149902 20.5049991607666 24.8600006103516 26.7259998321533 30.4270000457764 32.8470001220703 35.6339988708496 39.5690002441406 42.2439994812012 43.1650009155273 44.5620002746582 45.4480018615723 46.1629981994629 46.515998840332 46.7299995422363 45.9650001525879 43.3089981079102 42.6580009460449 41.5550003051758 40.2360000610352 38.2929992675781 35.8759994506836 31.2660007476807 30.3939990997314 21.8819999694824 17.5699996948242 18.568000793457 19.2250003814697 18.1709995269775 16.3640003204346 14.9280004501343 8.69600009918213 4.13700008392334 6.00699996948242 9.14999961853027 9.38099956512451
10.3079996109009 9.60999965667725 9.04800033569336 8.04199981689453 8.48200035095215 13.2200002670288 15.3889999389648 15.664999961853 16.3360004425049 17.5060005187988 18.7159996032715 24.0179996490479 27.9209995269775 29.2430000305176 30.2430000305176 35.1479988098145 37.4280014038086 40.6699981689453 42.1230010986328 43.5989990234375 44.0900001525879 45.7120018005371 46.3240013122559 46.6240005493164 47.0229988098145 45.2480010986328 43.0690002441406 42.3880004882812 40.548999786377 39.1759986877441 35.8580017089844 33.5909996032715 29.7880001068115 25.1180000305176 17.6870002746582 18.6909999847412 19.3379993438721 19.3290004730225 17.9540004730225 15.9020004272461 14.7869997024536 13.1140003204346 10.4490003585815 5.14200019836426 9.02000045776367 10.6040000915527
10.3940000534058 8.78600025177002 7.52699995040894 6.76100015640259 7.40399980545044 11.4589996337891 14.1820001602173 14.2430000305176 15.4469995498657 15.1110000610352 13.746000289917 22.7670001983643 27.6889991760254 29.1770000457764 30.6989994049072 36.2319984436035 38.7210006713867 40.3320007324219 41.7389984130859 42.9160003662109 43.7400016784668 45.3979988098145 45.9620018005371 45.9799995422363 46.3979988098145 45.9720001220703 43.7099990844727 41.9650001525879 39.351001739502 36.7159996032715 35.8580017089844 32.0130004882812 25.7099990844727 18.076000213623 16.9169998168945 18.4750003814697 19.6450004577637 20.5499992370605 19.1399993896484 16.6270008087158 14.1850004196167 10.0930004119873 4.77299976348877 3.47900009155273 3.44899988174438 13.4680004119873
12.2609996795654 10.9010000228882 6.72100019454956 5.86700010299683 5.86800003051758 6.51399993896484 10.0670003890991 12.5699996948242 14.5310001373291 13.8439998626709 11.5659999847412 23.1919994354248 22.4599990844727 28.6919994354248 31.8430004119873 36.5499992370605 39.2159996032715 39.3499984741211 40.3400001525879 42.2620010375977 42.9469985961914 43.7039985656738 44.6279983520508 44.9410018920898 45.1040000915527 44.359001159668 43.0069999694824 41.2550010681152 39.2820014953613 37.5559997558594 36.5480003356934 31.5869998931885 21.3560009002686 13.6169996261597 18.2590007781982 20.2679996490479 21.2229995727539 23.1359996795654 23.6119995117188 22.0389995574951 23.6159992218018 16.1229991912842 2.93499994277954 3.35999989509583 3.2039999961853 10.2930002212524
15.5679998397827 11.4680004119873 8.24300003051758 6.21600008010864 5.67999982833862 5.93699979782104 7.14599990844727 10.3450002670288 11.5120000839233 12.3059997558594 10.581000328064 11.0260000228882 18.7259998321533 27.0669994354248 31.9950008392334 35.109001159668 37.2960014343262 38.0449981689453 39.3689994812012 41.6110000610352 42.484001159668 42.4599990844727 43.5 43.5419998168945 42.9459991455078 42.4939994812012 41.6450004577637 40.0400009155273 39.2140007019043 37.6809997558594 33.3629989624023 21.7329998016357 7.625 10.5830001831055 17.6620006561279 21.3579998016357 22.386999130249 23.3999996185303 23.7849998474121 24.0090007781982 24.7210006713867 26.0820007324219 28.246000289917 22.0380001068115 17.4729995727539 20.2980003356934
11.3409996032715 9.68299961090088 7.70699977874756 6.06599998474121 5.53700017929077 5.95100021362305 7.08199977874756 7.25 9.11600017547607 10.2980003356934 11.0410003662109 12.46399974823 21.6730003356934 24.9029998779297 31.5049991607666 31.8439998626709 33.7140007019043 35.7669982910156 37.3600006103516 38.7210006713867 40.6949996948242 41.0480003356934 41.8400001525879 42.2939987182617 41.7060012817383 41.6389999389648 40.3559989929199 38.4879989624023 37.5779991149902 33.3940010070801 21.761999130249 12.6339998245239 8.21399974822998 13.8369998931885 20.2290000915527 21.9440002441406 23.3579998016357 23.8020000457764 24.7520008087158 25.3409996032715 25.4300003051758 27.3880004882812 29.0990009307861 29.0440006256104 25.0580005645752 25.2709999084473
7.06500005722046 5.82499980926514 6.36800003051758 6.36700010299683 5.92399978637695 5.38199996948242 5.79300022125244 6.61199998855591 7.51700019836426 8.86499977111816 10.3610000610352 10.08899974823 10.9689998626709 24.4839992523193 27.6919994354248 29.9769992828369 32.3899993896484 35.5789985656738 35.8019981384277 36.6030006408691 37.5890007019043 39.0379981994629 39.0629997253418 39.326000213623 39.423999786377 38.7220001220703 37.1949996948242 35.7089996337891 32.6180000305176 32.140998840332 7.34600019454956 6.10599994659424 18.7339992523193 22.621000289917 25.326000213623 24.5839996337891 25.8470001220703 26.0189990997314 26.5200004577637 25.2789993286133 17.9039993286133 27.6580009460449 29.5879993438721 29.8579998016357 28.5109996795654 29.3640003204346
5.57100009918213 6.31500005722046 6.18900012969971 6.33400011062622 6.10400009155273 5.96199989318848 6.0019998550415 6.30900001525879 7.19399976730347 7.50899982452393 8.11900043487549 8.67899990081787 16.068000793457 24.4099998474121 24.451000213623 26.5790004730225 32.6349983215332 35.2809982299805 35.6450004577637 35.8499984741211 35.9669990539551 37.8450012207031 38.8689994812012 37.2190017700195 37.9630012512207 37.7910003662109 36.0519981384277 33.8930015563965 31.2880001068115 30.1900005340576 6.47399997711182 10.6960000991821 25.8999996185303 27.6049995422363 26.7849998474121 26.42799949646 27.6159992218018 27.886999130249 25.8509998321533 19.8929996490479 6.28499984741211 27.2070007324219 29.7649993896484 30.6410007476807 30.8770008087158 31.1730003356934
6.58500003814697 5.92700004577637 5.60099983215332 5.48600006103516 5.58400011062622 5.84800004959106 5.94000005722046 6.04500007629395 5.98400020599365 4.70499992370605 5.8289999961853 7.04400014877319 19.3320007324219 24.0930004119873 24.1340007781982 24.3090000152588 29.5830001831055 32.0950012207031 33.6220016479492 34.6860008239746 34.4309997558594 33.8740005493164 33.6959991455078 38.3580017089844 40.3330001831055 40.6370010375977 40.4070014953613 36.810001373291 30.136999130249 22.9479999542236 5.17199993133545 22.2520008087158 26.6760005950928 28.0890007019043 28.8470001220703 29.3169994354248 29.011999130249 28.5240001678467 26.7240009307861 23.6599998474121 24.3080005645752 27.8999996185303 29.8980007171631 30.6520004272461 31.0890007019043 30.9529991149902
5.93499994277954 5.63199996948242 5.16200017929077 4.89400005340576 4.3270001411438 4.73400020599365 5.44199991226196 5.01399993896484 4.55399990081787 3.68899989128113 4.77199983596802 11.1879997253418 22.3169994354248 25.8649997711182 24.7929992675781 26.6100006103516 27.7830009460449 28.378999710083 24.1520004272461 25.9050006866455 30.2740001678467 31.8519992828369 34.8790016174316 39.9329986572266 41.548999786377 41.5639991760254 40.7750015258789 39.8639984130859 28.4799995422363 20.125 23.628999710083 24.2290000915527 27.2649993896484 28.1730003356934 28.867000579834 29.0069999694824 28.6809997558594 28.0230007171631 25.6319999694824 20.0230007171631 20.3059997558594 25.5620002746582 28.363000869751 30.3479995727539 30.7660007476807 30.7080001831055
6.79099988937378 4.90299987792969 3.89499998092651 3.51399993896484 2.89599990844727 3.03200006484985 4.13600015640259 3.82299995422363 3.45499992370605 3.10999989509583 3.17000007629395 7.02600002288818 27.0289993286133 26.9930000305176 26.7840003967285 28.6770000457764 29.0830001831055 28.8570003509521 27.7189998626709 27.3980007171631 29.5779991149902 32.9300003051758 37.6279983520508 40.0480003356934 40.9280014038086 41.5839996337891 41.1539993286133 39.9360008239746 33.7690010070801 23.6790008544922 21.4869995117188 23.6189994812012 26.6690006256104 27.6520004272461 28.6110000610352 28.4249992370605 28.2290000915527 27.5270004272461 25.2180004119873 19.3279991149902 16.25 25.5049991607666 27.8479995727539 29.6800003051758 30.2269992828369 29.6959991455078
7.80399990081787 6.22900009155273 4.29899978637695 2.32500004768372 1.66700005531311 1.97899997234344 2.26699995994568 2.36100006103516 1.68099999427795 2.35700011253357 3.02900004386902 21.2450008392334 28.0200004577637 29.1650009155273 29.5480003356934 30.261999130249 30.3290004730225 28.7450008392334 27.7369995117188 27.625 27.6340007781982 31.69700050354 39.3810005187988 39.7480010986328 40.601001739502 40.7809982299805 40.1529998779297 38.3129997253418 34.6269989013672 28.2670001983643 21.878999710083 20.7150001525879 25.3169994354248 26.7749996185303 26.8120002746582 27.6620006561279 27.2970008850098 26.6580009460449 24.4860000610352 22.6280002593994 23.6159992218018 24.3990001678467 26.9729995727539 28.8439998626709 28.4090003967285 28.0559997558594
8.61900043487549 6.74200010299683 4.93400001525879 2.23900008201599 1.30099999904633 0.962000012397766 1.33200001716614 1.182000041008 0.564999997615814 1.29200005531311 17.3939990997314 28.3169994354248 30.2299995422363 30.878999710083 31.1469993591309 31.1959991455078 30.7679996490479 26.4160003662109 26.2530002593994 27.4150009155273 27.1889991760254 31.7240009307861 38.9010009765625 39.0019989013672 39.2350006103516 39.8289985656738 38.8549995422363 37.9379997253418 34.7849998474121 30.2250003814697 26.8120002746582 22.5259990692139 24.6469993591309 24.7530002593994 24.4309997558594 26.0219993591309 25.3120002746582 24.82200050354 21.8020000457764 22.2759990692139 22.5289993286133 22.8390007019043 24.6159992218018 26.2689990997314 24.996000289917 24.7259998321533
9.39500045776367 7.01399993896484 6.39400005340576 1.625 1.45299994945526 1.24899995326996 1.14100003242493 0.839999973773956 0.560000002384186 3.44099998474121 21.7049999237061 29.5739994049072 30.5890007019043 31.117000579834 31.5909996032715 31.7269992828369 31.1520004272461 27.6609992980957 24.2919998168945 26.1529998779297 25.9309997558594 30.7520008087158 34.8330001831055 37.6510009765625 38.2630004882812 38.4809989929199 37.9799995422363 36.1969985961914 33.8530006408691 29.7469997406006 25.878999710083 23.5799999237061 24.0130004882812 24.048999786377 23.6520004272461 23.0580005645752 21.8549995422363 20.1459999084473 20.0699996948242 19.3899993896484 17.1909999847412 16.9360008239746 18.9349994659424 22.5240001678467 24.3540000915527 20.798999786377
9.98400020599365 7.82200002670288 4.80499982833862 2.91799998283386 2.42700004577637 2.00500011444092 1.73099994659424 1.05999994277954 0.358000010251999 0.277999997138977 18.5750007629395 29.4850006103516 29.9810009002686 30.6200008392334 31.7000007629395 32.132999420166 31.7980003356934 30.2399997711182 27.761999130249 27.1949996948242 26.1550006866455 29.9270000457764 31.886999130249 35.3089981079102 36.0740013122559 35.0279998779297 34.9970016479492 32.8689994812012 33.2270011901855 30.0170001983643 25.1679992675781 24.2409992218018 24.1410007476807 23.4449996948242 22.6070003509521 20.6830005645752 18.5249996185303 17.2929992675781 17.2800006866455 16.8229999542236 17.1380004882812 17.2590007781982 16.2980003356934 17.5149993896484 19.8889999389648 20.492000579834
9.22299957275391 6.33400011062622 3.96399998664856 3.10199999809265 3.18400001525879 3.1489999294281 2.55399990081787 1.74199998378754 1.28999996185303 0.862999975681305 21.6340007781982 29.1870002746582 29.7509994506836 30.7800006866455 31.8239994049072 32.0029983520508 31.375 30.7770004272461 29.6200008392334 28.128999710083 27.132999420166 26.5249996185303 28.2299995422363 29.2810001373291 33.3880004882812 30.7630004882812 30.9139995574951 30.3719997406006 30.5480003356934 29.0849990844727 25.0650005340576 24.4669990539551 23.2980003356934 21.5179996490479 21.1940002441406 19.8110008239746 18.1229991912842 18.5440006256104 18.5319995880127 18.511999130249 18.7549991607666 18.0599994659424 16.0790004730225 15.3149995803833 16.0979995727539 14.6070003509521
9.34099960327148 6.93300008773804 3.92700004577637 3.28099989891052 3.31900000572205 3.34599995613098 2.53699994087219 1.6360000371933 1.52300000190735 1.75600004196167 16.9220008850098 27.2950000762939 29.6539993286133 30.738000869751 30.6229991912842 30.5060005187988 30.9340000152588 30.1669998168945 29.3360004425049 26.9720001220703 26.6259994506836 26.19700050354 26.1529998779297 26.8810005187988 26.5709991455078 27.8530006408691 28.3320007324219 27.8129997253418 25.9300003051758 24.173999786377 24.6560001373291 23.5300006866455 23.0090007781982 21.2070007324219 19.6280002593994 18.0499992370605 18.7229995727539 19.2779998779297 19.5890007019043 19.7409992218018 20.0359992980957 19.2840003967285 16.1609992980957 14.6789999008179 14.5340003967285 13.5719995498657
