02_asc_chm-r50m/BR222Y.asc
NCOLS 200 
NROWS 200 
XLLCORNER 535914 
YLLCORNER 5299595.5 
CELLSIZE 0.5 
NODATA_value -3.4e+38 
[rows 20 to 39 of 200, columns 138 to 183 of 200]
31.5669994354248 31.3040008544922 30.9379997253418 29.6849994659424 27.9969997406006 23.6900005340576 21.1399993896484 20.2970008850098 20.2199993133545 19.8840007781982 23.9150009155273 27.3190002441406 27.9340000152588 29.7059993743896 30.5639991760254 31.5330009460449 30.7870006561279 29.0300006866455 27.5459995269775 26.701000213623 24.7490005493164 22.6189994812012 -3.4e+38 -3.4e+38 -3.4e+38 -3.4e+38 -3.4e+38 -3.4e+38 -3.4e+38 -3.4e+38 -3.4e+38 -3.4e+38 -3.4e+38 -3.4e+38 -3.4e+38 -3.4e+38 -3.4e+38 -3.4e+38 -3.4e+38 -3.4e+38 -3.4e+38 -3.4e+38 -3.4e+38 -3.4e+38 -3.4e+38 -3.4e+38
32.8470001220703 32.6450004577637 32.2120018005371 30.9729995727539 27.6830005645752 25.3519992828369 24.1060009002686 20.0189990997314 19.4179992675781 18.9360008239746 23.0279998779297 24.9729995727539 26.7789993286133 27.92799949646 29.1870002746582 29.2789993286133 28.9610004425049 26.6100006103516 26.2310009002686 25.2089996337891 24.2469997406006 23.5690002441406 23.2730007171631 25.0639991760254 -3.4e+38 -3.4e+38 -3.4e+38 -3.4e+38 -3.4e+38 -3.4e+38 -3.4e+38 -3.4e+38 -3.4e+38 -3.4e+38 -3.4e+38 -3.4e+38 -3.4e+38 -3.4e+38 -3.4e+38 -3.4e+38 -3.4e+38 -3.4e+38 -3.4e+38 -3.4e+38 -3.4e+38 -3.4e+38
33.3530006408691 33.1030006408691 31.9340000152588 29.7080001831055 28.375 26.2220001220703 24.9780006408691 21.4109992980957 18.1979999542236 19.1650009155273 22.8040008544922 24.6909999847412 25.7320003509521 27.4130001068115 27.4969997406006 27.5069999694824 26.7250003814697 26.5300006866455 25.5429992675781 23.2290000915527 23.1450004577637 23.8290004730225 24.1200008392334 25.1720008850098 24.9799995422363 -3.4e+38 -3.4e+38 -3.4e+38 -3.4e+38 -3.4e+38 -3.4e+38 -3.4e+38 -3.4e+38 -3.4e+38 -3.4e+38 -3.4e+38 -3.4e+38 -3.4e+38 -3.4e+38 -3.4e+38 -3.4e+38 -3.4e+38 -3.4e+38 -3.4e+38 -3.4e+38 -3.4e+38
32.5519981384277 32.2890014648438 30.9540004730225 29.0709991455078 27.5699996948242 26.6229991912842 24.6450004577637 23.8320007324219 20.2180004119873 20.2740001678467 22.3810005187988 23.996000289917 24.2430000305176 24.503999710083 23.7880001068115 23.3719997406006 23.3099994659424 23.57200050354 23.8939990997314 21.8080005645752 22.4689998626709 24.0499992370605 25.44700050354 26.4519996643066 26.6110000610352 26.5690002441406 -3.4e+38 -3.4e+38 -3.4e+38 -3.4e+38 -3.4e+38 -3.4e+38 -3.4e+38 -3.4e+38 -3.4e+38 -3.4e+38 -3.4e+38 -3.4e+38 -3.4e+38 -3.4e+38 -3.4e+38 -3.4e+38 -3.4e+38 -3.4e+38 -3.4e+38 -3.4e+38
30.8640003204346 31.0979995727539 30.7150001525879 29.7709999084473 29.5069999694824 27.1599998474121 22.8929996490479 21.3530006408691 21.1089992523193 21.5499992370605 21.4669990539551 21.6469993591309 22.4479999542236 22.7549991607666 20.8360004425049 18.9109992980957 19.4419994354248 19.5990009307861 20.2709999084473 21.9650001525879 22.6319999694824 23.9169998168945 25.9810009002686 27.261999130249 27.1299991607666 27.9330005645752 27.3059997558594 -3.4e+38 -3.4e+38 -3.4e+38 -3.4e+38 -3.4e+38 -3.4e+38 -3.4e+38 -3.4e+38 -3.4e+38 -3.4e+38 -3.4e+38 -3.4e+38 -3.4e+38 -3.4e+38 -3.4e+38 -3.4e+38 -3.4e+38 -3.4e+38 -3.4e+38
29.3689994812012 29.8880004882812 29.4720001220703 26.9449996948242 26.2549991607666 26.9169998168945 24.6420001983643 24.125 23.3700008392334 22.3600006103516 22.742000579834 22.3279991149902 22.2950000762939 22.3619995117188 21.0249996185303 18.1849994659424 17.4790000915527 19.4489994049072 19.8330001831055 21.6630001068115 22.7269992828369 25.0930004119873 25.7210006713867 27.7479991912842 28.5349998474121 29.2280006408691 28.5109996795654 27.9249992370605 -3.4e+38 -3.4e+38 -3.4e+38 -3.4e+38 -3.4e+38 -3.4e+38 -3.4e+38 -3.4e+38 -3.4e+38 -3.4e+38 -3.4e+38 -3.4e+38 -3.4e+38 -3.4e+38 -3.4e+38 -3.4e+38 -3.4e+38 -3.4e+38
27.6669998168945 28.068000793457 27.4349994659424 27.0839996337891 27.4099998474121 27.0270004272461 26.8600006103516 25.8980007171631 25.2189998626709 23.9659996032715 22.80299949646 22.7329998016357 22.5520000457764 21.9139995574951 20.5669994354248 19.2199993133545 18.4990005493164 19.1420001983643 19.3209991455078 20.306999206543 21.7700004577637 24.1900005340576 26.4930000305176 27.1119995117188 28.798999786377 29.3299999237061 28.5949993133545 27.2999992370605 26.1790008544922 -3.4e+38 -3.4e+38 -3.4e+38 -3.4e+38 -3.4e+38 -3.4e+38 -3.4e+38 -3.4e+38 -3.4e+38 -3.4e+38 -3.4e+38 -3.4e+38 -3.4e+38 -3.4e+38 -3.4e+38 -3.4e+38 -3.4e+38
24.5230007171631 25.451000213623 26.238000869751 26.4500007629395 27.6849994659424 28.3500003814697 28.201000213623 27.1469993591309 26.3290004730225 24.8969993591309 22.6870002746582 22.4769992828369 22.4740009307861 21.6870002746582 20.1280002593994 17.867000579834 17.5729999542236 18.5849990844727 18.6860008239746 19.5930004119873 21.7940006256104 24.4200000762939 26.576000213623 27.3689994812012 27.8099994659424 28.0179996490479 27.2770004272461 25.2439994812012 25.7530002593994 25.7240009307861 -3.4e+38 -3.4e+38 -3.4e+38 -3.4e+38 -3.4e+38 -3.4e+38 -3.4e+38 -3.4e+38 -3.4e+38 -3.4e+38 -3.4e+38 -3.4e+38 -3.4e+38 -3.4e+38 -3.4e+38 -3.4e+38
23.7250003814697 24.3360004425049 25.7430000305176 27.7600002288818 28.4069995880127 28.9930000305176 29.0279998779297 28.3770008087158 26.0820007324219 23.9340000152588 22.8969993591309 22.4640007019043 22.363000869751 19.5249996185303 17.9869995117188 15.7189998626709 15.2700004577637 17.6399993896484 18.4489994049072 18.7649993896484 20.5990009307861 23.5990009307861 25.6380004882812 26.5930004119873 25.9309997558594 26.1340007781982 27.0990009307861 26.2830009460449 26.0149993896484 26.1979999542236 25.2689990997314 -3.4e+38 -3.4e+38 -3.4e+38 -3.4e+38 -3.4e+38 -3.4e+38 -3.4e+38 -3.4e+38 -3.4e+38 -3.4e+38 -3.4e+38 -3.4e+38 -3.4e+38 -3.4e+38 -3.4e+38
23.8980007171631 24.3889999389648 25.3600006103516 26.9150009155273 28.1389999389648 28.5380001068115 28.3349990844727 26.6350002288818 23.9379997253418 22.7159996032715 21.8939990997314 21.5830001831055 21.5769996643066 17.8850002288818 9.23600006103516 14.9209995269775 14.3699998855591 16.4379997253418 20.3010005950928 20.7490005493164 18.9629993438721 22.757999420166 23.5270004272461 25.0160007476807 25.3689994812012 26.2770004272461 27.2250003814697 27.5 27.0949993133545 27.0960006713867 26.4020004272461 25.1110000610352 -3.4e+38 -3.4e+38 -3.4e+38 -3.4e+38 -3.4e+38 -3.4e+38 -3.4e+38 -3.4e+38 -3.4e+38 -3.4e+38 -3.4e+38 -3.4e+38 -3.4e+38 -3.4e+38
21.6749992370605 24.2649993896484 24.7859992980957 25.1009998321533 26.4290008544922 27.3169994354248 27.0330009460449 25.1499996185303 23.0049991607666 22.3619995117188 22.1599998474121 20.9519996643066 21.136999130249 19.8299999237061 14.6359996795654 17.42799949646 16.5480003356934 22.5849990844727 25.7059993743896 25.9500007629395 25.1439990997314 26.0860004425049 21.4109992980957 22.5930004119873 27.0160007476807 27.3899993896484 27.94700050354 28.5739994049072 28.4109992980957 28.5319995880127 27.7919998168945 27.3819999694824 28.4559993743896 -3.4e+38 -3.4e+38 -3.4e+38 -3.4e+38 -3.4e+38 -3.4e+38 -3.4e+38 -3.4e+38 -3.4e+38 -3.4e+38 -3.4e+38 -3.4e+38 -3.4e+38
21.2970008850098 23.7360000610352 24.8589992523193 24.443000793457 24.6509990692139 25.996000289917 24.4559993743896 22.992000579834 22.7770004272461 22.5550003051758 22.132999420166 21.9860000610352 21.3939990997314 19.5890007019043 20.2430000305176 22.0249996185303 24.8579998016357 27.4699993133545 27.7199993133545 28.3390007019043 28.8889999389648 27.4729995727539 22.7129993438721 24.2360000610352 26.7019996643066 28.0179996490479 28.3110008239746 29.8150005340576 30.4810009002686 30.4890003204346 29.7310009002686 28.4130001068115 29.4020004272461 30.2049999237061 -3.4e+38 -3.4e+38 -3.4e+38 -3.4e+38 -3.4e+38 -3.4e+38 -3.4e+38 -3.4e+38 -3.4e+38 -3.4e+38 -3.4e+38 -3.4e+38
21.9750003814697 24.4729995727539 24.8409996032715 24.1770000457764 23.6089992523193 23.4689998626709 23.2649993896484 23.0170001983643 22.7779998779297 22.5270004272461 22.363000869751 22.1089992523193 21.8010005950928 19.3740005493164 23.4400005340576 27.2299995422363 30.07200050354 30.6539993286133 29.4260005950928 29.1159992218018 29.7819995880127 29.8449993133545 25.0590000152588 24.6259994506836 26.9109992980957 28.3549995422363 30.0049991607666 31.4619998931885 31.7849998474121 31.2290000915527 29.7670001983643 28.6299991607666 29.4540004730225 30.6529998779297 31.6119995117188 -3.4e+38 -3.4e+38 -3.4e+38 -3.4e+38 -3.4e+38 -3.4e+38 -3.4e+38 -3.4e+38 -3.4e+38 -3.4e+38 -3.4e+38
22.7450008392334 24.2670001983643 25.1620006561279 25.7509994506836 26.4160003662109 26.6149997711182 24.8479995727539 24.0909996032715 23.0559997558594 22.8920001983643 21.1599998474121 22.2329998016357 22.7000007629395 21.2929992675781 27.0330009460449 30.5790004730225 31.7119998931885 32.6199989318848 32.6129989624023 32.2019996643066 31.306999206543 30.3980007171631 29.4190006256104 26.9659996032715 27.068000793457 29.7399997711182 31.1509990692139 32.1230010986328 32.1510009765625 31.4139995574951 30.2430000305176 29.6749992370605 29.4699993133545 29.5559997558594 29.80299949646 29.0590000152588 -3.4e+38 -3.4e+38 -3.4e+38 -3.4e+38 -3.4e+38 -3.4e+38 -3.4e+38 -3.4e+38 -3.4e+38 -3.4e+38
23.4160003662109 24.8819999694824 27.2630004882812 28.3439998626709 28.0839996337891 26.923999786377 25.4099998474121 24.2959995269775 23.7900009155273 22.6800003051758 20.1900005340576 21.07200050354 25.9209995269775 28.1909999847412 30.7269992828369 31.4220008850098 32.2099990844727 33.1710014343262 34.1240005493164 33.6679992675781 32.6150016784668 31.9220008850098 29.7339992523193 28.4969997406006 27.9419994354248 29.9109992980957 30.6110000610352 31.7749996185303 31.6149997711182 31.3920001983643 30.1049995422363 29.4120006561279 28.5389995574951 28.3799991607666 28.8229999542236 28.4899997711182 27.3579998016357 -3.4e+38 -3.4e+38 -3.4e+38 -3.4e+38 -3.4e+38 -3.4e+38 -3.4e+38 -3.4e+38 -3.4e+38
28.2070007324219 27.9780006408691 28.8780002593994 29.363000869751 28.9909992218018 26.5230007171631 26.0189990997314 25.6639995574951 26.7329998016357 22.9650001525879 21.0020008087158 18.5030002593994 23.6019992828369 29.3169994354248 30.8649997711182 31.9669990539551 32.8950004577637 34.2999992370605 35.2929992675781 35.1529998779297 33.3359985351562 32.8849983215332 30.5470008850098 28.2770004272461 27.5659999847412 28.1650009155273 29.1639995574951 30.3810005187988 30.8250007629395 30.2679996490479 29.3320007324219 28.3959999084473 26.5709991455078 25.6350002288818 25.6030006408691 25.4869995117188 24.3169994354248 25.1630001068115 -3.4e+38 -3.4e+38 -3.4e+38 -3.4e+38 -3.4e+38 -3.4e+38 -3.4e+38 -3.4e+38
31.5629997253418 30.9409999847412 30.9039993286133 30.9750003814697 30.4689998626709 26.4540004730225 27.4409999847412 28.7530002593994 28.4740009307861 24.7849998474121 23.1860008239746 17.2549991607666 23.9489994049072 28.8279991149902 31.6870002746582 33.4049987792969 34.5719985961914 36.1839981079102 36.3790016174316 35.6430015563965 34.7379989624023 33.4020004272461 32.0359992980957 28.9300003051758 27.5919990539551 27.4589996337891 27.7859992980957 29.0149993896484 29.0939998626709 29.0310001373291 27.7590007781982 25.9950008392334 25.4619998931885 24.5699996948242 22.6359996795654 22.5330009460449 22.6900005340576 21.4769992828369 19.9599990844727 -3.4e+38 -3.4e+38 -3.4e+38 -3.4e+38 -3.4e+38 -3.4e+38 -3.4e+38
33.4700012207031 33.1559982299805 32.8400001525879 32.5779991149902 33.5250015258789 30.128999710083 30.1590003967285 30.4190006256104 28.636999130249 26.9479999542236 25.6690006256104 17.7689990997314 24.613000869751 30.0949993133545 31.0939998626709 32.734001159668 34.9560012817383 36.9160003662109 37.0400009155273 36.1240005493164 34.8619995117188 33.3779983520508 32.1790008544922 30.6219997406006 27.1459999084473 26.636999130249 25.9489994049072 27.0160007476807 27.4629993438721 27.2660007476807 25.923999786377 25.423999786377 25.2919998168945 23.4969997406006 22.0230007171631 22.1809997558594 22.0930004119873 19.576000213623 17.8659992218018 17.0559997558594 -3.4e+38 -3.4e+38 -3.4e+38 -3.4e+38 -3.4e+38 -3.4e+38
35.1580009460449 33.8400001525879 34.1720008850098 34.6650009155273 35.101001739502 33.601001739502 32.5960006713867 31.0839996337891 28.996000289917 26.3500003814697 22.6350002288818 19.9099998474121 26.128999710083 27.875 31.5149993896484 33.1839981079102 34.617000579834 35.9000015258789 36.0859985351562 35.7550010681152 34.890998840332 32.9939994812012 31.8740005493164 29.5839996337891 25.0890007019043 25.1429996490479 25.4190006256104 25.8999996185303 26.0860004425049 25.6889991760254 24.6539993286133 24.3570003509521 23.7329998016357 22.1800003051758 18.4650001525879 20.3080005645752 18.1959991455078 12.5329999923706 15.9770002365112 17.1650009155273 20.7430000305176 -3.4e+38 -3.4e+38 -3.4e+38 -3.4e+38 -3.4e+38
36.6310005187988 35.7280006408691 35.8839988708496 36.0139999389648 35.4220008850098 34.375 32.3800010681152 30.3090000152588 29.3369998931885 27.3120002746582 23.1849994659424 23.181999206543 24.2609996795654 25.8500003814697 30.0659999847412 32.890998840332 33.4210014343262 34.1500015258789 34.601001739502 35.0169982910156 33.8660011291504 32.1640014648438 30.8910007476807 28.5960006713867 23.8659992218018 22.7029991149902 23.9710006713867 24.1539993286133 24.0510005950928 24.5359992980957 23.8349990844727 23.4150009155273 21.2140007019043 19.8850002288818 18.4349994659424 15.2329998016357 13.9689998626709 12.585000038147 17.0709991455078 17.7929992675781 21.5429992675781 24.9570007324219 -3.4e+38 -3.4e+38 -3.4e+38 -3.4e+38
