02_asc_chm-r50m/BR222X.asc
NCOLS 200 
NROWS 200 
XLLCORNER 539972.5 
YLLCORNER 5289439.5 
CELLSIZE 0.5 
NODATA_value -3.4e+38 
[rows 180 to 199 of 200, columns 92 to 137 of 200]
36.1529998779297 34.617000579834 33.7039985656738 31.6860008239746 30.1520004272461 28.6200008392334 29.8209991455078 29.6000003814697 30.2479991912842 31.2110004425049 32.3359985351562 34.1860008239746 34.5169982910156 33.2970008850098 34.1339988708496 35.1180000305176 35.5690002441406 35.6829986572266 34.5830001831055 34.3849983215332 33.9329986572266 32.3269996643066 32.1479988098145 32.1689987182617 31.5200004577637 30.613000869751 30.5279998779297 30.568000793457 29.6469993591309 28.4869995117188 30.0979995727539 30.0100002288818 25.8920001983643 27.568000793457 27.568000793457 27.5429992675781 26.7569999694824 24.1389999389648 19.4360008239746 17.5300006866455 18.3050003051758 19.0799999237061 20.4699993133545 20.2390003204346 20.4330005645752 20.632999420166
35.8520011901855 34.4179992675781 33.0089988708496 31.5230007171631 30.5300006866455 29.9080009460449 30.4409999847412 31.0109996795654 31.9799995422363 32.076000213623 34.0250015258789 35.1809997558594 35.1430015563965 35.0390014648438 35.4939994812012 36.0769996643066 36.5970001220703 36.5369987487793 36.1749992370605 35.2140007019043 34.8730010986328 32.6790008544922 32.4230003356934 32.2649993896484 32.1440010070801 31.7490005493164 31.7590007781982 31.7029991149902 31.5550003051758 31.0300006866455 31.5510005950928 30.6860008239746 30.1709995269775 30.1040000915527 29.4820003509521 29.2469997406006 28.6040000915527 25.0170001983643 17.181999206543 17.1730003356934 18.701000213623 19.1879997253418 19.9899997711182 18.2740001678467 18.1389999389648 19.3610000610352
34.5060005187988 33.3330001831055 32.2220001220703 31.0559997558594 30.6870002746582 30.5550003051758 30.8279991149902 31.4039993286133 33.3940010070801 33.8639984130859 34.4819984436035 34.976001739502 35.1500015258789 35.3689994812012 36.6360015869141 37.2599983215332 37.5309982299805 37.5050010681152 37.1180000305176 36.9879989624023 35.8940010070801 34.9570007324219 34.8460006713867 33.4140014648438 32.9220008850098 32.359001159668 32.306999206543 32.2350006103516 33.7750015258789 34.0209999084473 32.7709999084473 31.5769996643066 31.0890007019043 32.2470016479492 31.7830009460449 29.3460006713867 28.7430000305176 22.0559997558594 14.5 14.3979997634888 16.7220001220703 16.7040004730225 18.2390003204346 17.9060001373291 17.7250003814697 17.5510005950928
32.8450012207031 31.9340000152588 31.6499996185303 31.1490001678467 30.8199996948242 30.6149997711182 30.8139991760254 31.5559997558594 33.7680015563965 34.6940002441406 34.6689987182617 34.6500015258789 35.0169982910156 36.2490005493164 37.0289993286133 37.3660011291504 37.8120002746582 38.2270011901855 38.7789993286133 38.4280014038086 37.7190017700195 36.7900009155273 36.4539985656738 35.1590003967285 33.4710006713867 32.8380012512207 35.076000213623 33.6230010986328 34.7669982910156 35.3689994812012 34.9700012207031 33.4570007324219 31.867000579834 33.0449981689453 33.4259986877441 30.068000793457 28.3050003051758 28.2800006866455 13.4790000915527 12.7040004730225 12 9.8459997177124 16.6399993896484 17.5799999237061 17.2250003814697 17.0090007781982
31.6760005950928 31.6770000457764 31.4659996032715 31.0849990844727 31.1580009460449 30.9519996643066 31.003999710083 31.1159992218018 32.9329986572266 34.3310012817383 34.6059989929199 34.6510009765625 34.867000579834 36.5050010681152 37.1699981689453 37.8499984741211 38.351001739502 38.9440002441406 39.2410011291504 38.2649993896484 38.0629997253418 36.8940010070801 36.4080009460449 35.3680000305176 34.5120010375977 36.0069999694824 37.0540008544922 36.2509994506836 35.0309982299805 36.1080017089844 36.6510009765625 33.8880004882812 32.8499984741211 33.3950004577637 33.2389984130859 32.2249984741211 28.9529991149902 26.6229991912842 12.0920000076294 10.0989999771118 9.48900032043457 9.50800037384033 12.335000038147 15.3529996871948 15.6750001907349 16.1550006866455
31.1550006866455 31.4039993286133 30.7910003662109 30.1030006408691 30.2719993591309 30.1979999542236 31.0739994049072 30.9260005950928 32.7120018005371 34.1759986877441 34.4949989318848 34.6749992370605 34.9889984130859 36.359001159668 37.6870002746582 39.2840003967285 39.8199996948242 40.0789985656738 39.9129981994629 39.0779991149902 37.9269981384277 36.8810005187988 35.9020004272461 36.7140007019043 36.6720008850098 37.6940002441406 37.9620018005371 37.4620018005371 36.826000213623 36.1860008239746 36.4459991455078 35.109001159668 34.5670013427734 33.273998260498 32.8779983520508 32.4930000305176 30.9440002441406 30.1830005645752 12.16100025177 12.3140001296997 9.4689998626709 9.57100009918213 10.5559997558594 12.6140003204346 13.1459999084473 14.1979999542236
24.9099998474121 24.326000213623 25.1809997558594 26.4820003509521 28.5429992675781 28.8229999542236 31.1550006866455 31.0839996337891 32.9640007019043 33.9620018005371 34.6049995422363 34.9329986572266 35.9529991149902 37.5169982910156 38.3800010681152 38.5419998168945 39.0909996032715 40.2719993591309 40.6940002441406 39.1679992675781 37.9169998168945 36.992000579834 36.4070014953613 35.4080009460449 37.8740005493164 37.8740005493164 38.3209991455078 37.9620018005371 37.8899993896484 37.4690017700195 36.0999984741211 35.8790016174316 34.9580001831055 33.7159996032715 32.5320014953613 32.2980003356934 32.3349990844727 32.5480003356934 22.6000003814697 26.7830009460449 19.7140007019043 9.5 10.4320001602173 11.9580001831055 13.1120004653931 11.7930002212524
9.06700038909912 9.32699966430664 9.4399995803833 14.2510004043579 20.9969997406006 27.9060001373291 29.7660007476807 31.2250003814697 32.7550010681152 32.9179992675781 33.9799995422363 35.0709991455078 36.5960006713867 36.8800010681152 38.0250015258789 38.2770004272461 38.7970008850098 39.7540016174316 39.7610015869141 39.0169982910156 37.2120018005371 37.2249984741211 36.806999206543 36.5250015258789 37.4790000915527 38.6209983825684 39.2529983520508 39.2400016784668 38.3629989624023 37.5439987182617 35.7360000610352 36.1920013427734 35.9309997558594 35.173999786377 32.3730010986328 32.8819999694824 33.1500015258789 33.689998626709 32.6220016479492 31.7569999694824 27.9839992523193 16.82200050354 11.9820003509521 12.8940000534058 10.1330003738403 11.3430004119873
3.22900009155273 3.27699995040894 3.16400003433228 3.31100010871887 16.8360004425049 26.798999786377 26.8880004882812 29.9449996948242 32.2879981994629 32.9029998779297 34.1319999694824 35.0559997558594 36.2709999084473 36.851001739502 37.6030006408691 37.9990005493164 38.5229988098145 38.9799995422363 38.8549995422363 38.4970016479492 37.5449981689453 36.8479995727539 36.8849983215332 37.048999786377 38.5019989013672 39.640998840332 39.390998840332 38.7569999694824 38.3300018310547 37.9280014038086 38.3450012207031 38.3120002746582 36.9309997558594 36.2360000610352 35.5099983215332 35.2729988098145 34.8419990539551 35.0779991149902 33.5110015869141 32.4339981079102 30.4939994812012 25.3320007324219 25.3369998931885 25.3269996643066 2.87299990653992 6.28399991989136
3.52099990844727 3.85700011253357 3.84299993515015 11.8809995651245 19.8209991455078 23.6539993286133 26.5779991149902 29.1200008392334 31.7569999694824 32.173999786377 34.7239990234375 35.2299995422363 36.617000579834 36.9169998168945 36.1640014648438 36.5429992675781 37.3580017089844 38.2980003356934 38.2239990234375 36.9189987182617 35.882999420166 36.1500015258789 36.4469985961914 36.7820014953613 38.2879981994629 38.6360015869141 38.1910018920898 38.132999420166 39.2410011291504 39.7080001831055 39.0730018615723 38.6870002746582 37.6150016784668 38.0429992675781 37.2919998168945 36.8019981384277 36.548999786377 35.398998260498 34.2669982910156 33.5470008850098 32.0180015563965 30.5230007171631 27.8990001678467 18.3250007629395 3.26999998092651 3.86199998855591
3.99200010299683 4.2020001411438 4.35200023651123 15.0249996185303 19.7150001525879 19.8990001678467 25.3990001678467 27.7040004730225 30.7889995574951 30.9669990539551 33.8019981384277 34.7290000915527 34.314998626709 34.4770011901855 34.6889991760254 34.867000579834 35.6590003967285 37.5629997253418 37.5750007629395 36.6129989624023 35.132999420166 35.8769989013672 36.3619995117188 36.7070007324219 37.193000793457 37.8600006103516 37.8569984436035 38.4300003051758 39.5309982299805 40.0069999694824 39.9129981994629 39.5139999389648 38.7430000305176 39.0069999694824 38.5480003356934 37.0620002746582 36.3289985656738 35.0950012207031 34.5120010375977 33.8110008239746 32.7820014953613 30.7770004272461 28.1609992980957 28.2479991912842 14.4409999847412 8.63300037384033
4.52099990844727 4.8899998664856 4.86299991607666 14.0559997558594 15.7320003509521 18.7560005187988 20.125 25.5030002593994 29.3719997406006 29.6529998779297 31.6459999084473 33.9449996948242 34.6370010375977 34.7360000610352 34.3310012817383 33.6720008850098 34.4739990234375 35.4980010986328 35.9210014343262 35.5219993591309 34.3740005493164 35.1710014343262 35.8979988098145 35.8849983215332 37.2039985656738 37.7589988708496 38.4449996948242 38.939998626709 39.5559997558594 40.109001159668 40.6220016479492 40.7929992675781 40.1660003662109 38.7350006103516 37.5379981994629 36.7599983215332 36.298999786377 35.8709983825684 35.943000793457 34.6100006103516 33.2830009460449 30.4360008239746 28.4139995574951 28.511999130249 21.9780006408691 14.5430002212524
4.35400009155273 4.6729998588562 4.50299978256226 4.09899997711182 4.76000022888184 8.55799961090088 8.90100002288818 12.1759996414185 25.1270008087158 26.6730003356934 30.4349994659424 32.7949981689453 34.0139999389648 34.4119987487793 34.0270004272461 33.6370010375977 33.7000007629395 34.3419990539551 33.8009986877441 32.5620002746582 33.8059997558594 33.9300003051758 34.6769981384277 34.8559989929199 36.2690010070801 37.3030014038086 37.9329986572266 38.7330017089844 38.9519996643066 40.2280006408691 41.0439987182617 40.9189987182617 39.7109985351562 38.5209999084473 37.4580001831055 36.7700004577637 36.6100006103516 36.3769989013672 36.2519989013672 34.9830017089844 33.9500007629395 30.4659996032715 28.8190002441406 27.1490001678467 24.3600006103516 -3.4e+38
4.50099992752075 4.39099979400635 4.42000007629395 3.54299998283386 3.82699990272522 3.82299995422363 3.57999992370605 3.71499991416931 16.8999996185303 25.261999130249 27.5919990539551 29.2929992675781 31.1720008850098 29.92799949646 29.5839996337891 28.9850006103516 33.0730018615723 29.113000869751 28.8680000305176 28.7369995117188 30.8920001983643 31.4860000610352 33.2019996643066 34.3769989013672 35.939998626709 36.560001373291 36.8300018310547 37.9309997558594 38.3979988098145 39.6599998474121 40.3390007019043 40.0830001831055 39.1549987792969 38.4230003356934 37.4930000305176 37.5209999084473 37.3569984436035 37.1209983825684 36.2630004882812 34.8870010375977 34.5849990844727 30.6979999542236 22.5259990692139 -3.4e+38 -3.4e+38 -3.4e+38
4.25699996948242 3.79099988937378 3.35400009155273 2.90199995040894 3.21000003814697 3.43099999427795 3.57399988174438 4.44899988174438 10.2399997711182 21.7840003967285 22.8439998626709 22.7959995269775 24.1949996948242 22.3250007629395 22.375 22.5849990844727 27.632999420166 23.3889999389648 23.25 23.1560001373291 25.0960006713867 26.3339996337891 29.9150009155273 32.9830017089844 35.140998840332 36.726001739502 37.6839981079102 38.3940010070801 38.8699989318848 39.1609992980957 39.6759986877441 38.8540000915527 38.7319984436035 38.7939987182617 38.4459991455078 38.4939994812012 37.9560012817383 37.0699996948242 36.0029983520508 35.2080001831055 32.3880004882812 -3.4e+38 -3.4e+38 -3.4e+38 -3.4e+38 -3.4e+38
3.90799999237061 3.63599991798401 2.21300005912781 2.40199995040894 2.90499997138977 4.69799995422363 6.78800010681152 7.4060001373291 5.59100008010864 14.8319997787476 21.2730007171631 21.2859992980957 21.6590003967285 21.132999420166 21.8320007324219 22.2830009460449 22.5 22.9260005950928 22.8899993896484 22.6469993591309 22.3190002441406 22.0650005340576 30.1359996795654 32.0779991149902 35.0629997253418 36.9269981384277 37.6500015258789 38.1269989013672 37.7120018005371 39.0320014953613 39.1430015563965 38.6389999389648 37.9729995727539 38.8889999389648 38.9379997253418 38.6689987182617 37.935001373291 36.3549995422363 -3.4e+38 -3.4e+38 -3.4e+38 -3.4e+38 -3.4e+38 -3.4e+38 -3.4e+38 -3.4e+38
3.19899988174438 2.52800011634827 2.05200004577637 2.08999991416931 2.18600010871887 3.02999997138977 6.36399984359741 8.70899963378906 9.45400047302246 13.5069999694824 19.2810001373291 19.5900001525879 20.1110000610352 19.8939990997314 20.7880001068115 21.4570007324219 22.4139995574951 22.55299949646 22.507999420166 22.4099998474121 22.173999786377 24.2199993133545 28.7740001678467 31.7730007171631 33.8629989624023 35.5 35.1500015258789 34.1030006408691 35.7809982299805 35.5330009460449 35.7019996643066 37.2799987792969 -3.4e+38 -3.4e+38 -3.4e+38 -3.4e+38 -3.4e+38 -3.4e+38 -3.4e+38 -3.4e+38 -3.4e+38 -3.4e+38 -3.4e+38 -3.4e+38 -3.4e+38 -3.4e+38
2.5550000667572 2.10400009155273 2.25099992752075 2.45799994468689 2.58699989318848 2.82200002670288 3.25300002098083 6.90899991989136 6.90500020980835 4.21600008010864 14.6129999160767 18.9850006103516 19.4349994659424 19.4599990844727 19.7350006103516 20.8680000305176 22.3910007476807 22.42799949646 22.5179996490479 22.4050006866455 23.8010005950928 27.3950004577637 28.4780006408691 29.9720001220703 29.5289993286133 -3.4e+38 -3.4e+38 -3.4e+38 -3.4e+38 -3.4e+38 -3.4e+38 -3.4e+38 -3.4e+38 -3.4e+38 -3.4e+38 -3.4e+38 -3.4e+38 -3.4e+38 -3.4e+38 -3.4e+38 -3.4e+38 -3.4e+38 -3.4e+38 -3.4e+38 -3.4e+38 -3.4e+38
2.42400002479553 2.26399993896484 2.42300009727478 2.62299990653992 2.81699991226196 2.92000007629395 3.69199991226196 4.23799991607666 4.40500020980835 11.3339996337891 18.2080001831055 18.5370006561279 19.0459995269775 19.3980007171631 19.5259990692139 21.1760005950928 21.3540000915527 21.1900005340576 -3.4e+38 -3.4e+38 -3.4e+38 -3.4e+38 -3.4e+38 -3.4e+38 -3.4e+38 -3.4e+38 -3.4e+38 -3.4e+38 -3.4e+38 -3.4e+38 -3.4e+38 -3.4e+38 -3.4e+38 -3.4e+38 -3.4e+38 -3.4e+38 -3.4e+38 -3.4e+38 -3.4e+38 -3.4e+38 -3.4e+38 -3.4e+38 -3.4e+38 -3.4e+38 -3.4e+38 -3.4e+38
-3.4e+38 -3.4e+38 -3.4e+38 -3.4e+38 3.92799997329712 3.97300004959106 4.02099990844727 4.82499980926514 8.72500038146973 11.789999961853 12.3859996795654 9.55300045013428 -3.4e+38 -3.4e+38 -3.4e+38 -3.4e+38 -3.4e+38 -3.4e+38 -3.4e+38 -3.4e+38 -3.4e+38 -3.4e+38 -3.4e+38 -3.4e+38 -3.4e+38 -3.4e+38 -3.4e+38 -3.4e+38 -3.4e+38 -3.4e+38 -3.4e+38 -3.4e+38 -3.4e+38 -3.4e+38 -3.4e+38 -3.4e+38 -3.4e+38 -3.4e+38 -3.4e+38 -3.4e+38 -3.4e+38 -3.4e+38 -3.4e+38 -3.4e+38 -3.4e+38 -3.4e+38
