02_asc_chm-r50m/BR222Y.asc
NCOLS 200 
NROWS 200 
XLLCORNER 535914 
YLLCORNER 5299595.5 
CELLSIZE 0.5 
NODATA_value -3.4e+38 
[rows 180 to 199 of 200, columns 92 to 137 of 200]
30.4720001220703 27.7220001220703 22.4179992675781 15.3649997711182 15.4849996566772 20.8899993896484 20.4869995117188 21.8819999694824 24.0620002746582 24.9260005950928 24.8139991760254 21.8150005340576 22.4440002441406 18.4839992523193 17.7000007629395 17.5709991455078 16.6800003051758 15.9700002670288 20.5340003967285 22.9409999847412 25.988000869751 28.3589992523193 30.1200008392334 30.4109992980957 31.173999786377 30.9209995269775 30.6590003967285 28.9120006561279 27.6660003662109 27.1989994049072 24.3470001220703 22.9729995727539 22.6979999542236 21.3129997253418 20.0020008087158 18.943000793457 17.0480003356934 15.2360000610352 12.0279998779297 10.1850004196167 8.3430004119873 8.28499984741211 9.61400032043457 12.1809997558594 16.363000869751 17.2369995117188
27.3460006713867 24.9500007629395 22.4440002441406 13.6400003433228 19.0459995269775 22.5939998626709 22.7940006256104 24.9909992218018 28.1749992370605 28.068000793457 27.6800003051758 25.1469993591309 25.3409996032715 19.6669998168945 18.7110004425049 18.4909992218018 17.7950000762939 17.2900009155273 17.2390003204346 15.6359996795654 20.4309997558594 25.2169990539551 28.2029991149902 29.1450004577637 29.8600006103516 29.1219997406006 28.3470001220703 25.8500003814697 25.0470008850098 25.4109992980957 23.92799949646 23.6509990692139 23.7900009155273 23.0820007324219 18.9309997558594 18.1679992675781 16.7450008392334 15.6379995346069 14.1120004653931 7.39599990844727 5.55399990081787 6.03299999237061 6.46500015258789 9.01500034332275 11.5869998931885 11.3190002441406
24.5659999847412 24.6760005950928 23.2730007171631 17.3560009002686 18.0400009155273 23.0860004425049 26.1490001678467 26.9360008239746 28.6630001068115 29.3920001983643 30.4080009460449 28.7150001525879 25.5590000152588 21.8959999084473 19.9260005950928 19.1840000152588 18.4340000152588 17.548999786377 16.0330009460449 16.2569999694824 19.3810005187988 24.3740005493164 27.0349998474121 27.5869998931885 26.8299999237061 26.0869998931885 25.7639999389648 26.9179992675781 27.0769996643066 27.6590003967285 27.1840000152588 25.9370002746582 23.5839996337891 23.636999130249 18.1539993286133 17.4290008544922 16.7040004730225 15.7480001449585 10.9899997711182 6.44099998474121 2.84200000762939 2.88299989700317 3.31500005722046 5.55000019073486 5.60900020599365 5.37599992752075
24.0499992370605 21.4150009155273 18.5470008850098 16.6609992980957 19.5009994506836 23.8999996185303 27.2759990692139 29.4939994812012 30.431999206543 31.4519996643066 32.1100006103516 29.6830005645752 27.4150009155273 25.9489994049072 22.6350002288818 20.3929996490479 18.4890003204346 18.2150001525879 17.25 16.9810009002686 17.1259994506836 20.3560009002686 22.8920001983643 23.8950004577637 24.4570007324219 24.988000869751 27.878999710083 29.2660007476807 30.0170001983643 30.048999786377 29.5599994659424 27.0869998931885 26.2360000610352 21.7000007629395 16.9009990692139 15.7519998550415 14.5539999008179 13.0069999694824 9.97500038146973 2.82399988174438 4.39099979400635 4.84100008010864 4.61800003051758 3.89800000190735 3.40599989891052 3.64100003242493
20.9069995880127 17.1420001983643 14.7209997177124 16.5729999542236 20.7569999694824 24.992000579834 27.5100002288818 30.0510005950928 32.0530014038086 32.9220008850098 32.7369995117188 30.8320007324219 29.7210006713867 27.1679992675781 24.7779998779297 21.7059993743896 18.4589996337891 17.9990005493164 17.253999710083 15.9879999160767 14.7159996032715 16.9120006561279 20.9440002441406 22.8500003814697 22.7520008087158 25.1000003814697 28.2870006561279 29.9370002746582 30.7870006561279 30.9729995727539 30.6159992218018 29.9890003204346 27.1809997558594 24.6520004272461 16.4349994659424 13.4829998016357 12.4860000610352 9.22700023651123 5.04099988937378 4.35500001907349 5.01200008392334 4.98899984359741 4.96000003814697 4.90700006484985 4.28800010681152 3.94600009918213
14.4689998626709 13.2910003662109 14.6809997558594 18.4850006103516 23.0930004119873 26.4360008239746 28.5699996948242 30.8959999084473 32.5460014343262 33.3190002441406 33.0499992370605 32.0410003662109 29.9009990692139 27.0930004119873 24.8929996490479 20.1350002288818 17.5160007476807 16.3059997558594 16.0149993896484 14.2069997787476 13.8929996490479 17.0459995269775 19.7119998931885 22.306999206543 21.2609996795654 24.6800003051758 27.5009994506836 29.886999130249 31.7189998626709 31.82200050354 31.0100002288818 30.1459999084473 28.6550006866455 26.1089992523193 20.2129993438721 14.2189998626709 13.2130002975464 12.2629995346069 9.47299957275391 8.04300022125244 8.32699966430664 9.31799983978271 6.44600009918213 5.69299983978271 6.21000003814697 5.88899993896484
12.6960000991821 13.0089998245239 14.8640003204346 19.7959995269775 21.8490009307861 26.6359996795654 28.8360004425049 30.8680000305176 32.2589988708496 32.8660011291504 32.7210006713867 31.7840003967285 29.4759998321533 26.9200000762939 22.05299949646 16.8980007171631 16.5300006866455 15.6339998245239 14.6840000152588 14.6040000915527 16.67799949646 17.2399997711182 18.9799995422363 21.8330001831055 23.4729995727539 25.6580009460449 26.9160003662109 28.6790008544922 31.3059997558594 31.4500007629395 31.0459995269775 29.5510005950928 28.9740009307861 26.5440006256104 22.2819995880127 15.4340000152588 14.7729997634888 13.6350002288818 13.1969995498657 12.2749996185303 12.7919998168945 12.9390001296997 10.2069997787476 8.05200004577637 6.79899978637695 8.64900016784668
13.0900001525879 13.9049997329712 14.4399995803833 13.2510004043579 17.9150009155273 24.257999420166 27.5739994049072 29.2749996185303 30.3250007629395 32.1860008239746 31.7700004577637 30.4060001373291 28.7789993286133 25.2819995880127 18.1490001678467 16.57200050354 15.5620002746582 14.673999786377 14.3649997711182 16.3939990997314 17.8460006713867 18.011999130249 19.1840000152588 21.6760005950928 23.7229995727539 24.7290000915527 25.7810001373291 28.076000213623 30.3050003051758 30.2409992218018 29.8269996643066 29 27.9750003814697 25.3330001831055 21.367000579834 18.3199996948242 16.5830001831055 13.7930002212524 14.3079996109009 15.2930002212524 14.9340000152588 13.8199996948242 11.8620004653931 8.92000007629395 8.19799995422363 13.4180002212524
13.5030002593994 14.4409999847412 14.746000289917 14.0930004119873 18.7700004577637 24.492000579834 27.9069995880127 27.9549999237061 28.242000579834 30.5319995880127 29.6100006103516 28.3719997406006 27.2919998168945 22.1709995269775 18.5009994506836 15.7629995346069 13.7200002670288 13 13.1750001907349 16.9790000915527 18.0590000152588 18.8759994506836 19.9629993438721 20.238000869751 22.6630001068115 24.375 25.701000213623 27.69700050354 29.0890007019043 28.9270000457764 28.2789993286133 27.2609996795654 26.5890007019043 23.4409999847412 16.7099990844727 16.8439998626709 16.2689990997314 14.3760004043579 14.923999786377 15.7019996643066 15.378999710083 14.3339996337891 12.8620004653931 8.80200004577637 6.88299989700317 16.2849998474121
13.5290002822876 14.2869997024536 14.5260000228882 14.2080001831055 19.1439990997314 20.7959995269775 24.8360004425049 24.9179992675781 26.6450004577637 26.8619995117188 25.548999786377 24.9990005493164 22.5769996643066 22.5599994659424 19.6380004882812 14.8699998855591 14.5869998931885 14.2600002288818 15.0010004043579 17.3640003204346 17.6229991912842 17.9090003967285 20.1490001678467 20.628999710083 22.9669990539551 23.4379997253418 24.0100002288818 25.8950004577637 27.0370006561279 26.3939990997314 25.246000289917 24.9950008392334 25.0849990844727 22.2670001983643 15.9020004272461 16.4230003356934 16.181999206543 14.4429998397827 14.2320003509521 15.1309995651245 14.2840003967285 15.1569995880127 15.3500003814697 19.7830009460449 22.6340007781982 23.8229999542236
13.1490001678467 13.3660001754761 13.9720001220703 13.2399997711182 14.0240001678467 13.7600002288818 19.5599994659424 19.5330009460449 24.011999130249 23.4330005645752 24.0279998779297 23.4710006713867 23.6009998321533 23.0330009460449 21.693000793457 19.69700050354 17.6889991760254 16.2590007781982 16.2509994506836 16.6940002441406 16.6310005187988 17.7819995880127 21.2900009155273 21.1669998168945 23.753999710083 24.298999786377 23.8369998931885 25.1560001373291 25.9150009155273 25.3579998016357 24.6049995422363 24.0639991760254 24.3120002746582 21.6580009460449 15.6070003509521 15.0340003967285 15.4729995727539 14.3559999465942 13.6169996261597 13.9090003967285 12.2829999923706 17.8349990844727 19.5340003967285 20.4890003204346 24.511999130249 26.3290004730225
12.9969997406006 13.0469999313354 12.960000038147 13.2650003433228 13.793999671936 15.1940002441406 16.6000003814697 20.0330009460449 22.4360008239746 20.2089996337891 21.2870006561279 23.2369995117188 23.7520008087158 23.7180004119873 22.6790008544922 20.761999130249 20.0849990844727 18.1919994354248 17.7269992828369 17.6959991455078 15.0190000534058 20.7040004730225 24.0750007629395 24.4150009155273 27.6709995269775 28.7959995269775 29.1089992523193 29.4850006103516 26.2129993438721 25.5520000457764 25.5830001831055 22.3999996185303 21.4500007629395 18.1520004272461 17.1079998016357 14.9630002975464 14.8909997940063 12.8990001678467 9.80700016021729 7.93100023269653 6.7979998588562 13.3959999084473 21.632999420166 25.0510005950928 26.738000869751 26.746000289917
13.3439998626709 13.75 14.0690002441406 15.6829996109009 16.2859992980957 18.0130004882812 20.1599998474121 22.6690006256104 22.5030002593994 21.1420001983643 24.0279998779297 25.681999206543 26.0550003051758 25.4680004119873 25.1979999542236 23.3369998931885 19.9669990539551 19.2870006561279 19.0170001983643 17.9409999847412 19.7649993896484 22.7819995880127 26.0090007781982 27.8320007324219 30.867000579834 32.7789993286133 32.4790000915527 32.6310005187988 28.4150009155273 27.6319999694824 27.8840007781982 24.8460006713867 18.5919990539551 17.8279991149902 16.6259994506836 11.9490003585815 9.77999973297119 4.74300003051758 5.07000017166138 5.73899984359741 13.8509998321533 22.2889995574951 24.3139991760254 23.2600002288818 18.3980007171631 -3.4e+38
13.9250001907349 14.0740003585815 16.1550006866455 19.3150005340576 19.7450008392334 22.2339992523193 23.1399993896484 23.4290008544922 23.6509990692139 24.875 26.5209999084473 27.0610008239746 27.7129993438721 27.2119998931885 26.4750003814697 25.0550003051758 22.0949993133545 19.3889999389648 18.6149997711182 17.117000579834 20.0450000762939 21.2929992675781 26.1399993896484 31.5109996795654 33.5019989013672 34.6150016784668 34.564998626709 34.9580001831055 33.9630012512207 31.8150005340576 28.94700050354 26.2169990539551 19.4060001373291 19.0149993896484 14.6440000534058 6.13399982452393 3.74300003051758 3.94400000572205 4.88800001144409 5.66300010681152 13.3760004043579 23.4249992370605 18.1940002441406 -3.4e+38 -3.4e+38 -3.4e+38
14.46399974823 18.1989994049072 20.5179996490479 21.1399993896484 21.8770008087158 24.6280002593994 25.5 25.0060005187988 24.4939994812012 27.0890007019043 27.1439990997314 28.6049995422363 28.92799949646 28.2830009460449 27.05299949646 25.0069999694824 22.4720001220703 20.3700008392334 19.1959991455078 15.3900003433228 15.2419996261597 23.1189994812012 25.8640003204346 32.6110000610352 34.5929985046387 35.7630004882812 36.109001159668 35.6949996948242 34.9379997253418 33.5219993591309 29.7679996490479 27.4829998016357 20.4669990539551 20.0559997558594 18.2639999389648 11.3570003509521 5.34100008010864 3.77699995040894 3.97300004959106 6.63899993896484 11.4860000610352 -3.4e+38 -3.4e+38 -3.4e+38 -3.4e+38 -3.4e+38
16.5960006713867 20.3719997406006 21.9640007019043 22.4680004119873 25.5550003051758 26.9939994812012 27.6989994049072 28.3090000152588 28.1550006866455 29.0279998779297 30.1730003356934 30.4050006866455 30.2310009002686 29.7569999694824 28.6879997253418 26.9729995727539 24.1879997253418 23.0499992370605 20.9650001525879 20.3379993438721 21.9599990844727 24.3229999542236 30.2999992370605 34.3310012817383 36.0349998474121 36.7540016174316 37.2830009460449 36.9799995422363 35.7229995727539 33.7709999084473 29.3479995727539 23.6299991607666 23.1469993591309 14.3140001296997 14.293999671936 16.6310005187988 19.9440002441406 7.57499980926514 -3.4e+38 -3.4e+38 -3.4e+38 -3.4e+38 -3.4e+38 -3.4e+38 -3.4e+38 -3.4e+38
18.625 21.5340003967285 23.8320007324219 26.2800006866455 27.2290000915527 28.1089992523193 29.6650009155273 30.6140003204346 30.7310009002686 30.5240001678467 30.3159999847412 30.1889991760254 30.5669994354248 30.7789993286133 28.9009990692139 27.9850006103516 24.806999206543 23.6599998474121 22.92799949646 24.2080001831055 25.3840007781982 25.7569999694824 30.7129993438721 34.9770011901855 35.8600006103516 37.7789993286133 38.4169998168945 37.8129997253418 36.6240005493164 35.1640014648438 17.9360008239746 11.2609996795654 -3.4e+38 -3.4e+38 -3.4e+38 -3.4e+38 -3.4e+38 -3.4e+38 -3.4e+38 -3.4e+38 -3.4e+38 -3.4e+38 -3.4e+38 -3.4e+38 -3.4e+38 -3.4e+38
20.3819999694824 22.4360008239746 24.4330005645752 26.8929996490479 27.7549991607666 30.0419998168945 31.8500003814697 32.7360000610352 32.060001373291 31.8369998931885 31.0909996032715 29.681999206543 30.1340007781982 29.5590000152588 27.6650009155273 27.3279991149902 23.6490001678467 22.9759998321533 20.8209991455078 21.2110004425049 22.6490001678467 28.8509998321533 31.8880004882812 33.4959983825684 35.818000793457 15.875 -3.4e+38 -3.4e+38 -3.4e+38 -3.4e+38 -3.4e+38 -3.4e+38 -3.4e+38 -3.4e+38 -3.4e+38 -3.4e+38 -3.4e+38 -3.4e+38 -3.4e+38 -3.4e+38 -3.4e+38 -3.4e+38 -3.4e+38 -3.4e+38 -3.4e+38 -3.4e+38
18.4080009460449 22.7059993743896 24.9729995727539 27.693000793457 29.3349990844727 31.7959995269775 33.8209991455078 34.5610008239746 34.2820014953613 34.1300010681152 32.5359992980957 30.5139999389648 29.113000869751 28.4599990844727 26.6119995117188 25.2950000762939 23.8390007019043 21.0030002593994 26.2180004119873 -3.4e+38 -3.4e+38 -3.4e+38 -3.4e+38 -3.4e+38 -3.4e+38 -3.4e+38 -3.4e+38 -3.4e+38 -3.4e+38 -3.4e+38 -3.4e+38 -3.4e+38 -3.4e+38 -3.4e+38 -3.4e+38 -3.4e+38 -3.4e+38 -3.4e+38 -3.4e+38 -3.4e+38 -3.4e+38 -3.4e+38 -3.4e+38 -3.4e+38 -3.4e+38 -3.4e+38
-3.4e+38 -3.4e+38 -3.4e+38 -3.4e+38 -3.4e+38 32.6629981994629 34.189998626709 35.423999786377 35.7599983215332 35.2480010986328 33.2400016784668 31.2329998016357 -3.4e+38 -3.4e+38 -3.4e+38 -3.4e+38 -3.4e+38 -3.4e+38 -3.4e+38 -3.4e+38 -3.4e+38 -3.4e+38 -3.4e+38 -3.4e+38 -3.4e+38 -3.4e+38 -3.4e+38 -3.4e+38 -3.4e+38 -3.4e+38 -3.4e+38 -3.4e+38 -3.4e+38 -3.4e+38 -3.4e+38 -3.4e+38 -3.4e+38 -3.4e+38 -3.4e+38 -3.4e+38 -3.4e+38 -3.4e+38 -3.4e+38 -3.4e+38 -3.4e+38 -3.4e+38
