02_asc_chm-r50m/BR221A.asc
NCOLS 201 
NROWS 200 
XLLCORNER 532171 
YLLCORNER 5306815.5 
CELLSIZE 0.5 
NODATA_value -3.4e+38 
[rows 40 to 59 of 200, columns 46 to 91 of 201]
25.238000869751 24.9500007629395 23.9080009460449 24.3560009002686 25.2399997711182 25.7369995117188 25.3990001678467 25.0930004119873 23.8269996643066 22.9559993743896 22.0909996032715 22.5830001831055 22.8700008392334 22.992000579834 23.6049995422363 24.9179992675781 25.5970001220703 25.8360004425049 25.2469997406006 23.7000007629395 22.5510005950928 21.9599990844727 21.1509990692139 21.3460006713867 21.628999710083 20.5319995880127 16.0139999389648 16.382999420166 12.9890003204346 11.2700004577637 12.3190002441406 21.6000003814697 23.1140003204346 23.5669994354248 23.8279991149902 28.2830009460449 31.2689990997314 31.4529991149902 31.9750003814697 33.1040000915527 33.7980003356934 33.8730010986328 33.7019996643066 33.4269981384277 32.8889999389648 31.3540000915527
25.0949993133545 24.3799991607666 23.6709995269775 23.8229999542236 24.6800003051758 25.0209999084473 24.503999710083 24.423999786377 23.4549999237061 22.9039993286133 22.1459999084473 23.0599994659424 22.9689998626709 22.9810009002686 23.8010005950928 25.0259990692139 25.8330001831055 25.6700000762939 24.9790000915527 23.8349990844727 22.4340000152588 22.4290008544922 21.4610004425049 21.7849998474121 22.2549991607666 21.8139991760254 17.8150005340576 17.4939994812012 16.5890007019043 18.3680000305176 20.7210006713867 22.5699996948242 23.0510005950928 23.4230003356934 24.9540004730225 28.5 31.826000213623 31.7900009155273 32.5359992980957 33.601001739502 34.898998260498 35.1349983215332 34.2369995117188 34.2050018310547 32.6310005187988 31.423999786377
24.0540008544922 23.4330005645752 23.3299999237061 23.4029998779297 23.367000579834 23.6849994659424 23.6599998474121 23.503999710083 23.007999420166 21.94700050354 21.9050006866455 22.6700000762939 22.4930000305176 23 23.681999206543 24.3409996032715 25.2110004425049 24.7749996185303 24.2029991149902 23.8379993438721 22.4340000152588 23.996000289917 24.4899997711182 23.0909996032715 23.9169998168945 23.9969997406006 21.7360000610352 20.4069995880127 20.6569995880127 22.4640007019043 22.7320003509521 23.0170001983643 24.5340003967285 23.6889991760254 27.7140007019043 32.0730018615723 33.0190010070801 32.875 33.2919998168945 33.7750015258789 35.1469993591309 35.9729995727539 35.3089981079102 34.8540000915527 33.6069984436035 31.6529998779297
22.9249992370605 22.8999996185303 22.625 22.57200050354 22.2999992370605 22.6450004577637 22.6940002441406 22.7059993743896 19.306999206543 20.5100002288818 21.0480003356934 21.7520008087158 21.7189998626709 23.1709995269775 23.5979995727539 24.1630001068115 23.7999992370605 23.5510005950928 23.1030006408691 23.3460006713867 24.4740009307861 24.6539993286133 25.5970001220703 24.7600002288818 25.201000213623 25.0709991455078 23.8320007324219 22.7450008392334 22.1070003509521 22.4939994812012 22.761999130249 24.181999206543 25.6009998321533 25.7339992523193 28.3969993591309 32.1570014953613 33.0320014953613 33.0449981689453 32.9630012512207 33.0900001525879 34.226001739502 35.601001739502 35.2859992980957 33.726001739502 31.2819995880127 31.0930004119873
22.1229991912842 22.0049991607666 21.681999206543 21.0909996032715 19.9549999237061 21.8290004730225 21.8570003509521 21.253999710083 20.57200050354 19.9610004425049 20.6299991607666 20.806999206543 19.5919990539551 22.6180000305176 24.0100002288818 23.9549999237061 23.8719997406006 24.3010005950928 24.8090000152588 25.1229991912842 26.3460006713867 26.5370006561279 26.5779991149902 26.3729991912842 25.6630001068115 25.2259998321533 23.1200008392334 21.8320007324219 21.9549999237061 22.2849998474121 21.1490001678467 24.6679992675781 25.8439998626709 26.3229999542236 27.9780006408691 31.613000869751 32.6800003051758 32.7610015869141 33.3979988098145 33.4949989318848 34.8819999694824 35.9889984130859 35.5460014343262 34.5970001220703 33.132999420166 31.7560005187988
21.4039993286133 21.4300003051758 20.6849994659424 19.742000579834 20.3250007629395 20.9669990539551 21.0820007324219 21.7159996032715 21.4930000305176 20.75 20.2859992980957 20.2919998168945 19.9680004119873 23.1979999542236 25.2299995422363 25.0809993743896 25.2220001220703 25.246000289917 25.0550003051758 25.25 26.4750003814697 27.2600002288818 27.4039993286133 27.3479995727539 26.6650009155273 25.5249996185303 23.0259990692139 21.943000793457 21.7910003662109 15.7069997787476 16.3129997253418 23.2329998016357 25.2840003967285 26.4330005645752 27.7339992523193 30.9720001220703 32.2890014648438 32.6590003967285 33.5909996032715 33.806999206543 34.8120002746582 35.1609992980957 35.476001739502 34.8689994812012 33.5909996032715 31.75
20.9829998016357 20.5359992980957 19.988000869751 19.068000793457 18.2660007476807 20.4570007324219 21.5650005340576 22.2950000762939 21.9220008850098 21.1900005340576 20.3810005187988 20.30299949646 22.7080001831055 24.6660003662109 25.875 26.068000793457 25.9449996948242 25.6159992218018 24.5160007476807 24.9340000152588 26.1790008544922 27.9099998474121 28.0249996185303 27.7259998321533 27.056999206543 25.3209991455078 23.0799999237061 21.7320003509521 21.7070007324219 20.3449993133545 9.60099983215332 18.2849998474121 24.9409999847412 26.3250007629395 27.8099994659424 30.4400005340576 32.2120018005371 32.2760009765625 32.7560005187988 33.5750007629395 33.7630004882812 34.5060005187988 34.5789985656738 33.6920013427734 31.69700050354 31.3509998321533
21.0930004119873 20.6030006408691 20.4479999542236 19.5839996337891 19.6040000915527 19.7700004577637 20.7810001373291 22.07200050354 22.2210006713867 21.798999786377 21.3080005645752 21.1119995117188 23.9099998474121 24.8050003051758 25.6940002441406 26.1909999847412 26.2880001068115 25.9130001068115 24.8059997558594 25.4370002746582 26.693000793457 28.0550003051758 28.1790008544922 27.8540000915527 26.4340000152588 24.9740009307861 23.693000793457 23.07200050354 22.5919990539551 22.878999710083 21.8959999084473 21.9109992980957 24.701000213623 25.8640003204346 27.943000793457 30.5219993591309 31.3649997711182 31.4890003204346 31.2040004730225 32.2919998168945 32.4819984436035 33.4389991760254 33.6510009765625 33.4729995727539 31.9069995880127 31.048999786377
21.4139995574951 21.5139999389648 21.6560001373291 20.7210006713867 20.068000793457 20.5340003967285 20.1019992828369 21.3090000152588 21.7889995574951 22.0650005340576 21.8150005340576 21.6840000152588 22.8560009002686 24.5069999694824 25.2999992370605 26.8309993743896 26.5830001831055 26.0540008544922 26.0139999389648 25.7859992980957 26.5590000152588 27.1730003356934 27.3659992218018 26.9120006561279 25.3780002593994 24.6240005493164 24.2250003814697 24.1550006866455 23.7900009155273 23.3309993743896 22.326000213623 21.7569999694824 23.9899997711182 25.246000289917 27.5160007476807 29.1459999084473 29.3059997558594 29.7250003814697 30.7910003662109 31.7929992675781 32.0289993286133 32.4659996032715 32.439998626709 31.9479999542236 31.2649993896484 29.8050003051758
22.9589996337891 22.5020008087158 22.7660007476807 22.6959991455078 21.9020004272461 20.8339996337891 20.9839992523193 21.1800003051758 21.8540000915527 22.3010005950928 22.2849998474121 21.9790000915527 22.0769996643066 24.1580009460449 25.238000869751 27.0699996948242 26.4610004425049 26.0289993286133 25.7509994506836 24.6599998474121 25.3290004730225 25.8680000305176 26.4190006256104 25.0869998931885 25.1009998321533 24.0599994659424 24.4020004272461 25.1669998168945 24.5319995880127 23.3209991455078 22.3920001983643 22.2670001983643 24.0319995880127 24.9740009307861 26.3819999694824 28.2779998779297 28.5109996795654 29.128999710083 30.1599998474121 31.2000007629395 31.8150005340576 31.9610004425049 31.0809993743896 30.8649997711182 29.7240009307861 28.261999130249
24.8819999694824 23.5659999847412 23.1520004272461 22.9249992370605 21.8959999084473 21.1060009002686 20.8409996032715 20.7679996490479 21.3360004425049 21.943000793457 21.7220001220703 21.826000213623 22.0709991455078 23.9300003051758 24.6299991607666 25.0550003051758 25.3729991912842 25.7290000915527 24.9729995727539 23.7779998779297 23.6399993896484 25.0310001373291 25.1259994506836 22.632999420166 22.3880004882812 22.9790000915527 24.5849990844727 25.3379993438721 24.8759994506836 23.6679992675781 23.0699996948242 22.2889995574951 23.6270008087158 24.0799999237061 23.9729995727539 25.5069999694824 27.1730003356934 28.2490005493164 28.806999206543 29.5970001220703 30.6310005187988 30.3349990844727 29.443000793457 29.4360008239746 28.4330005645752 27.4769992828369
25.7259998321533 25.4200000762939 24.1599998474121 23.5049991607666 22.6399993896484 22.4120006561279 22.3390007019043 21.2339992523193 20.9990005493164 21.113000869751 21.1849994659424 21.5499992370605 21.8969993591309 22.3470001220703 22.2649993896484 22.8929996490479 24.0480003356934 24.4389991760254 23.7880001068115 23.0429992675781 22.5809993743896 23.5480003356934 22.4230003356934 20.0709991455078 21.3090000152588 22.6860008239746 24.9209995269775 24.7469997406006 23.6380004882812 22.3770008087158 22.7049999237061 22.1389999389648 22.261999130249 22.5830001831055 22.2250003814697 22.7609996795654 25.7220001220703 26.3939990997314 26.6669998168945 26.7129993438721 28.0410003662109 27.9449996948242 28.1650009155273 27.3880004882812 26.4699993133545 26.6159992218018
26.257999420166 26.0090007781982 24.4950008392334 24.4979991912842 24.8950004577637 23.9589996337891 23.2560005187988 22.4680004119873 21.3950004577637 21.2830009460449 20.9890003204346 20.6110000610352 21.2919998168945 20.8339996337891 20.3719997406006 21.7089996337891 22.8659992218018 23.3500003814697 22.9069995880127 22.0219993591309 21.2070007324219 20.8369998931885 19.9160003662109 19.6280002593994 20.4260005950928 22.0130004882812 23.8110008239746 23.2639999389648 22.17799949646 19.7320003509521 20.4759998321533 20.0090007781982 20.1639995574951 21.6459999084473 21.9039993286133 22.3239994049072 22.5270004272461 22.7810001373291 23.1539993286133 23.5459995269775 25.7070007324219 27.6200008392334 27.4290008544922 26.2870006561279 25.7479991912842 25.6499996185303
26.8349990844727 26.4720001220703 24.7259998321533 24.9899997711182 25.9740009307861 24.6550006866455 23.7240009307861 22.2390003204346 21.2280006408691 21.0620002746582 20.746000289917 19.5200004577637 20.1110000610352 20.7430000305176 19.5370006561279 21.3110008239746 22.3080005645752 22.4340000152588 21.5590000152588 21.4540004730225 19.4559993743896 18.8159999847412 18.5970001220703 18.0330009460449 19.2999992370605 21.4799995422363 22.3899993896484 22.2530002593994 20.8579998016357 18.9979991912842 18.3859996795654 17.742000579834 17.5590000152588 19.5209999084473 21.5869998931885 21.8880004882812 21.4309997558594 21.2409992218018 21.3840007781982 21.625 22.2870006561279 24.306999206543 22.9930000305176 21.8740005493164 24.5650005340576 25.0450000762939
27.0599994659424 27.2910003662109 25.8990001678467 26.9130001068115 26.4029998779297 25.6359996795654 24.6079998016357 23.0189990997314 21.6650009155273 20.4080009460449 19.17799949646 18.9750003814697 20.6119995117188 20.9669990539551 17.7259998321533 19.4120006561279 20.3729991912842 19.2959995269775 15.7180004119873 17.878999710083 17.4890003204346 17.3530006408691 17.7450008392334 16.7759990692139 18.8819999694824 21.1989994049072 21.5559997558594 21.4220008850098 20.3099994659424 18.9209995269775 18.3969993591309 17.6040000915527 16.6140003204346 16.3040008544922 21.9650001525879 21.7779998779297 21.4839992523193 20.8530006408691 19.9729995727539 19.6229991912842 18.673999786377 17.1049995422363 17.0450000762939 21.7590007781982 23.9659996032715 24.3770008087158
27.0300006866455 27.5839996337891 27.6259994506836 27.4799995422363 26.2210006713867 25.6070003509521 25.3449993133545 24.4860000610352 23.2399997711182 18.9540004730225 17.0849990844727 18.5310001373291 20.818000793457 21.1709995269775 20.2549991607666 16.1830005645752 16.5060005187988 15.8430004119873 15.9259996414185 15.5240001678467 14.2229995727539 15.6099996566772 16.6490001678467 16.5170001983643 17.6790008544922 19.4869995117188 19.7159996032715 20.0209999084473 18.9209995269775 18.8400001525879 19.1709995269775 17.3490009307861 18.9810009002686 21.4729995727539 21.9559993743896 22.5900001525879 22.5809993743896 22.3939990997314 21.1189994812012 18.6499996185303 17.7639999389648 16.1849994659424 17.3889999389648 21.9270000457764 25.4060001373291 26.1399993896484
27.9950008392334 28.9699993133545 29.2150001525879 28.7749996185303 28.0930004119873 26.7110004425049 24.7719993591309 24.8740005493164 23.67799949646 18.6040000915527 17.9349994659424 19.5330009460449 20.4400005340576 20.3519992828369 16.9340000152588 17.4050006866455 17.4740009307861 16.5739994049072 16.8349990844727 16.617000579834 16.0620002746582 16.1840000152588 16.2900009155273 16.32200050354 17.2159996032715 17.6849994659424 17.9619998931885 18.2250003814697 18.556999206543 18.382999420166 19.3430004119873 19.9740009307861 20.9540004730225 22.6690006256104 23.3120002746582 22.9699993133545 22.8959999084473 22.8090000152588 19.9389991760254 21.3689994812012 21.8549995422363 20.5699996948242 17.5669994354248 20.3810005187988 25.2709999084473 27.4939994812012
29.19700050354 30.1229991912842 30.2840003967285 29.8700008392334 28.8840007781982 27.3700008392334 25.6569995880127 24.8959999084473 23.8680000305176 23.3980007171631 20.4449996948242 20.3689994812012 20.7980003356934 21.4290008544922 20.8409996032715 21.576000213623 19.6410007476807 18.3659992218018 18.2800006866455 16.2520008087158 15.5719995498657 15.2349996566772 15.8769998550415 15.8470001220703 17.1040000915527 17.7719993591309 18.0699996948242 18.2089996337891 18.3579998016357 18.8390007019043 19.4950008392334 19.9549999237061 20.7740001678467 22.7770004272461 23.8810005187988 23.0380001068115 22.8320007324219 22.7970008850098 22.9599990844727 27.69700050354 30.3190002441406 29.2709999084473 23.7369995117188 22.121000289917 25.511999130249 27.8610000610352
28.4139995574951 29.6070003509521 30.1100006103516 29.6609992980957 28.6490001678467 27.3819999694824 25.8640003204346 24.5690002441406 23.0020008087158 22.5919990539551 21.2240009307861 22.2180004119873 22.7220001220703 22.6760005950928 22.0750007629395 22.2259998321533 20.0890007019043 19.1340007781982 18.7709999084473 15.6269998550415 14.6709995269775 14.0190000534058 14.9099998474121 15.3000001907349 15.8330001831055 17.3939990997314 18.1509990692139 17.8360004425049 17.9740009307861 18.2749996185303 19.3010005950928 19.8120002746582 20.6720008850098 22.7609996795654 23.9370002746582 23.6200008392334 22.94700050354 24.2959995269775 30.6889991760254 34.2789993286133 36.015998840332 33.6599998474121 28.8239994049072 26.7849998474121 26.6720008850098 27.7910003662109
27.5240001678467 28.7159996032715 28.7059993743896 28.6550006866455 27.8519992828369 26.7520008087158 25.7220001220703 25.2679996490479 24.9820003509521 24.2520008087158 22.3330001831055 22.3229999542236 23.2059993743896 23.2369995117188 22.5450000762939 21.2369995117188 19.6580009460449 19.6380004882812 19.4379997253418 16.4650001525879 15.2279996871948 14.076000213623 13.3170003890991 13.5930004119873 14.4739999771118 16.4610004425049 17.3819999694824 17.1140003204346 17.4190006256104 17.9850006103516 18.3299999237061 19.4209995269775 21.3509998321533 22.6979999542236 23.6529998779297 23.8159999847412 23.7649993896484 27.0580005645752 33.9300003051758 37.4360008239746 37.0460014343262 37.0349998474121 35.431999206543 30.2350006103516 25.3229999542236 27.0510005950928
