02_asc_chm-r50m/BR222B.asc
NCOLS 201 
NROWS 200 
XLLCORNER 536995 
YLLCORNER 5292540 
CELLSIZE 0.5 
NODATA_value -3.4e+38 
[rows 100 to 119 of 200, columns 0 to 45 of 201]
-339999999999999996123846586046231871488.000000000000000 27.4020004272461 29.0480003356934 29.0639991760254 28.5259990692139 28.1270008087158 27.6849994659424 26.2299995422363 23.2919998168945 17.8339996337891 5.83599996566772 4.91200017929077 3.92300009727478 4.11600017547607 4.22900009155273 4.63000011444092 4.9850001335144 5.38500022888184 5.51999998092651 5.57600021362305 6.51399993896484 7.46500015258789 8.57699966430664 11.2069997787476 13.0860004425049 13.1750001907349 13.2130002975464 13.9119997024536 14.4079999923706 17.8400001525879 19.5620002746582 21.443000793457 23.4839992523193 25.0069999694824 26.9009990692139 27.136999130249 27.9829998016357 27.7520008087158 28.6019992828369 29.6770000457764 31.367000579834 32.875 33.4620018005371 33.507999420166 32.5900001525879 30.2469997406006
-3.4e+38 25.2520008087158 28.0550003051758 28.548999786377 27.5790004730225 27.5480003356934 27.3449993133545 25.3810005187988 22.613000869751 16.0209999084473 5.28000020980835 4.77099990844727 4.14300012588501 3.95199990272522 4.14900016784668 4.38199996948242 4.88000011444092 5.28299999237061 5.42500019073486 5.39200019836426 6.22399997711182 8.43599987030029 9.52299976348877 11.9090003967285 13.53600025177 14.3179998397827 14.7299995422363 15.0450000762939 16.9799995422363 19.1900005340576 19.5380001068115 21.2919998168945 23.1159992218018 24.5380001068115 25.3719997406006 24.3309993743896 25.3309993743896 26.681999206543 29.048999786377 30.4120006561279 32.3759994506836 34.2099990844727 34.6879997253418 34.3969993591309 33.6539993286133 32.0579986572266
-3.4e+38 25.3500003814697 26.4249992370605 27.4050006866455 26.1350002288818 25.8850002288818 26.2940006256104 24.9080009460449 22.5839996337891 15.5319995880127 4.56199979782104 3.53800010681152 4.10599994659424 4.14900016784668 3.96900010108948 4.02899980545044 4.78399991989136 5.53999996185303 5.25299978256226 5.48600006103516 5.8730001449585 8.80300045013428 10.423999786377 12.8990001678467 14.1599998474121 15.0089998245239 15.996000289917 16.2749996185303 17.2399997711182 18.125 19.9519996643066 22.1700000762939 24.1989994049072 24.9759998321533 24.5699996948242 23.9440002441406 24.8269996643066 25.3390007019043 28.1280002593994 30.1979999542236 32.6539993286133 34.6469993591309 34.851001739502 34.375 33.4599990844727 32.3110008239746
-3.4e+38 24.9650001525879 25.0279998779297 25.7259998321533 24.9769992828369 23.3640003204346 24.0049991607666 24.0550003051758 22.5200004577637 17.3419990539551 7.06400012969971 3.9909999370575 4.63399982452393 4.47399997711182 4.23999977111816 4.23600006103516 4.76100015640259 6.30999994277954 6.4850001335144 5.64099979400635 6.42399978637695 8.33300018310547 10.2729997634888 10.9580001831055 13.4390001296997 15.3640003204346 15.5830001831055 15.5249996185303 14.831000328064 14.2950000762939 19.4230003356934 21.8880004882812 23.8099994659424 24.2600002288818 24.1569995880127 23.9020004272461 24.4449996948242 25.1989994049072 27.3290004730225 28.8020000457764 31.5480003356934 33.6380004882812 34.4080009460449 34.1419982910156 33.2820014953613 30.8349990844727
-3.4e+38 24.5459995269775 25.0389995574951 24.007999420166 23.9050006866455 23.3129997253418 23.2469997406006 22.9820003509521 22.0030002593994 16.3330001831055 4.53299999237061 4.47100019454956 4.73299980163574 4.91099977493286 4.87200021743774 5.13800001144409 5.32100009918213 6.74599981307983 7.25400018692017 7.5019998550415 7.93900012969971 9.19499969482422 10.4650001525879 11.0740003585815 13.6920003890991 14.5139999389648 14.3970003128052 14.081000328064 13.8730001449585 9.81700038909912 15.4460000991821 21.4629993438721 22.3269996643066 22.8209991455078 23.011999130249 22.75 23.1599998474121 24.3390007019043 23.6200008392334 25.3689994812012 29.386999130249 31.7749996185303 33.0200004577637 33.3919982910156 32.0960006713867 30.3020000457764
-3.4e+38 21.6060009002686 22.1760005950928 20.5389995574951 18.3929996490479 19.7609996795654 21.9179992675781 21.2770004272461 20.3199996948242 7.22800016403198 8.19999980926514 10.9320001602173 9.07199954986572 7.60099983215332 5.84999990463257 5.20699977874756 5.87599992752075 5.96299982070923 7.13199996948242 8.33399963378906 9.02700042724609 9.42199993133545 10.2550001144409 11.0620002746582 11.625 12.4650001525879 12.9420003890991 11.7489995956421 8.79399967193604 7.02699995040894 15.4230003356934 18.2770004272461 20.3719997406006 21.9179992675781 22.0650005340576 21.9759998321533 22.2880001068115 22.9300003051758 23.3990001678467 25.1650009155273 29.25 31.2919998168945 31.4599990844727 31.3010005950928 31.0879993438721 29.6580009460449
-3.4e+38 20.238000869751 19.8950004577637 19.9729995727539 20.0499992370605 18.0270004272461 19.8360004425049 19.632999420166 19.5330009460449 15.3459997177124 21.1189994812012 20.4130001068115 18.4979991912842 17.7639999389648 15.4689998626709 9.69600009918213 6.2480001449585 6.8439998626709 8.28899955749512 9.30900001525879 9.94200038909912 9.84200000762939 9.59500026702881 10.1920003890991 13.4160003662109 12.2950000762939 11.6450004577637 10.914999961853 10.0249996185303 8.02099990844727 8.98400020599365 8.97599983215332 16.7730007171631 22.7520008087158 22.1959991455078 21.7490005493164 22.2259998321533 23.1110000610352 23.8500003814697 26.0890007019043 28.0550003051758 30.3740005493164 30.6399993896484 30.3770008087158 30.2929992675781 29.632999420166
-3.4e+38 19.5179996490479 20.246000289917 20.6550006866455 21.8889999389648 22.4200000762939 20.3279991149902 19.6340007781982 19.798999786377 20.2479991912842 21.8589992523193 22.6979999542236 23.1560001373291 23.806999206543 23.3229999542236 19.8190002441406 15.5690002441406 13.9440002441406 9.12399959564209 10.0010004043579 10.7200002670288 11.1450004577637 10.2959995269775 9.96399974822998 14.8400001525879 17.8519992828369 12.6070003509521 9.50500011444092 8.3129997253418 14.5939998626709 19.3020000457764 19.8099994659424 24.8400001525879 23.7189998626709 20.8330001831055 21.4270000457764 22.2269992828369 23.3309993743896 23.7129993438721 25.3190002441406 27.1979999542236 28.0930004119873 29.1630001068115 29.5939998626709 29.9139995574951 29.8090000152588
-3.4e+38 11.1820001602173 21.1860008239746 22.6599998474121 23.6019992828369 23.6590003967285 22.7280006408691 20.6060009002686 20.7749996185303 22.7180004119873 24.298999786377 25.0499992370605 25.871000289917 25.4659996032715 24.3059997558594 21.1520004272461 20.8299999237061 16.3269996643066 11.3739995956421 9.49499988555908 10.2600002288818 10.4879999160767 14.1780004501343 18.4890003204346 21.0130004882812 20.9939994812012 14.6499996185303 11.414999961853 19.0139999389648 26.4969997406006 27.8159999847412 27.3050003051758 26.9769992828369 26.5240001678467 22.6760005950928 21.6790008544922 22.0440006256104 22.5090007781982 23.2029991149902 24.5510005950928 25.9619998931885 27.1830005645752 27.9409999847412 28.7350006103516 29.0639991760254 29.6669998168945
-3.4e+38 -3.4e+38 21.4850006103516 22.0510005950928 24.4270000457764 24.193000793457 24.0170001983643 22.8680000305176 22.6879997253418 23.7819995880127 25.4099998474121 26.5510005950928 26.8719997406006 26.6359996795654 25.3600006103516 23.1989994049072 22.7180004119873 16.4179992675781 11.1300001144409 9.07800006866455 9.46300029754639 15.0059995651245 18.7590007781982 21.4109992980957 21.2740001678467 21.4659996032715 21.9200000762939 21.7049999237061 26.4710006713867 27.3929996490479 28.4839992523193 28.8090000152588 28.3959999084473 27.3010005950928 25.8229999542236 22.0809993743896 22.4160003662109 22.9370002746582 23.9220008850098 24.8999996185303 25.7110004425049 26.5970001220703 26.7299995422363 27.5610008239746 28.0909996032715 29.431999206543
-3.4e+38 -3.4e+38 20.6879997253418 23.2870006561279 24.4519996643066 24.2639999389648 23.6580009460449 22.806999206543 22.826000213623 24.19700050354 26.1490001678467 27.0930004119873 27.5799999237061 27.2490005493164 25.5900001525879 24.5620002746582 21.9519996643066 16.0540008544922 11.8870000839233 9.03999996185303 9.15200042724609 14.4469995498657 21.8759994506836 21.7950000762939 23.4750003814697 25.4740009307861 26.125 26.5049991607666 26.4610004425049 27.326000213623 28.9360008239746 29.3239994049072 29.2350006103516 28.1560001373291 26.6389999389648 23.3250007629395 23.4489994049072 23.4340000152588 24.2269992828369 24.8649997711182 24.7870006561279 24.923999786377 25.3799991607666 25.7119998931885 27.9850006103516 29.9300003051758
-3.4e+38 -3.4e+38 18.3430004119873 23.2870006561279 23.9400005340576 23.8229999542236 23.0690002441406 22.4659996032715 22.1669998168945 23.9720001220703 26.0230007171631 27.4909992218018 27.8479995727539 26.8470001220703 25.257999420166 24.3840007781982 21.8229999542236 18.7059993743896 12.5920000076294 9.37800025939941 8.89400005340576 11.4630002975464 19.4650001525879 23.951000213623 25.4899997711182 26.1979999542236 26.7649993896484 27.2029991149902 26.242000579834 27.1089992523193 28.2390003204346 29.0179996490479 28.6679992675781 27.3279991149902 26.113000869751 24.0879993438721 22.6009998321533 23.07200050354 23.753999710083 24.2220001220703 24.2159996032715 24.3360004425049 24.9349994659424 25.1259994506836 27.3279991149902 29.1760005950928
-3.4e+38 -3.4e+38 13.6619997024536 22.3229999542236 22.8500003814697 22.8959999084473 22.2299995422363 21.6870002746582 22.0400009155273 24.6700000762939 25.2299995422363 26.8269996643066 27.068000793457 26.2350006103516 25.4009990692139 24.0949993133545 23.5289993286133 22.068000793457 15.3360004425049 11.5710000991821 9.21000003814697 16.7310009002686 22.0809993743896 24.253999710083 26.4309997558594 27.1520004272461 27.7180004119873 27.8229999542236 26.7250003814697 27.0699996948242 27.6089992523193 28.2070007324219 28.0909996032715 26.2900009155273 25.0440006256104 23.9930000305176 22.5370006561279 22.3379993438721 22.8159999847412 22.9500007629395 23.42799949646 23.5279998779297 23.5410003662109 23.9080009460449 26.2970008850098 27.9699993133545
-3.4e+38 -3.4e+38 14.7040004730225 20.94700050354 21.496000289917 21.2639999389648 20.4680004119873 16.1240005493164 15.1829996109009 21.8649997711182 24.8560009002686 25.8619995117188 26.5890007019043 25.5179996490479 25.3250007629395 23.3129997253418 21.1879997253418 22.8390007019043 24.1310005187988 24.6760005950928 25.1539993286133 24.7749996185303 23.7700004577637 25.2029991149902 26.8330001831055 27.8780002593994 28.4370002746582 27.9890003204346 27.7089996337891 26.9669990539551 26.4759998321533 26.9599990844727 25.951000213623 25.4109992980957 23.9389991760254 22.4650001525879 21.7029991149902 22.3920001983643 22.6860008239746 22.746000289917 22.7770004272461 22.9290008544922 23.4619998931885 23.8400001525879 24.8360004425049 27.0259990692139
-3.4e+38 -3.4e+38 15.4890003204346 15.8149995803833 18.8279991149902 19.4519996643066 17.8330001831055 15.8159999847412 9.07699966430664 15.8280000686646 23.3549995422363 24.375 24.7950000762939 25.0279998779297 24.3570003509521 22.1669998168945 17.9440002441406 21.6599998474121 24.4409999847412 25.8360004425049 26.7259998321533 26.8810005187988 25.7220001220703 25.7849998474121 26.4330005645752 27.863000869751 28.4029998779297 28.1319999694824 27.6660003662109 26.7740001678467 26.1110000610352 25.3640003204346 25.0480003356934 24.2430000305176 22.9419994354248 20.9519996643066 20.9160003662109 21.5109996795654 21.3400001525879 21.6009998321533 22.6809997558594 22.878999710083 23.8279991149902 23.9220008850098 24.242000579834 27.6219997406006
-3.4e+38 -3.4e+38 -3.4e+38 17.2660007476807 18.6319999694824 17.5160007476807 16.992000579834 11.7410001754761 4.98799991607666 10.6499996185303 20.5330009460449 24.242000579834 24.4619998931885 24.492000579834 24.0470008850098 21.9109992980957 20.4829998016357 23.2000007629395 25.1359996795654 26.5960006713867 27.5659999847412 27.7870006561279 27.2450008392334 27.1709995269775 26.306999206543 27.496000289917 27.9109992980957 27.5799999237061 26.8560009002686 26.367000579834 24.5279998779297 23.6650009155273 22.8859996795654 22.6450004577637 22.9409999847412 21.9139995574951 21.2700004577637 19.7369995117188 19.201000213623 19.3540000915527 21.3120002746582 22.8349990844727 23.3929996490479 23.69700050354 24.363000869751 28.5330009460449
-3.4e+38 -3.4e+38 -3.4e+38 19.4409999847412 18.17799949646 17.2999992370605 13.2200002670288 8.16600036621094 3.4909999370575 9.75500011444092 17.8369998931885 22.3269996643066 24.3640003204346 24.3169994354248 24.0639991760254 22.6229991912842 21.4820003509521 22.8190002441406 25.2919998168945 27.2159996032715 28.5249996185303 28.6679992675781 28.1089992523193 27.4039993286133 26.3279991149902 26.2880001068115 27.0809993743896 26.8509998321533 25.9489994049072 25.1089992523193 24.0310001373291 22.9939994812012 17.4549999237061 22.05299949646 22.7600002288818 22.8269996643066 22.6030006408691 21.076000213623 21.0429992675781 19.6350002288818 20.3279991149902 21.4160003662109 22.3129997253418 22.6690006256104 23.863000869751 27.9869995117188
-3.4e+38 -3.4e+38 -3.4e+38 19.2409992218018 18.4619998931885 15.3430004119873 9.98099994659424 5.83900022506714 6.31699991226196 10.6750001907349 16.3560009002686 23.3199996948242 24.1630001068115 23.9669990539551 23.4220008850098 22.1380004882812 22.0580005645752 24.5249996185303 27.5340003967285 28.5189990997314 29.0559997558594 28.9549999237061 28.3680000305176 27.7660007476807 26.4349994659424 25.8159999847412 25.6259994506836 25.1340007781982 24.2229995727539 20.4580001831055 24.7169990539551 22.6879997253418 10.6059999465942 14.4259996414185 23.1639995574951 23.6599998474121 24.2199993133545 23.2520008087158 22.5709991455078 21.0259990692139 20.3780002593994 20.4790000915527 21.0249996185303 20.8560009002686 22.2779998779297 27.9500007629395
-3.4e+38 -3.4e+38 -3.4e+38 19.2700004577637 18.5090007781982 16.2339992523193 13.2679996490479 10.5480003356934 8.95100021362305 8.18000030517578 10.6499996185303 20.8059997558594 23.8570003509521 23.3040008544922 22.9570007324219 21.6720008850098 21.996000289917 25.9580001831055 27.3439998626709 28.056999206543 28.3980007171631 28.7089996337891 28.57200050354 27.7970008850098 26.4650001525879 25.7169990539551 25.3659992218018 24.173999786377 16.9839992523193 17.5849990844727 23.1140003204346 25.2259998321533 21.5990009307861 23.7849998474121 24.5879993438721 24.9720001220703 25.1749992370605 24.576000213623 24.173999786377 22.7700004577637 21.3719997406006 21.6989994049072 21.4090003967285 20.8719997406006 23.3120002746582 26.4099998474121
-3.4e+38 -3.4e+38 -3.4e+38 18.3959999084473 16.5860004425049 16.125 14.3199996948242 12.8380002975464 11.3850002288818 8.72999954223633 9.98900032043457 21.1800003051758 21.6709995269775 22.3929996490479 22.1959991455078 21.7840003967285 22.6219997406006 22.4699993133545 25.5580005645752 27.1509990692139 27.8649997711182 28.25 27.8950004577637 27.5620002746582 26.6840000152588 25.9479999542236 25.2119998931885 23.9519996643066 17.5690002441406 23.1690006256104 25.8320007324219 25.6849994659424 25.3080005645752 24.9599990844727 25.5270004272461 25.9130001068115 25.7929992675781 24.9610004425049 24.298999786377 23.3610000610352 22.3689994812012 22.0790004730225 21.826000213623 20.7779998779297 20.0769996643066 23.3600006103516
