02_asc_chm-r50m/BR221A.asc
NCOLS 201 
NROWS 200 
XLLCORNER 532171 
YLLCORNER 5306815.5 
CELLSIZE 0.5 
NODATA_value -3.4e+38 
[rows 180 to 199 of 200, columns 92 to 137 of 201]
23.1180000305176 23.5090007781982 22.613000869751 21.7299995422363 20.7800006866455 18.9820003509521 15.7419996261597 14.1359996795654 14.3669996261597 15.8929996490479 16.7280006408691 18.173999786377 19.5540008544922 21.2789993286133 22.6669998168945 22.7320003509521 23.1319999694824 22.6529998779297 22.5599994659424 21.9629993438721 21.5620002746582 23.7189998626709 24.3850002288818 24.0830001831055 23.0580005645752 22.8990001678467 22.9869995117188 24.0769996643066 24.7299995422363 25.7269992828369 26.7210006713867 28.2609996795654 28.8139991760254 28.6730003356934 27.7679996490479 26.0030002593994 24.9409999847412 24.3589992523193 22.7670001983643 22.1380004882812 22.3449993133545 22.3819999694824 23.8169994354248 24.7089996337891 24.3169994354248 22.9459991455078
24.0939998626709 24.5869998931885 23.5179996490479 22.6030006408691 21.5330009460449 19.8479995727539 18.4549999237061 15.7519998550415 16.4780006408691 18.3570003509521 19.0830001831055 19.4950008392334 22.2980003356934 23.4650001525879 23.4230003356934 23.5470008850098 24.2679996490479 24.4179992675781 23.4939994812012 23.42799949646 22.8570003509521 22.681999206543 23.0100002288818 22.7089996337891 21.92799949646 22.2439994812012 22.4109992980957 23.1149997711182 24.2290000915527 24.9479999542236 26.0389995574951 27.0200004577637 27.7430000305176 27.5060005187988 26.5659999847412 24.7430000305176 24.5820007324219 24.3129997253418 23.5669994354248 22.371000289917 21.8799991607666 22.6639995574951 23.5109996795654 24.4589996337891 24.4799995422363 23.5109996795654
24.3519992828369 24.7549991607666 24.1070003509521 23.0410003662109 21.818000793457 20.4150009155273 19.117000579834 18.0779991149902 18.0230007171631 19.9750003814697 19.9750003814697 21.1100006103516 23.4479999542236 23.8729991912842 23.8400001525879 23.92799949646 25.1380004882812 25.3229999542236 24.5820007324219 23.7299995422363 23.1599998474121 22.5620002746582 22.5830001831055 22.8780002593994 22.0370006561279 21.8910007476807 21.9619998931885 22.5279998779297 23.9060001373291 24.0970001220703 24.628999710083 25.1919994354248 25.8169994354248 26.3589992523193 25.9479999542236 25.1490001678467 23.9459991455078 23.6569995880127 23.3899993896484 21.3309993743896 21.0699996948242 22.1490001678467 23.1639995574951 23.1259994506836 23.3379993438721 22.4260005950928
23.613000869751 24.0100002288818 23.6499996185303 22.181999206543 21.3950004577637 21.0820007324219 20.5090007781982 19.4750003814697 18.9150009155273 19.5849990844727 20.1140003204346 22.7210006713867 24.1270008087158 24.2250003814697 24.2630004882812 24.7469997406006 25.7399997711182 25.9360008239746 25.0300006866455 23.5 22.9139995574951 22.9619998931885 23.1259994506836 23.1450004577637 22.3040008544922 21.7350006103516 21.7189998626709 22.6100006103516 23.3780002593994 24.4009990692139 24.6340007781982 24.6660003662109 25.2819995880127 25.6070003509521 25.7719993591309 24.367000579834 22.5480003356934 22.0550003051758 22.3610000610352 21.0709991455078 20.9659996032715 21.5429992675781 22.2140007019043 22.2350006103516 22.1650009155273 21.4589996337891
22.1569995880127 22.4260005950928 22.0960006713867 22.05299949646 22.2730007171631 21.9930000305176 20.9419994354248 20.3579998016357 19.7029991149902 19.8500003814697 20.3959999084473 23.7110004425049 24.363000869751 24.4459991455078 24.6259994506836 26.556999206543 26.7600002288818 26.1429996490479 25.3040008544922 23.923999786377 23.2679996490479 23.3490009307861 23.761999130249 23.9400005340576 22.9290008544922 21.9060001373291 21.9669990539551 22.5699996948242 24.1480007171631 25.2870006561279 24.2859992980957 24.4729995727539 24.4950008392334 24.6159992218018 23.1480007171631 23.1380004882812 22.4190006256104 21.4179992675781 21.3819999694824 18.7670001983643 19.0219993591309 20.5179996490479 20.6529998779297 20.9549999237061 21.4549999237061 21.0149993896484
21.4489994049072 21.5240001678467 22.261999130249 22.6200008392334 22.7740001678467 22.6730003356934 21.0809993743896 20.3349990844727 19.9169998168945 20.3560009002686 21.386999130249 22.2159996032715 24 24.5189990997314 24.8969993591309 26.4769992828369 26.4529991149902 26.0049991607666 24.8050003051758 23.8899993896484 23.1639995574951 23.2409992218018 23.4230003356934 23.1119995117188 22.007999420166 21.2830009460449 22.5620002746582 22.8640003204346 24.3169994354248 25.1909999847412 24.3579998016357 23.1009998321533 23.1030006408691 22.9090003967285 22.7660007476807 22.2649993896484 21.1000003814697 17.8969993591309 19.4489994049072 18.2049999237061 17.6550006866455 18.0300006866455 19.8780002593994 19.5240001678467 19.7259998321533 20.8810005187988
20.8950004577637 21.9080009460449 22.8999996185303 23.6070003509521 23.6660003662109 23.2169990539551 22.0419998168945 20.8729991912842 20.5669994354248 20.7630004882812 21.1849994659424 22.4389991760254 23.4489994049072 24.6009998321533 25.5340003967285 25.9650001525879 25.7590007781982 25.2679996490479 24.6760005950928 23.1280002593994 22.3169994354248 22.2250003814697 21.8439998626709 22 21.0149993896484 20.6870002746582 21.1560001373291 22.0879993438721 22.9799995422363 23.9190006256104 23.1410007476807 22.8659992218018 23.7169990539551 23.7569999694824 22.94700050354 21.9300003051758 20.4839992523193 18.9389991760254 18.5869998931885 18.7450008392334 18.386999130249 18.2740001678467 18.8110008239746 19.4069995880127 19.9610004425049 20.7390003204346
20.7059993743896 22.0690002441406 22.6550006866455 23.6030006408691 23.875 23.5219993591309 22.0300006866455 21.2569999694824 21.9990005493164 21.7910003662109 21.1520004272461 22.2849998474121 24.2409992218018 25.6509990692139 26.3040008544922 26.3020000457764 25.4850006103516 24.6200008392334 24.3659992218018 22.4699993133545 21.0149993896484 20.7059993743896 20.0429992675781 20.3059997558594 20.0839996337891 19.5869998931885 20.298999786377 20.8400001525879 21.7089996337891 22.0799999237061 22.1359996795654 22.1590003967285 23.7530002593994 24.511999130249 23.6079998016357 22.7590007781982 20.693000793457 19.5869998931885 18.9009990692139 18.6989994049072 18.4680004119873 18.3470001220703 19.19700050354 19.4220008850098 19.9890003204346 20.1350002288818
19.7080001831055 21.3700008392334 21.9389991760254 22.9559993743896 23.17799949646 22.3859996795654 21.4599990844727 21.2129993438721 22.1879997253418 22.3859996795654 22.3020000457764 22.7189998626709 25.7700004577637 26.3880004882812 26.4230003356934 26.4060001373291 25.9489994049072 25.1949996948242 24.4060001373291 23.0030002593994 19.4109992980957 19.1310005187988 19.1809997558594 19.003999710083 18.7469997406006 18.6060009002686 18.9710006713867 19.5139999389648 19.6580009460449 20.4409999847412 20.4160003662109 22.1259994506836 23.7329998016357 24.3939990997314 24.0629997253418 22.1730003356934 21.0779991149902 20.386999130249 19.0440006256104 18.5020008087158 18.2479991912842 18.3920001983643 19.6609992980957 19.4580001831055 18.9290008544922 19.0820007324219
18.8560009002686 20.6639995574951 20.8020000457764 21.3299999237061 21.7870006561279 21.451000213623 21.1560001373291 21.4979991912842 22.4979991912842 23 22.6189994812012 23.3050003051758 25.8980007171631 26.826000213623 26.5860004425049 26.8560009002686 26.1070003509521 25.2569999694824 23.8390007019043 21.2840003967285 19.367000579834 19.6660003662109 18.8759994506836 17.5400009155273 17.431999206543 17.5559997558594 17.8700008392334 18.2070007324219 17.6310005187988 18.753999710083 19.4820003509521 21.3540000915527 22.3360004425049 22.7490005493164 21.9990005493164 21.7029991149902 21.1259994506836 20.488000869751 19.2560005187988 17.6459999084473 17.6040000915527 18.0259990692139 18.4860000610352 18.6560001373291 17.7900009155273 17.818000793457
18.8239994049072 19.2800006866455 19.8999996185303 20.3540000915527 20.3929996490479 20.8910007476807 20.6469993591309 21.4750003814697 22.3050003051758 22.5540008544922 22.2730007171631 22.931999206543 25.761999130249 27.2810001373291 27.7240009307861 27.6959991455078 27.2180004119873 26.4979991912842 25.30299949646 22.1849994659424 20.8080005645752 20.4230003356934 20.17799949646 18.871000289917 16.8129997253418 16.1690006256104 16.7929992675781 16.4540004730225 16.1389999389648 18.2360000610352 19.3199996948242 20.2439994812012 20.7019996643066 20.69700050354 21.0419998168945 21.1219997406006 20.5590000152588 19.6180000305176 18.9810009002686 15.048999786377 15.2430000305176 17.0240001678467 17.3500003814697 17.7019996643066 16.7759990692139 16.1849994659424
18.9869995117188 18.3040008544922 19.125 18.992000579834 18.9409999847412 19.2819995880127 19.7399997711182 20.8020000457764 21.5300006866455 22.4659996032715 22.6959991455078 24.5739994049072 25.7630004882812 27.8819999694824 28.5750007629395 28.3939990997314 27.6790008544922 26.7299995422363 24.3390007019043 20.378999710083 20.3549995422363 20.2479991912842 18.8290004730225 17.2709999084473 15.3629999160767 14.7030000686646 15.2259998321533 15.6099996566772 16.4589996337891 17.3500003814697 18.8279991149902 19.32200050354 19.2259998321533 18.3799991607666 19.2059993743896 17.7670001983643 16.2530002593994 18.1720008850098 16.9150009155273 13.9770002365112 14.6339998245239 14.6319999694824 14.2919998168945 15.6750001907349 15.7340002059937 15.5159997940063
20.2059993743896 18.6700000762939 17.511999130249 17.9340000152588 18.0849990844727 18.6359996795654 18.7689990997314 19.6569995880127 20.7430000305176 22.5520000457764 24.0359992980957 25.3010005950928 25.6450004577637 26.9099998474121 28.2269992828369 27.507999420166 27.0669994354248 24.9360008239746 21.8579998016357 18.2849998474121 18.761999130249 17.5979995727539 16.867000579834 17.2129993438721 16.4169998168945 14.8959999084473 15.1049995422363 14.9750003814697 14.8760004043579 14.7930002212524 16.7430000305176 17.738000869751 17.3980007171631 17.0739994049072 14.4449996948242 13.0790004730225 11.3129997253418 14.21399974823 14.7309999465942 12.9160003662109 13.3059997558594 12.0649995803833 13.1929998397827 13.3680000305176 -3.4e+38 -3.4e+38
20.3199996948242 18.0279998779297 16.6849994659424 16.1240005493164 16.5060005187988 17.5069999694824 17.8929996490479 18.6760005950928 19.1439990997314 19.6590003967285 22.9799995422363 23.1630001068115 24.7310009002686 24.9500007629395 25.3269996643066 24.9190006256104 24.4479999542236 17.742000579834 13.2810001373291 15.0270004272461 15.8369998931885 16.628999710083 17.0090007781982 18.0139999389648 17.05299949646 17.0359992980957 14.7040004730225 14.9490003585815 15.0179996490479 14.83899974823 16.7029991149902 14.8590002059937 13.8850002288818 14.2709999084473 12.3940000534058 11.0279998779297 8.84899997711182 8.11600017547607 10.1409997940063 9.87199974060059 9.95300006866455 10.1730003356934 -3.4e+38 -3.4e+38 -3.4e+38 -3.4e+38
21.4440002441406 18.7779998779297 17.382999420166 14.3470001220703 14.1020002365112 16.011999130249 16.7590007781982 16.4820003509521 17.4740009307861 17.7840003967285 17.9009990692139 18.4570007324219 21.2040004730225 22.5249996185303 22.2240009307861 22.5799999237061 19.5030002593994 12.125 8.66600036621094 11.6909999847412 14.0670003890991 15.9079999923706 17.0499992370605 18.423999786377 18.2929992675781 18.1359996795654 15.1140003204346 15.4530000686646 15.3050003051758 14.3680000305176 14.7259998321533 11.4300003051758 12.1569995880127 12.5299997329712 11.0209999084473 8.23299980163574 7.72900009155273 7.11199998855591 6.46299982070923 -3.4e+38 -3.4e+38 -3.4e+38 -3.4e+38 -3.4e+38 -3.4e+38 -3.4e+38
20.693000793457 18.9409999847412 17.0319995880127 15.1409997940063 12.1800003051758 14.5069999694824 15.1619997024536 15.1099996566772 15.1929998397827 14.5570001602173 14.3570003509521 15.0200004577637 18.9020004272461 20.253999710083 20.5459995269775 18.1219997406006 13.6049995422363 11.2270002365112 7.70900011062622 12.2559995651245 12.6219997406006 14.7170000076294 17.0699996948242 17.882999420166 17.7660007476807 17.382999420166 16.6350002288818 17.2999992370605 17.3950004577637 15.831000328064 14.6319999694824 13.7930002212524 13.9010000228882 12.8039999008179 9.03699970245361 8.77600002288818 -3.4e+38 -3.4e+38 -3.4e+38 -3.4e+38 -3.4e+38 -3.4e+38 -3.4e+38 -3.4e+38 -3.4e+38 -3.4e+38
19.9130001068115 18.7430000305176 17.6119995117188 14.2679996490479 11.1479997634888 12.1909999847412 12.6499996185303 12.8979997634888 13.1129999160767 12.6230001449585 11.3590002059937 12.8929996490479 17.253999710083 18.9899997711182 18.3840007781982 17.2859992980957 13.7569999694824 11.8229999542236 11.6040000915527 12.1440000534058 12.2550001144409 13.7679996490479 16.0249996185303 16.4090003967285 16.1009998321533 16.4340000152588 17.1410007476807 16.5960006713867 14.6490001678467 12.956000328064 -3.4e+38 -3.4e+38 -3.4e+38 -3.4e+38 -3.4e+38 -3.4e+38 -3.4e+38 -3.4e+38 -3.4e+38 -3.4e+38 -3.4e+38 -3.4e+38 -3.4e+38 -3.4e+38 -3.4e+38 -3.4e+38
18.9780006408691 17.44700050354 15.456000328064 13.3599996566772 9.15299987792969 6.26300001144409 7.09000015258789 9.93299961090088 10.625 10.3929996490479 9.79199981689453 10.6280002593994 13.0749998092651 12.0690002441406 11.1339998245239 11.7580003738403 12.1700000762939 9.02200031280518 10.66100025177 12.0159997940063 13.0030002593994 13.4160003662109 11.4940004348755 -3.4e+38 -3.4e+38 -3.4e+38 -3.4e+38 -3.4e+38 -3.4e+38 -3.4e+38 -3.4e+38 -3.4e+38 -3.4e+38 -3.4e+38 -3.4e+38 -3.4e+38 -3.4e+38 -3.4e+38 -3.4e+38 -3.4e+38 -3.4e+38 -3.4e+38 -3.4e+38 -3.4e+38 -3.4e+38 -3.4e+38
-3.4e+38 12.2320003509521 14.28600025177 12.4949998855591 8.49600028991699 6.20100021362305 7.32200002670288 7.54099988937378 9.65100002288818 9.64299964904785 8.30599975585938 7.81300020217896 7.14699983596802 6.91800022125244 7.11600017547607 7.31400012969971 7.51200008392334 -3.4e+38 -3.4e+38 -3.4e+38 -3.4e+38 -3.4e+38 -3.4e+38 -3.4e+38 -3.4e+38 -3.4e+38 -3.4e+38 -3.4e+38 -3.4e+38 -3.4e+38 -3.4e+38 -3.4e+38 -3.4e+38 -3.4e+38 -3.4e+38 -3.4e+38 -3.4e+38 -3.4e+38 -3.4e+38 -3.4e+38 -3.4e+38 -3.4e+38 -3.4e+38 -3.4e+38 -3.4e+38 -3.4e+38
-3.4e+38 -3.4e+38 -3.4e+38 -3.4e+38 -3.4e+38 -3.4e+38 -3.4e+38 -3.4e+38 -3.4e+38 -3.4e+38 -3.4e+38 -3.4e+38 -3.4e+38 -3.4e+38 -3.4e+38 -3.4e+38 -3.4e+38 -3.4e+38 -3.4e+38 -3.4e+38 -3.4e+38 -3.4e+38 -3.4e+38 -3.4e+38 -3.4e+38 -3.4e+38 -3.4e+38 -3.4e+38 -3.4e+38 -3.4e+38 -3.4e+38 -3.4e+38 -3.4e+38 -3.4e+38 -3.4e+38 -3.4e+38 -3.4e+38 -3.4e+38 -3.4e+38 -3.4e+38 -3.4e+38 -3.4e+38 -3.4e+38 -3.4e+38 -3.4e+38 -3.4e+38
