02_asc_chm-r50m/BR221H.asc
NCOLS 200 
NROWS 200 
XLLCORNER 547729 
YLLCORNER 5283275.5 
CELLSIZE 0.5 
NODATA_value -3.4e+38 
[rows 40 to 59 of 200, columns 92 to 137 of 200]
20.8610000610352 17.2409992218018 27.4020004272461 33.3699989318848 37.0690002441406 39.7809982299805 42.4329986572266 43.2869987487793 44.2330017089844 44.875 44.5950012207031 43.9749984741211 43.2820014953613 42.2929992675781 37.6059989929199 33.0009994506836 25.5990009307861 23.5779991149902 7.59100008010864 7.60200023651123 6.91699981689453 6.19700002670288 9.94600009918213 16.4150009155273 18.4529991149902 18.7679996490479 18.3490009307861 22.0170001983643 24.8959999084473 25.8719997406006 28.2339992523193 28.0499992370605 30.0209999084473 31.4060001373291 31.75 32.9169998168945 33.1500015258789 36.1080017089844 35.7820014953613 34.5999984741211 34.8540000915527 34.4099998474121 33.5970001220703 32.2620010375977 31.1709995269775 28.3819999694824
14.5050001144409 13.3549995422363 20.007999420166 31.2369995117188 36.0309982299805 37.4480018615723 41.0149993896484 43.1969985961914 43.5620002746582 44.5040016174316 44.632999420166 43.935001373291 42.9440002441406 40.2760009765625 36.0610008239746 31.2639999389648 25.1499996185303 24.5130004882812 13.1319999694824 6.55100011825562 13.2110004425049 10.3739995956421 14.1750001907349 18.4060001373291 18.681999206543 18.9599990844727 19.4109992980957 23.3540000915527 26.3199996948242 29.5459995269775 31.6140003204346 30.3519992828369 31.5279998779297 32.4720001220703 31.5830001831055 34.1389999389648 36.4010009765625 37.6609992980957 38.181999206543 35.7719993591309 35.2080001831055 35.0579986572266 34.5429992675781 33.8279991149902 33.4729995727539 32.0880012512207
14.2810001373291 13.4980001449585 22.0709991455078 32.3860015869141 37.4379997253418 38.7540016174316 41.1969985961914 42.6749992370605 42.8370018005371 43.5099983215332 43.3629989624023 42.8810005187988 41.8370018005371 40.431999206543 35.3499984741211 33.9949989318848 24.7220001220703 24.3819999694824 13.3199996948242 6.80399990081787 19.0200004577637 23.6359996795654 20.3409996032715 18.2959995269775 18.4890003204346 18.7859992980957 21.8700008392334 27.1140003204346 30.6959991455078 32.5610008239746 32.6679992675781 33.1150016784668 34.6310005187988 35.1459999084473 34.5900001525879 34.8940010070801 37.5960006713867 38.2690010070801 38.5509986877441 38.0589981079102 35.935001373291 35.7099990844727 34.9449996948242 34.382999420166 34.0730018615723 32.2089996337891
13.7489995956421 13.4680004119873 16.9080009460449 27.6800003051758 37.7159996032715 40.3030014038086 42.2919998168945 42.2529983520508 42.3779983520508 42.4869995117188 41.4199981689453 40.4360008239746 41.9700012207031 38.2840003967285 30.4529991149902 27.3719997406006 24.4419994354248 24.4659996032715 19.3110008239746 19.4290008544922 25.4400005340576 26.1350002288818 26.0779991149902 22.1590003967285 19.4860000610352 18.07200050354 22.9440002441406 27.9099998474121 31.6319999694824 32.6809997558594 33 33.4049987792969 35.3320007324219 36.3419990539551 36.4169998168945 36.4080009460449 37.1199989318848 38.2099990844727 38.8289985656738 38.0579986572266 36.609001159668 36.8610000610352 36.2700004577637 34.4659996032715 34.109001159668 33.076000213623
13.2840003967285 13.8059997558594 13.9250001907349 24.9829998016357 36.1599998474121 33.2029991149902 34.0830001831055 38.9889984130859 39.923999786377 39.8540000915527 37.7980003356934 38.5149993896484 40.5110015869141 34.1570014953613 23.6119995117188 18.753999710083 24.636999130249 24.9270000457764 25.1849994659424 25.4500007629395 25.9179992675781 26.3570003509521 26.9069995880127 30.6110000610352 29.0470008850098 25.1159992218018 26.378999710083 28.8920001983643 31.3579998016357 32.9329986572266 33.1549987792969 33.3429985046387 35.2229995727539 36.2939987182617 36.4290008544922 36.6800003051758 38.318000793457 39.1389999389648 38.9449996948242 38.6809997558594 37.3059997558594 38.0480003356934 37.75 34.9900016784668 33.7980003356934 32.492000579834
12.4820003509521 13.4119997024536 13.6569995880127 22.5100002288818 30.8980007171631 20.7830009460449 18.5410003662109 28.2089996337891 29.0380001068115 32.5519981384277 33 24.1480007171631 26.1030006408691 24.4169998168945 15.2349996566772 9.69900035858154 17.8500003814697 25.2759990692139 26.0289993286133 27.1940002441406 28.7070007324219 29.7859992980957 31.9669990539551 34.3610000610352 34.1180000305176 32.2929992675781 31.1760005950928 29.5389995574951 31.5949993133545 33.1069984436035 33.2290000915527 34.3230018615723 35.8440017700195 36.5589981079102 36.3479995727539 38.8219985961914 40.9309997558594 42.3860015869141 42.992000579834 41.6160011291504 38.2120018005371 41.4469985961914 40.310001373291 38.6669998168945 34.2529983520508 32.4739990234375
11.1909999847412 12.1759996414185 12.9259996414185 12.8400001525879 13.3489999771118 13.6239995956421 17.5370006561279 24.8759994506836 18.3490009307861 19.5900001525879 25.0249996185303 22.8279991149902 14.5179996490479 11.4049997329712 10.6400003433228 8.35700035095215 17.7779998779297 26.9130001068115 30.8570003509521 32.2960014343262 32.9169998168945 33.898998260498 37.193000793457 38.0880012512207 37.318000793457 37.7369995117188 35.0670013427734 30.9529991149902 31.3719997406006 33.0439987182617 33.6870002746582 36.4230003356934 37.7050018310547 37.5120010375977 38.4099998474121 41.7449989318848 43.0069999694824 43.1749992370605 43.2960014343262 43.0219993591309 43.0229988098145 43.1500015258789 42.3779983520508 40.8499984741211 37.3499984741211 33.2029991149902
14.581000328064 15.0089998245239 13.46399974823 13.2849998474121 12.6669998168945 12.5059995651245 11.9949998855591 9.79699993133545 9.02299976348877 9.52799987792969 13.5790004730225 16.1749992370605 11.2130002975464 17.4939994812012 20.9860000610352 20.5259990692139 25.3929996490479 30.121000289917 34.1110000610352 34.726001739502 35.7089996337891 38.359001159668 40.2719993591309 40.4970016479492 39.765998840332 39.1479988098145 37.515998840332 34.8030014038086 33.8429985046387 34.685001373291 33.8269996643066 36.2400016784668 38.5859985351562 39.0589981079102 39.6889991760254 40.1590003967285 42.5670013427734 43.6570014953613 44.0320014953613 43.1920013427734 43.3230018615723 42.4379997253418 41.8759994506836 40.931999206543 39.048999786377 35.1829986572266
16.5480003356934 15.5200004577637 13.8269996643066 14.2299995422363 12.7740001678467 11.3610000610352 9.69799995422363 9.20899963378906 9.08100032806396 9.34799957275391 9.53800010681152 10.9139995574951 11.2510004043579 20.4039993286133 24.2870006561279 25.5919990539551 27.4069995880127 33.5340003967285 35.5330009460449 37.3779983520508 40.8540000915527 41.5449981689453 41.7729988098145 41.0029983520508 39.9109992980957 39.1360015869141 38.9900016784668 37.3899993896484 36.1879997253418 34.9700012207031 34.3870010375977 35.2980003356934 37.984001159668 39.9589996337891 40.1399993896484 40.7709999084473 42.443000793457 43.6689987182617 44.1399993896484 43.8310012817383 43.8899993896484 42.4799995422363 40.2029991149902 38.4809989929199 37.818000793457 36.5620002746582
18.0069999694824 15.2589998245239 14.7309999465942 15.0659999847412 13.4139995574951 11.3920001983643 9.16600036621094 8.54800033569336 9.00699996948242 9.76200008392334 10.2329998016357 10.8269996643066 15.5679998397827 20.67799949646 25.3999996185303 29.4640007019043 32.9329986572266 34.9589996337891 37.6629981994629 39.1139984130859 40.4189987182617 41.2369995117188 41.4850006103516 41.9370002746582 41.6749992370605 42.9949989318848 41.5699996948242 39.4119987487793 39.0209999084473 36.8250007629395 35.6370010375977 36.3499984741211 38.5 40.4480018615723 40.5460014343262 40.8289985656738 42.2550010681152 43.5110015869141 43.7779998779297 43.2840003967285 43.2700004577637 43.1619987487793 40.8089981079102 38.0470008850098 37.9280014038086 36.3540000915527
17.6879997253418 16.5970001220703 15.951000213623 15.8979997634888 13.3800001144409 12.2239999771118 9.03400039672852 8.87199974060059 9.26799964904785 10.1800003051758 10.7510004043579 12.2419996261597 12.9329996109009 22.0450000762939 26.5779991149902 31.9169998168945 33.8569984436035 36.0880012512207 37.5660018920898 39.0870018005371 39.4749984741211 43.6879997253418 46.1559982299805 45.1020011901855 44.0299987792969 43.132999420166 43.2770004272461 42.2709999084473 39.9010009765625 37.8050003051758 38.1220016479492 38.617000579834 37.6349983215332 39.8769989013672 40.318000793457 41.8790016174316 43.0730018615723 43.0379981994629 42.9410018920898 42.2820014953613 42.5929985046387 41.8680000305176 41.2620010375977 39.0909996032715 38.1870002746582 37.4259986877441
17.132999420166 16.5259990692139 16.3409996032715 15.9370002746582 13.8760004043579 12.4860000610352 9.3120002746582 9.21300029754639 9.46000003814697 10.5780000686646 11.1709995269775 13.0559997558594 18.6949996948242 23.9750003814697 28.0809993743896 32.390998840332 35.0960006713867 36.3730010986328 38.5550003051758 40.0919990539551 42.4119987487793 45.5839996337891 46.2680015563965 46.6660003662109 45.8489990234375 45.1209983825684 43.2789993286133 42.8810005187988 41.0589981079102 39.7099990844727 39.7220001220703 39.6199989318848 38.8019981384277 38.7820014953613 39.4020004272461 40.1959991455078 42.0250015258789 41.9659996032715 41.7589988708496 41.6450004577637 41.5190010070801 40.1669998168945 39.6980018615723 39.4099998474121 38.1020011901855 36.4640007019043
15.6780004501343 15.7889995574951 15.7550001144409 15.1099996566772 13.5410003662109 11.581000328064 9.73299980163574 9.45300006866455 9.62399959564209 11.1029996871948 13.8990001678467 15.7209997177124 16.2089996337891 22.4750003814697 27.7280006408691 30.3939990997314 33.5400009155273 36.4059982299805 39.8650016784668 42.4529991149902 45.2150001525879 47.0369987487793 47.6279983520508 47.3629989624023 46.7849998474121 46.2369995117188 43.9770011901855 42.8050003051758 42.4620018005371 40.5800018310547 40.4449996948242 39.6650009155273 39.193000793457 38.5110015869141 37.4690017700195 38.8300018310547 41.1669998168945 41.5690002441406 41.4410018920898 41.3460006713867 40.9269981384277 39.9490013122559 39.4650001525879 38.4550018310547 36.9339981079102 33.5830001831055
15.5419998168945 14.7829999923706 14.5209999084473 13.8579998016357 12.798999786377 11.6099996566772 10.5080003738403 9.8439998626709 9.89200019836426 13.3240003585815 15.335000038147 16.1420001983643 16.8810005187988 22.42799949646 28.1529998779297 32.1360015869141 36.806999206543 39.6360015869141 41.4449996948242 44.4329986572266 46.5419998168945 47.7290000915527 47.8540000915527 47.8860015869141 47.140998840332 45.7449989318848 44.0439987182617 40.8479995727539 39.564998626709 41.1469993591309 41.0270004272461 40.1209983825684 39.4500007629395 38.4739990234375 38.5499992370605 39.6570014953613 40.8460006713867 41.2029991149902 40.9199981689453 40.4850006103516 39.6360015869141 39.4640007019043 38.5750007629395 38.1889991760254 36.6240005493164 31.7749996185303
13.4119997024536 13.5270004272461 13.0100002288818 11.8020000457764 12.2279996871948 11.8140001296997 11.4379997253418 11.2600002288818 12.8380002975464 15.3540000915527 15.4650001525879 19.7439994812012 23.951000213623 25.2700004577637 29.4459991455078 33.8759994506836 36.7350006103516 40.6539993286133 41.5480003356934 43.9249992370605 45.6609992980957 47.3030014038086 48.2190017700195 47.9819984436035 47.1720008850098 45.8930015563965 44.2319984436035 41.1669998168945 40.3779983520508 41.0579986572266 40.882999420166 40.0769996643066 39.2770004272461 38.1640014648438 38.2350006103516 39.4309997558594 39.3359985351562 39.4329986572266 39.6699981689453 39.560001373291 37.9630012512207 36.548999786377 36.4729995727539 36.3959999084473 34.117000579834 31.2019996643066
11.9350004196167 11.4209995269775 11.1300001144409 11.5860004425049 12.4219999313354 11.7290000915527 12.1040000915527 11.5729999542236 11.6700000762939 15.5129995346069 16.1270008087158 23.6639995574951 24.1009998321533 25.8549995422363 27.6469993591309 33.5970001220703 35.8950004577637 37.273998260498 40.9720001220703 43.1749992370605 45.5509986877441 47.4059982299805 47.693000793457 47.1980018615723 46.7239990234375 45.5279998779297 44.0349998474121 42.7150001525879 39.326000213623 39.5660018920898 39.9230003356934 39.7550010681152 39.1640014648438 38.1380004882812 37.6139984130859 38.1380004882812 36.6800003051758 36.4710006713867 37.132999420166 37.4070014953613 36.5480003356934 35.8390007019043 36.0260009765625 35.056999206543 33.0519981384277 31.996000289917
10.4250001907349 10.3929996490479 10.3669996261597 11.6800003051758 12.1780004501343 10.8859996795654 11.8830003738403 11.081000328064 11.1400003433228 14.0659999847412 17.4060001373291 21.8239994049072 22.568000793457 26.2789993286133 29.878999710083 30.8810005187988 35.7229995727539 39.7610015869141 42.0890007019043 42.4370002746582 45.0730018615723 46.1180000305176 46.2089996337891 46.1730003356934 46.132999420166 44.7369995117188 42.617000579834 39.9809989929199 37.435001373291 37.7669982910156 38.7070007324219 38.5460014343262 39.4539985656738 38.9230003356934 37.9669990539551 37.1469993591309 34.8289985656738 34.5009994506836 34.8639984130859 35.9770011901855 36.5849990844727 36.4259986877441 35.9770011901855 34.7729988098145 33.3689994812012 32.9379997253418
10.5649995803833 10.2349996566772 9.99400043487549 11.201000213623 12.1000003814697 11.3240003585815 10.793999671936 10.4010000228882 10.8800001144409 11.7819995880127 12.3950004577637 15.3219995498657 17.3540000915527 20.9120006561279 30.4290008544922 30.826000213623 34.5429992675781 38.6399993896484 41.1180000305176 41.8339996337891 42.8610000610352 44.5 44.9739990234375 44.7729988098145 43.310001373291 43.1160011291504 40.8880004882812 37.4980010986328 35.2569999694824 34.8660011291504 35.0589981079102 35.4309997558594 37.4370002746582 38.3740005493164 36.8530006408691 35.0859985351562 34.0859985351562 34.2099990844727 35.734001159668 36.7470016479492 38.2519989013672 38.3950004577637 36.7750015258789 35.8660011291504 34.7760009765625 34.4620018005371
10.5069999694824 10.3730001449585 10.0900001525879 10.9479999542236 11.6709995269775 11.0780000686646 9.94299983978271 9.44099998474121 10.66100025177 11.5340003967285 11.8129997253418 11.6300001144409 15.8680000305176 16.257999420166 24.4330005645752 30.326000213623 30.3640003204346 31.0219993591309 35.6629981994629 37.7529983520508 40.6920013427734 41.2290000915527 41.4980010986328 43.7470016479492 43.3170013427734 42.568000793457 39.6650009155273 37.5250015258789 35.5219993591309 34.7729988098145 34.9580001831055 35.148998260498 36.2770004272461 35.1279983520508 33.7709999084473 33.8310012817383 34.3740005493164 36.451000213623 37.7200012207031 39.2939987182617 40.0690002441406 39.9889984130859 38.4749984741211 37.5530014038086 36.4589996337891 35.5149993896484
10.8769998550415 10.5710000991821 10.1909999847412 10.4399995803833 10.5480003356934 10.3299999237061 9.48200035095215 8.16100025177002 9.98799991607666 11.3599996566772 11.7299995422363 12.0170001983643 12.6040000915527 14.585000038147 22.9810009002686 26.0410003662109 27.5109996795654 28.3980007171631 30.8950004577637 32.6310005187988 35.4099998474121 33.2799987792969 34.9539985656738 40.7669982910156 38.4749984741211 40.4609985351562 35.9959983825684 33.6510009765625 33.8450012207031 33.8870010375977 33.9249992370605 32.4990005493164 33.8629989624023 33.2150001525879 33.492000579834 33.757999420166 36.6240005493164 38.2630004882812 39.5299987792969 40.9020004272461 41.3300018310547 41.0870018005371 40.3120002746582 38.9609985351562 37.5060005187988 35.6959991455078
