02_asc_chm-r50m/BR220O.asc
NCOLS 200 
NROWS 201 
XLLCORNER 539851.5 
YLLCORNER 5294703 
CELLSIZE 0.5 
NODATA_value -3.4e+38 
[rows 160 to 179 of 201, columns 138 to 183 of 200]
13.1619997024536 13.168999671936 13.1560001373291 13.0389995574951 13.4540004730225 17.3349990844727 19.1539993286133 20.5750007629395 23.1429996490479 24.8600006103516 25.8159999847412 26.3330001831055 26.8040008544922 27.1949996948242 27.1439990997314 27.7479991912842 27.1529998779297 26.7129993438721 26.44700050354 21.8050003051758 21.9899997711182 21.4909992218018 18.7040004730225 17.5240001678467 12.4309997558594 16.8819999694824 20.238000869751 21.6669998168945 22.0069999694824 21.113000869751 22.9029998779297 22.5179996490479 23.7029991149902 24.007999420166 23.57200050354 22.8090000152588 25.298999786377 29.8320007324219 32.2490005493164 33.4179992675781 34.6839981079102 34.431999206543 -3.4e+38 -3.4e+38 -3.4e+38 -3.4e+38
12.2290000915527 12.2309999465942 12.4689998626709 12.1180000305176 12.4169998168945 14.2550001144409 19.5540008544922 20.8950004577637 23.4549999237061 24.742000579834 25.4190006256104 26.2299995422363 26.9050006866455 26.875 26.6709995269775 26.9750003814697 26.1520004272461 26.1529998779297 24.8040008544922 21.6560001373291 21.5130004882812 21.0499992370605 19.8050003051758 17.2350006103516 13.4729995727539 17.3040008544922 21.5300006866455 23.6679992675781 24.4640007019043 24.8530006408691 25.5319995880127 25.1580009460449 24.6429996490479 25.2819995880127 24.8810005187988 22.9360008239746 23.1270008087158 25.2450008392334 27.2000007629395 29.3090000152588 30.2880001068115 -3.4e+38 -3.4e+38 -3.4e+38 -3.4e+38 -3.4e+38
11.4879999160767 11.418999671936 11.4940004348755 11.5419998168945 11.2030000686646 10.1680002212524 18.0440006256104 20.3840007781982 22.2670001983643 23.9820003509521 25.3150005340576 25.6609992980957 26.2840003967285 26.5149993896484 26.3889999389648 26.3810005187988 26.0020008087158 25.4619998931885 24.2049999237061 22.6060009002686 21.6350002288818 21.2490005493164 20.7859992980957 19.6490001678467 19.0769996643066 20.25 22.6119995117188 24.4759998321533 25.7670001983643 26.0240001678467 26.1459999084473 25.6119995117188 25.3020000457764 25.7369995117188 25.6000003814697 24.8229999542236 23.1469993591309 23.7819995880127 25.3990001678467 25.4130001068115 -3.4e+38 -3.4e+38 -3.4e+38 -3.4e+38 -3.4e+38 -3.4e+38
10.6379995346069 10.6490001678467 10.5670003890991 10.1049995422363 9.07499980926514 5.98000001907349 17.75 19.8080005645752 20.6959991455078 21.7530002593994 24.496000289917 25.1019992828369 25.3649997711182 26.0160007476807 26.2600002288818 26.2730007171631 26.1189994812012 24.7269992828369 24.0069999694824 23.1110000610352 22.3519992828369 21.2819995880127 19.9559993743896 21.9020004272461 22.1229991912842 22.1580009460449 22.8369998931885 23.4869995117188 24.7390003204346 25.8139991760254 26.5550003051758 26.4540004730225 26.1180000305176 26.3969993591309 26.007999420166 25.3199996948242 23.0319995880127 21.7439994812012 23.6030006408691 -3.4e+38 -3.4e+38 -3.4e+38 -3.4e+38 -3.4e+38 -3.4e+38 -3.4e+38
9.3100004196167 9.44299983978271 8.97599983215332 7.89300012588501 6.0149998664856 6.4060001373291 16.1599998474121 19.3530006408691 19.9349994659424 21.2299995422363 22.4109992980957 24.125 25.367000579834 25.6580009460449 25.8250007629395 25.3360004425049 24.9890003204346 23.4479999542236 22.8969993591309 22.6590003967285 21.6140003204346 19.576000213623 17.7469997406006 19.9729995727539 21.5729999542236 21.7159996032715 22.0349998474121 22.451000213623 24.2479991912842 25.7089996337891 26.3840007781982 27.1280002593994 27.2059993743896 26.8050003051758 26.1149997711182 24.6070003509521 22.9020004272461 22.378999710083 -3.4e+38 -3.4e+38 -3.4e+38 -3.4e+38 -3.4e+38 -3.4e+38 -3.4e+38 -3.4e+38
7.65899991989136 7.73000001907349 7.27199983596802 7.11999988555908 5.99399995803833 3.35400009155273 12.2700004577637 18.3980007171631 19.2189998626709 20.7390003204346 21.8279991149902 22.3159999847412 24.5359992980957 24.2630004882812 24.3449993133545 23.4409999847412 23.3509998321533 22.5979995727539 22.4209995269775 21.1439990997314 19.5890007019043 17.8899993896484 15.8400001525879 15.9949998855591 18.1319999694824 19.7730007171631 23.8250007629395 25.113000869751 26.076000213623 26.3770008087158 26.7950000762939 27.4729995727539 27.6319999694824 26.7360000610352 26.2099990844727 25.0319995880127 23.2789993286133 -3.4e+38 -3.4e+38 -3.4e+38 -3.4e+38 -3.4e+38 -3.4e+38 -3.4e+38 -3.4e+38 -3.4e+38
6.84800004959106 6.9980001449585 7.03599977493286 6.83400011062622 3.90000009536743 2.73200011253357 10.0080003738403 15.8809995651245 17.5769996643066 19.056999206543 21.4029998779297 22.2819995880127 22.6520004272461 22.7320003509521 22.7660007476807 22.8759994506836 22.7040004730225 22.0249996185303 19.7360000610352 18.6469993591309 17.6499996185303 16.9820003509521 16.25 17.8889999389648 16.886999130249 20.0209999084473 25.4979991912842 26.1070003509521 26.738000869751 26.30299949646 27.0279998779297 27.1830005645752 26.6450004577637 26.0310001373291 25.9619998931885 25.5349998474121 -3.4e+38 -3.4e+38 -3.4e+38 -3.4e+38 -3.4e+38 -3.4e+38 -3.4e+38 -3.4e+38 -3.4e+38 -3.4e+38
11.4250001907349 7.68599987030029 7.1269998550415 6.09700012207031 3.40300011634827 2.1710000038147 3.86400008201599 10.1809997558594 14.9409999847412 16.0149993896484 19.742000579834 22.0219993591309 22.0820007324219 22.6100006103516 22.0970001220703 22.4659996032715 21.9689998626709 20.4349994659424 18.8290004730225 17.7049999237061 16.5990009307861 16.9270000457764 18.5970001220703 18.9659996032715 18.7240009307861 23.8810005187988 25.0359992980957 25.7569999694824 25.7700004577637 25.8560009002686 26.3840007781982 26.7959995269775 26.4740009307861 25.9109992980957 25.7630004882812 -3.4e+38 -3.4e+38 -3.4e+38 -3.4e+38 -3.4e+38 -3.4e+38 -3.4e+38 -3.4e+38 -3.4e+38 -3.4e+38 -3.4e+38
13.7360000610352 11.7030000686646 11.4809999465942 10.2559995651245 9.77799987792969 3.26799988746643 3.77500009536743 6.55100011825562 13.5550003051758 14.7119998931885 15.8950004577637 18.6909999847412 19.4610004425049 20.9780006408691 21.2919998168945 22.0030002593994 20.7430000305176 19.2089996337891 17.8910007476807 16.9899997711182 16.7660007476807 17.3689994812012 18.4810009002686 19 19.0659999847412 22.7159996032715 24.6480007171631 24.132999420166 24.8999996185303 25.2399997711182 25.8439998626709 26.5590000152588 26.2919998168945 25.7910003662109 -3.4e+38 -3.4e+38 -3.4e+38 -3.4e+38 -3.4e+38 -3.4e+38 -3.4e+38 -3.4e+38 -3.4e+38 -3.4e+38 -3.4e+38 -3.4e+38
12.5930004119873 11.5780000686646 11.9219999313354 13.7320003509521 17.496000289917 16.1889991760254 15.9379997253418 8.72700023651123 8.57699966430664 13.4440002441406 13.7530002593994 12.581000328064 15.4940004348755 18.4209995269775 18.826000213623 19.2140007019043 18.7709999084473 17.6639995574951 17.8320007324219 17.1940002441406 17.2019996643066 17.6219997406006 18.4479999542236 18.8570003509521 18.8150005340576 21.2609996795654 22.4740009307861 23.1700000762939 24.8579998016357 25.5289993286133 25.4979991912842 25.4300003051758 24.8999996185303 -3.4e+38 -3.4e+38 -3.4e+38 -3.4e+38 -3.4e+38 -3.4e+38 -3.4e+38 -3.4e+38 -3.4e+38 -3.4e+38 -3.4e+38 -3.4e+38 -3.4e+38
13.0839996337891 14.7159996032715 18.1070003509521 19.8610000610352 22.5480003356934 22.5970001220703 22.8990001678467 19.0480003356934 14.5329999923706 18.9270000457764 15.6359996795654 9.74199962615967 13.5950002670288 16.3579998016357 12.0410003662109 13.4320001602173 13.9490003585815 16.2759990692139 16.7399997711182 16.9069995880127 17.3990001678467 17.7430000305176 18.117000579834 18.4190006256104 18.681999206543 19.2880001068115 22.5300006866455 23.3369998931885 24.7830009460449 24.8640003204346 25.2290000915527 24.5799999237061 -3.4e+38 -3.4e+38 -3.4e+38 -3.4e+38 -3.4e+38 -3.4e+38 -3.4e+38 -3.4e+38 -3.4e+38 -3.4e+38 -3.4e+38 -3.4e+38 -3.4e+38 -3.4e+38
19.0419998168945 19.7649993896484 22.0659999847412 22.5879993438721 22.8770008087158 22.7840003967285 23.1800003051758 24.0170001983643 23.6389999389648 23.7049999237061 21.6870002746582 18.6700000762939 14.1389999389648 11.6619997024536 8.83699989318848 8.45499992370605 10.8540000915527 13.8339996337891 16.1089992523193 17.4179992675781 17.806999206543 18.1270008087158 18.2649993896484 18.2849998474121 17.7329998016357 21.3850002288818 22.6149997711182 22.6800003051758 22.5139999389648 22.9820003509521 18.8040008544922 -3.4e+38 -3.4e+38 -3.4e+38 -3.4e+38 -3.4e+38 -3.4e+38 -3.4e+38 -3.4e+38 -3.4e+38 -3.4e+38 -3.4e+38 -3.4e+38 -3.4e+38 -3.4e+38 -3.4e+38
23.4720001220703 23.625 24.4559993743896 26.4389991760254 26.8600006103516 26.9979991912842 25.4449996948242 24.4120006561279 24.4379997253418 24.1539993286133 23.875 23.5639991760254 22.6979999542236 16.4650001525879 15.1829996109009 10.1990003585815 8.99499988555908 11.2390003204346 15.6890001296997 17.2259998321533 18.0200004577637 18.2709999084473 18.2970008850098 17.8990001678467 17.3689994812012 17.5410003662109 20.6119995117188 19.8659992218018 19.0830001831055 16.3950004577637 -3.4e+38 -3.4e+38 -3.4e+38 -3.4e+38 -3.4e+38 -3.4e+38 -3.4e+38 -3.4e+38 -3.4e+38 -3.4e+38 -3.4e+38 -3.4e+38 -3.4e+38 -3.4e+38 -3.4e+38 -3.4e+38
23.7959995269775 23.9820003509521 27.1520004272461 28.826000213623 28.8040008544922 28.0139999389648 25.8759994506836 24.7830009460449 27.3250007629395 27.3409996032715 24.4200000762939 23.867000579834 22.7110004425049 21.1539993286133 21.1790008544922 8.42300033569336 7.96700000762939 11.5089998245239 14.2440004348755 15.7749996185303 17.5300006866455 18.3320007324219 18.0160007476807 17.4990005493164 16.7759990692139 16.4109992980957 16.3689994812012 16.2700004577637 16.1119995117188 -3.4e+38 -3.4e+38 -3.4e+38 -3.4e+38 -3.4e+38 -3.4e+38 -3.4e+38 -3.4e+38 -3.4e+38 -3.4e+38 -3.4e+38 -3.4e+38 -3.4e+38 -3.4e+38 -3.4e+38 -3.4e+38 -3.4e+38
24.05299949646 25.1450004577637 27.5230007171631 29.9029998779297 29.5550003051758 29.0310001373291 27.9610004425049 28.6000003814697 29.8519992828369 29.9409999847412 25.761999130249 23.5160007476807 21.5130004882812 21.2280006408691 20.1509990692139 7.07200002670288 7.77199983596802 11.0869998931885 14.0469999313354 15.326000213623 17.0540008544922 17.875 17.4379997253418 16.7639999389648 16.2709999084473 16.3530006408691 16.431999206543 16.4589996337891 -3.4e+38 -3.4e+38 -3.4e+38 -3.4e+38 -3.4e+38 -3.4e+38 -3.4e+38 -3.4e+38 -3.4e+38 -3.4e+38 -3.4e+38 -3.4e+38 -3.4e+38 -3.4e+38 -3.4e+38 -3.4e+38 -3.4e+38 -3.4e+38
26.2509994506836 27.1019992828369 29.3190002441406 31.7220001220703 31.1580009460449 31.0069999694824 31.2089996337891 30.1450004577637 30.5139999389648 30.738000869751 28.7719993591309 24.6550006866455 21.8509998321533 20.3659992218018 15.8830003738403 9.95600032806396 7.0770001411438 8.91300010681152 13.2760000228882 13.9820003509521 15.3690004348755 15.956000328064 15.9350004196167 16.2140007019043 16.003999710083 16.0900001525879 14.9160003662109 -3.4e+38 -3.4e+38 -3.4e+38 -3.4e+38 -3.4e+38 -3.4e+38 -3.4e+38 -3.4e+38 -3.4e+38 -3.4e+38 -3.4e+38 -3.4e+38 -3.4e+38 -3.4e+38 -3.4e+38 -3.4e+38 -3.4e+38 -3.4e+38 -3.4e+38
26.2530002593994 27.6469993591309 30.7000007629395 32.4609985351562 33.5989990234375 34.1380004882812 33.9879989624023 33.132999420166 31.8929996490479 31.3330001831055 31.4349994659424 28.1319999694824 21.693000793457 21.1149997711182 13.7279996871948 10.7530002593994 7.72900009155273 10.0170001983643 12.9680004119873 13.8620004653931 14.4790000915527 14.5279998779297 14.3140001296997 15.371000289917 15.9809999465942 12.9530000686646 -3.4e+38 -3.4e+38 -3.4e+38 -3.4e+38 -3.4e+38 -3.4e+38 -3.4e+38 -3.4e+38 -3.4e+38 -3.4e+38 -3.4e+38 -3.4e+38 -3.4e+38 -3.4e+38 -3.4e+38 -3.4e+38 -3.4e+38 -3.4e+38 -3.4e+38 -3.4e+38
27.7819995880127 29.0440006256104 32.4930000305176 35.0480003356934 35.273998260498 35.1969985961914 35.2820014953613 35.431999206543 34.3660011291504 34.1879997253418 33.4410018920898 30.9330005645752 27.2339992523193 20.8439998626709 16.242000579834 9.57999992370605 9.05799961090088 11.1309995651245 12.1280002593994 12.8330001831055 12.9280004501343 12.4329996109009 11.3870000839233 12.5729999542236 11.0909996032715 -3.4e+38 -3.4e+38 -3.4e+38 -3.4e+38 -3.4e+38 -3.4e+38 -3.4e+38 -3.4e+38 -3.4e+38 -3.4e+38 -3.4e+38 -3.4e+38 -3.4e+38 -3.4e+38 -3.4e+38 -3.4e+38 -3.4e+38 -3.4e+38 -3.4e+38 -3.4e+38 -3.4e+38
30.1240005493164 33.0470008850098 34.9020004272461 35.1599998474121 35.2919998168945 36.0989990234375 36.0279998779297 35.9230003356934 35.6809997558594 34.8950004577637 34.1619987487793 32.6199989318848 30.2099990844727 14.4219999313354 17.4829998016357 12.5319995880127 9.01700019836426 8.36800003051758 8.84099960327148 11.1319999694824 10.4390001296997 9.45199966430664 8.94999980926514 -3.4e+38 -3.4e+38 -3.4e+38 -3.4e+38 -3.4e+38 -3.4e+38 -3.4e+38 -3.4e+38 -3.4e+38 -3.4e+38 -3.4e+38 -3.4e+38 -3.4e+38 -3.4e+38 -3.4e+38 -3.4e+38 -3.4e+38 -3.4e+38 -3.4e+38 -3.4e+38 -3.4e+38 -3.4e+38 -3.4e+38
32.7639999389648 34.5149993896484 35.4529991149902 35.5880012512207 36.1790008544922 37.1269989013672 36.7949981689453 36.1110000610352 35.6809997558594 35.0289993286133 33.2669982910156 31.9479999542236 27.7649993896484 25.5459995269775 22.3479995727539 12.6059999465942 8.66399955749512 5.07999992370605 7.07200002670288 8.9370002746582 8.125 8.23499965667725 -3.4e+38 -3.4e+38 -3.4e+38 -3.4e+38 -3.4e+38 -3.4e+38 -3.4e+38 -3.4e+38 -3.4e+38 -3.4e+38 -3.4e+38 -3.4e+38 -3.4e+38 -3.4e+38 -3.4e+38 -3.4e+38 -3.4e+38 -3.4e+38 -3.4e+38 -3.4e+38 -3.4e+38 -3.4e+38 -3.4e+38 -3.4e+38
