02_asc_chm-r50m/BR220O.asc
NCOLS 200 
NROWS 201 
XLLCORNER 539851.5 
YLLCORNER 5294703 
CELLSIZE 0.5 
NODATA_value -3.4e+38 
[rows 60 to 79 of 201, columns 0 to 45 of 200]
-3.4e+38 -3.4e+38 -3.4e+38 -3.4e+38 -3.4e+38 -3.4e+38 -3.4e+38 -3.4e+38 -3.4e+38 22.1310005187988 21.5890007019043 21.5540008544922 20.1319999694824 18.875 18.3330001831055 14.6090002059937 11.5620002746582 10.3769998550415 8.20800018310547 11.7410001754761 13.4250001907349 16.9440002441406 18.6499996185303 21.3409996032715 22.1940002441406 22.57200050354 23.0189990997314 22.568000793457 21.5559997558594 21.1669998168945 17.2980003356934 14.9739999771118 8.97700023651123 8.73400020599365 11.996000289917 19.382999420166 23.4979991912842 23.9860000610352 24.6420001983643 26.05299949646 28.0559997558594 29.1919994354248 30.2049999237061 28.3540000915527 27.5160007476807 27.9200000762939
-3.4e+38 -3.4e+38 -3.4e+38 -3.4e+38 -3.4e+38 -3.4e+38 -3.4e+38 -3.4e+38 21.7490005493164 21.0820007324219 20.4039993286133 20.8509998321533 19.4459991455078 18.9939994812012 16.7070007324219 14.0089998245239 12.1840000152588 9.01700019836426 5.85099983215332 5.57800006866455 12.2290000915527 17.4130001068115 19.32200050354 20.3139991760254 21.3400001525879 21.9939994812012 21.8470001220703 21.4349994659424 20.7469997406006 19.6040000915527 15.4919996261597 14.4790000915527 5.68400001525879 4.43900012969971 8.79399967193604 18.2240009307861 24.55299949646 25.6319999694824 26.9740009307861 28.3010005950928 30.0359992980957 31.1049995422363 31.6340007781982 30.4449996948242 29.7450008392334 28.3040008544922
-3.4e+38 -3.4e+38 -3.4e+38 -3.4e+38 -3.4e+38 -3.4e+38 -3.4e+38 -3.4e+38 19.8199996948242 19.7199993133545 18.2129993438721 19.0230007171631 18.2910003662109 16.4340000152588 14.6169996261597 13.3590002059937 10.4409999847412 7.30999994277954 4.14300012588501 1.29100000858307 11.5249996185303 14.9429998397827 17.5699996948242 18.4249992370605 19.8320007324219 20.9790000915527 20.8810005187988 19.1189994812012 19.2229995727539 15.7489995956421 14.2629995346069 13.2069997787476 7.39900016784668 13.3149995803833 18.4580001831055 21.8910007476807 24.3969993591309 26.7560005187988 27.9150009155273 30.2369995117188 31.3540000915527 31.8439998626709 31.871000289917 31.9820003509521 31.2029991149902 28.2950000762939
-3.4e+38 -3.4e+38 -3.4e+38 -3.4e+38 -3.4e+38 -3.4e+38 -3.4e+38 22.6180000305176 18.5060005187988 17.6720008850098 16.738000869751 15.4530000686646 17.7560005187988 15.2810001373291 13.2980003356934 10.7869997024536 8.27700042724609 5.29500007629395 2.24200010299683 1.79100000858307 5.11399984359741 10.3000001907349 14.4259996414185 15.1660003662109 18.0869998931885 18.5030002593994 17.988000869751 15.9899997711182 18.0330009460449 15.5209999084473 12.3769998550415 10.0959997177124 4.89400005340576 12.9420003890991 19.8479995727539 25.1830005645752 27.2490005493164 28.1060009002686 28.8999996185303 31.1140003204346 32.1860008239746 32.5019989013672 32.4119987487793 32.2669982910156 32.2319984436035 29.0849990844727
-3.4e+38 -3.4e+38 -3.4e+38 -3.4e+38 -3.4e+38 -3.4e+38 -3.4e+38 19.2730007171631 18.5130004882812 16.7350006103516 15.6029996871948 12.66100025177 13.8730001449585 11.710000038147 10.46399974823 8.125 5.70499992370605 3.19400000572205 1.625 1.94500005245209 3.42700004577637 4.19899988174438 8.6569995880127 13.9540004730225 17.4699993133545 17.7520008087158 16.4669990539551 15.1820001602173 15.3459997177124 15.3450002670288 7.87900018692017 4.88800001144409 3.30900001525879 14.673999786377 23.5659999847412 25.8169994354248 27.6650009155273 28.7940006256104 29.5400009155273 31.3299999237061 32.2169990539551 32.5970001220703 32.5180015563965 32.1969985961914 32.3209991455078 31.3680000305176
-3.4e+38 -3.4e+38 -3.4e+38 -3.4e+38 -3.4e+38 -3.4e+38 23.488000869751 20.9820003509521 19.7749996185303 16.9120006561279 13.5550003051758 8.61400032043457 7.89099979400635 7.38700008392334 6.81500005722046 4.63100004196167 2.43199992179871 1.03299999237061 1.97399997711182 2.37700009346008 3.45199990272522 4.06799983978271 4.28499984741211 4.55000019073486 3.53200006484985 12.0559997558594 11.4289999008179 12.3529996871948 10.1879997253418 9.51000022888184 2.54800009727478 2.75600004196167 3.14199995994568 12.4230003356934 21.6229991912842 24.1639995574951 25.451000213623 29.0300006866455 29.7110004425049 30.753999710083 31.8799991607666 32.3209991455078 32.314998626709 31.9869995117188 31.8759994506836 29.9419994354248
-3.4e+38 -3.4e+38 -3.4e+38 -3.4e+38 -3.4e+38 -3.4e+38 24.0179996490479 23.4349994659424 22.488000869751 18.511999130249 13.7969999313354 6.96500015258789 5.76900005340576 5.7480001449585 5.58099985122681 3.78399991989136 1.7389999628067 0.479999989271164 1.85399997234344 2.25600004196167 2.52300000190735 3.31599998474121 3.66700005531311 3.78399991989136 3.24900007247925 3.24300003051758 5.55000019073486 7.65399980545044 3.28099989891052 2.61199998855591 2.53999996185303 2.66700005531311 3.10999989509583 11.5640001296997 19.8899993896484 22.9500007629395 23.4249992370605 26.6119995117188 28.7880001068115 30.3239994049072 30.8290004730225 31.6439990997314 31.6389999389648 31.2169990539551 30.9640007019043 29.7290000915527
-3.4e+38 -3.4e+38 -3.4e+38 -3.4e+38 -3.4e+38 25.4559993743896 25.0450000762939 24.7959995269775 23.5310001373291 20.375 11.0500001907349 6.11999988555908 6.03999996185303 6.00500011444092 5.16200017929077 3.91000008583069 2.65700006484985 1.40499997138977 1.39800000190735 2.13599991798401 2.45900011062622 2.6029999256134 3.22300004959106 3.39199995994568 2.98900008201599 2.94700002670288 4.94500017166138 6.2039999961853 5.84499979019165 3.23600006103516 3.02099990844727 3.08400011062622 4.16099977493286 13.1499996185303 17.4580001831055 19.1889991760254 23.9290008544922 25.94700050354 27.6949996948242 29.3899993896484 30.1720008850098 30.2129993438721 30.4080009460449 30.0830001831055 30.1550006866455 28.8290004730225
-3.4e+38 -3.4e+38 -3.4e+38 -3.4e+38 -3.4e+38 25.7320003509521 24.4090003967285 24.0319995880127 22.2870006561279 19.7749996185303 15.1879997253418 5.86100006103516 5.77400016784668 5.60799980163574 4.59700012207031 3.50699996948242 2.38599991798401 1.20799994468689 1.07000005245209 1.77799999713898 2.34400010108948 2.25099992752075 2.51699995994568 2.62100005149841 2.68199992179871 2.51300001144409 5.61299991607666 6.36899995803833 6.26700019836426 5.64599990844727 5.52099990844727 5.30299997329712 8.01200008392334 10.0270004272461 14.1020002365112 16.6429996490479 22.9300003051758 24.9829998016357 27.1240005493164 28.5869998931885 28.5930004119873 28.4139995574951 29.2700004577637 29.1450004577637 27.0100002288818 27.8990001678467
-3.4e+38 -3.4e+38 -3.4e+38 -3.4e+38 -3.4e+38 25.867000579834 23.6420001983643 22.9050006866455 21.6720008850098 18.2569999694824 15.2200002670288 5.51700019836426 5.00600004196167 6.44299983978271 4.68699979782104 2.89499998092651 1.75399994850159 0.778999984264374 0.884999990463257 1.86600005626678 2.19099998474121 2.12299990653992 2.24499988555908 2.41400003433228 2.15400004386902 1.97599995136261 4.6399998664856 5.19500017166138 6.06300020217896 6.02199983596802 7.41400003433228 7.94000005722046 9.3149995803833 9.52400016784668 9.82100009918213 13.5229997634888 20.6079998016357 22.6940002441406 25.4559993743896 26.4190006256104 26.8560009002686 26.5160007476807 27.5779991149902 23.7080001831055 23.7080001831055 24.0370006561279
-3.4e+38 -3.4e+38 -3.4e+38 -3.4e+38 24.6900005340576 24.7800006866455 23.125 21.9330005645752 20.9799995422363 18.3770008087158 16.4860000610352 8.74300003051758 6.36399984359741 8.91800022125244 7.27099990844727 4.62599992752075 1.98099994659424 0.751999974250793 0.950999975204468 1.23599994182587 3.88899993896484 4.43400001525879 2.24499988555908 2.70300006866455 2.24399995803833 2.02999997138977 2.87599992752075 3.48399996757507 6.69799995422363 9.8439998626709 10.1879997253418 10.4870004653931 10.7480001449585 10.168999671936 10.0229997634888 11.539999961853 18.55299949646 20.7600002288818 23.1189994812012 23.8120002746582 24.7959995269775 25.1200008392334 24.4130001068115 23.681999206543 22.923999786377 19.8859996795654
-3.4e+38 -3.4e+38 -3.4e+38 -3.4e+38 23.6110000610352 21.6620006561279 20.2980003356934 20.0779991149902 20.1539993286133 16.076000213623 16.3080005645752 12.0729999542236 10.4720001220703 11.1719999313354 9.85499954223633 7.20900011062622 0.782999992370605 1.64300000667572 1.15100002288818 7 11.8809995651245 11.3179998397827 2.8840000629425 3.38499999046326 3.57599997520447 2.7590000629425 2.79299998283386 5.08799982070923 9.71700000762939 11.5190000534058 11.7130002975464 11.9130001068115 12.5389995574951 11.3809995651245 12.293999671936 17.068000793457 20.7730007171631 19.1700000762939 19.2999992370605 19.371000289917 20.6860008239746 21.2639999389648 23.5450000762939 23.3759994506836 20.8540000915527 10.9630002975464
-3.4e+38 -3.4e+38 -3.4e+38 -3.4e+38 22.1280002593994 20.9479999542236 20.3020000457764 20.0879993438721 19.0869998931885 17.048999786377 16.6499996185303 16.6140003204346 15.0179996490479 13.3070001602173 12.4379997253418 4.27600002288818 1.33700001239777 2.84699988365173 1.35000002384186 13.9739999771118 20.3129997253418 16.1420001983643 7.48299980163574 5.11100006103516 4.5460000038147 4.55800008773804 5.03499984741211 6.7039999961853 10.5050001144409 11.7480001449585 12.5129995346069 15.1579999923706 20.511999130249 20.5559997558594 21.07200050354 23.4699993133545 22.9839992523193 21.4349994659424 20.4850006103516 18.7639999389648 18.9309997558594 19.3680000305176 20.9379997253418 22.5639991760254 16.8010005950928 3.9779999256134
-3.4e+38 -3.4e+38 -3.4e+38 -3.4e+38 21.5240001678467 21.242000579834 19.6439990997314 18.875 18.0939998626709 17.5130004882812 17.4459991455078 17.4769992828369 17.048999786377 15.7189998626709 13.5930004119873 4.12400007247925 1.49699997901917 12.2580003738403 13.6520004272461 20.3759994506836 20.7469997406006 19.4570007324219 10.3739995956421 7.61999988555908 5.84299993515015 5.84999990463257 6.13299989700317 7.94500017166138 9.36200046539307 11.6120004653931 17.2310009002686 26.0130004882812 27.8409996032715 27.3939990997314 27.3330001831055 26.4710006713867 25.0060005187988 24.1189994812012 22.451000213623 18.7159996032715 17.6380004882812 18.0459995269775 19.6119995117188 20.82200050354 15.8520002365112 5.63600015640259
-3.4e+38 -3.4e+38 -3.4e+38 -3.4e+38 21.742000579834 20.7959995269775 17.5699996948242 16.9459991455078 18.128999710083 18.0540008544922 18.2970008850098 18.3719997406006 17.9540004730225 17.1240005493164 14.4160003662109 5.32600021362305 4.91599988937378 16.1809997558594 20.0100002288818 20.7119998931885 23.5069999694824 27.6259994506836 25.1259994506836 21.6770000457764 18.1359996795654 10.2770004272461 6.55800008773804 6.59600019454956 8.5959997177124 11.33899974823 22.2490005493164 29.5330009460449 30.4130001068115 29.746000289917 29.4419994354248 28.7789993286133 27.3050003051758 26.1560001373291 24.4489994049072 18.951000213623 17.5440006256104 17.8980007171631 18.3880004882812 19.0799999237061 15.2740001678467 11.0059995651245
-3.4e+38 -3.4e+38 -3.4e+38 -3.4e+38 21.80299949646 21.2339992523193 18.0359992980957 17.488000869751 18.3150005340576 18.6389999389648 18.9139995574951 19.136999130249 18.9710006713867 16.9479999542236 13.7889995574951 6.11700010299683 10.1160001754761 26.1100006103516 27.3579998016357 26.9780006408691 31.3349990844727 32.6440010070801 31.9300003051758 29.8929996490479 29.2810001373291 25.1580009460449 16.2250003814697 9.00500011444092 8.32999992370605 10.0659999847412 23.3719997406006 30.4710006713867 31.5209999084473 31.8229999542236 31.3509998321533 29.7220001220703 27.6240005493164 26.951000213623 25.3770008087158 19.3479995727539 17.4599990844727 17.8360004425049 18.7889995574951 18.6319999694824 18.5550003051758 16.875
-3.4e+38 -3.4e+38 -3.4e+38 21.613000869751 20.2700004577637 21.173999786377 18.2959995269775 17.4260005950928 18.1480007171631 18.6959991455078 19.0219993591309 19.17799949646 19.1909999847412 16.1749992370605 12.4020004272461 11.6829996109009 24.3840007781982 29.4780006408691 32.7540016174316 34.0270004272461 34.8230018615723 34.375 33.4029998779297 33.0369987487793 32.5839996337891 31.5590000152588 25.0510005950928 16.3799991607666 6.78800010681152 13.4200000762939 22.7770004272461 31.1070003509521 33.0439987182617 32.9360008239746 32.2700004577637 30.9850006103516 27.6989994049072 27.4440002441406 25.0510005950928 19.0590000152588 18.4349994659424 19.8899993896484 20.4029998779297 20.1030006408691 19.9930000305176 19.4120006561279
-3.4e+38 -3.4e+38 -3.4e+38 20.6940002441406 21.1889991760254 21.2639999389648 19.5979995727539 18.17799949646 18.2409992218018 18.5540008544922 18.9389991760254 18.826000213623 18.121000289917 14.7209997177124 13.8599996566772 16.6219997406006 25.6959991455078 31.1490001678467 34.673999786377 36.0349998474121 36.3549995422363 35.7319984436035 36.117000579834 35.7980003356934 34.351001739502 30.7630004882812 26.4810009002686 19.2229995727539 8.24499988555908 21.1770000457764 28.5289993286133 31.2520008087158 32.9550018310547 32.757999420166 32.2120018005371 30.6429996490479 28.4559993743896 28.0189990997314 26.326000213623 21.1420001983643 21.8169994354248 21.951000213623 22.1959991455078 22.0639991760254 21.0739994049072 20.8910007476807
-3.4e+38 -3.4e+38 -3.4e+38 21.9829998016357 22.242000579834 21.4060001373291 20.3509998321533 18.621000289917 18.0209999084473 18.1380004882812 18.5939998626709 18.2999992370605 17.5790004730225 15.6759996414185 16.5 20.7339992523193 27.1319999694824 32.7449989318848 35.5050010681152 36.8650016784668 37.8199996948242 37.9140014648438 37.8120002746582 37.4420013427734 35.4099998474121 31.1459999084473 26.3589992523193 21.5179996490479 18.8999996185303 25.806999206543 28.3920001983643 31.1200008392334 31.7479991912842 32.060001373291 31.82200050354 29.9109992980957 29.0580005645752 27.1900005340576 24.882999420166 24.7310009002686 24.6730003356934 24.8600006103516 24.4750003814697 24.4069995880127 21.5799999237061 21.1310005187988
-3.4e+38 -3.4e+38 -3.4e+38 23.1770000457764 21.7299995422363 21.1189994812012 19.6000003814697 17.8339996337891 16.7719993591309 16.9540004730225 17.0030002593994 17.2490005493164 17.2430000305176 16.0820007324219 21.5389995574951 25.1040000915527 29.2189998626709 34.2799987792969 36.7089996337891 37.9669990539551 38.939998626709 38.8170013427734 38.0870018005371 36.9010009765625 34.8370018005371 34.3400001525879 27.3619995117188 25.8579998016357 23.3649997711182 23.5400009155273 25.9599990844727 28.7639999389648 30.621000289917 30.5520000457764 30.5820007324219 28.7159996032715 28.0389995574951 26.8129997253418 24.9720001220703 24.7210006713867 25.8040008544922 26.0820007324219 26.1720008850098 25.4060001373291 22.3899993896484 22.0869998931885
