02_asc_chm-r50m/BR221X.asc
NCOLS 201 
NROWS 201 
XLLCORNER 525657 
YLLCORNER 5300981 
CELLSIZE 0.5 
NODATA_value -3.4e+38 
[rows 100 to 119 of 201, columns 138 to 183 of 201]
23.0060005187988 22.5279998779297 21.6879997253418 19.3780002593994 16.7409992218018 17.0319995880127 16.625 16.3229999542236 18.3409996032715 18.1650009155273 15.6079998016357 11.8520002365112 10.9790000915527 10.668999671936 12.8839998245239 13.1780004501343 13.0819997787476 11.6429996490479 10.4099998474121 13.9359998703003 11.7150001525879 8.82800006866455 7.08199977874756 6.50299978256226 6.74900007247925 10.7290000915527 13.6750001907349 12.5480003356934 11.0690002441406 10.2480001449585 9.51000022888184 9.57699966430664 8.55500030517578 7.40000009536743 9.82900047302246 12.6510000228882 13.793999671936 14.1540002822876 14.9969997406006 15.9130001068115 16.9899997711182 17.5790004730225 18.8610000610352 19.0230007171631 18.2199993133545 16.1509990692139
22.5629997253418 21.3250007629395 22.511999130249 22.1809997558594 22.2180004119873 20.306999206543 18.9599990844727 21.6149997711182 23.367000579834 22.92799949646 20.6070003509521 17.9769992828369 15.3800001144409 10.8780002593994 7.5019998550415 8.29800033569336 7.69500017166138 6.50600004196167 7.07600021362305 7.06699991226196 6.99399995803833 6.22800016403198 5.36199998855591 6.97399997711182 8.3149995803833 12.5790004730225 15.7489995956421 15.4499998092651 13.4980001449585 11.3850002288818 14.0069999694824 12.9540004730225 12.3489999771118 10.6319999694824 11.3520002365112 12.2950000762939 13.4770002365112 13.9650001525879 15.1370000839233 16.6000003814697 17.3369998931885 18.1809997558594 19.4479999542236 19.1749992370605 18.0249996185303 16.3549995422363
21.4060001373291 19.2660007476807 24.3509998321533 25.9370002746582 26.076000213623 25.3920001983643 25.003999710083 26.7129993438721 25.6790008544922 25.3099994659424 24.1709995269775 22.3470001220703 16.8379993438721 12.5030002593994 8.4689998626709 7.0019998550415 6.55900001525879 6.13399982452393 6.48299980163574 6.80999994277954 6.56300020217896 6.02199983596802 6.78200006484985 10.6169996261597 12.1890001296997 16.7439994812012 16.7180004119873 17.375 14.5629997253418 13.3479995727539 16.2250003814697 15.6660003662109 13.9589996337891 12.1750001907349 9.96100044250488 11.8299999237061 13.6680002212524 14.1099996566772 15.7080001831055 16.863000869751 17.136999130249 17.9230003356934 18.798999786377 18.3619995117188 16.8799991607666 15.6129999160767
20.1439990997314 22.1420001983643 26.2150001525879 28.5769996643066 27.7369995117188 29.2240009307861 31.4549999237061 31.7390003204346 30.2569999694824 26.9769992828369 25.738000869751 25.4680004119873 20.1720008850098 15.2489995956421 11.6920003890991 7.62400007247925 6.23299980163574 5.90999984741211 6.14200019836426 6.0149998664856 6.26700019836426 7.0939998626709 9.99300003051758 12.7880001068115 16.6380004882812 18.3600006103516 19.5830001831055 19.5690002441406 17.7369995117188 17.3519992828369 18.0289993286133 16.8040008544922 15.6280002593994 14.5050001144409 10.3109998703003 12.3249998092651 14.0100002288818 14.3889999389648 14.875 16.3859996795654 17.0499992370605 17.7509994506836 18.0319995880127 17.1860008239746 16.3980007171631 14.9169998168945
21.5189990997314 28.7929992675781 32.2400016784668 33.1800003051758 35.3940010070801 35.3059997558594 35.6549987792969 34.9020004272461 34.6319999694824 30.9489994049072 27.1539993286133 25.7569999694824 26.6520004272461 22.0189990997314 14.3059997558594 7.62099981307983 5.72100019454956 5.3600001335144 4.9520001411438 4.60300016403198 4.67600011825562 6.70800018310547 11.5860004425049 13.9519996643066 17.0540008544922 18.9419994354248 20.3419990539551 20.7709999084473 20.3320007324219 19.9759998321533 19.0779991149902 17.375 16.1949996948242 15.4139995574951 11.4650001525879 13.4449996948242 14.2030000686646 14.7220001220703 14.9250001907349 15.5329999923706 15.9870004653931 16.4750003814697 16.0470008850098 14.9919996261597 14.8249998092651 14.5749998092651
29.8250007629395 32.7610015869141 33.5589981079102 38.2999992370605 39.6720008850098 39.0610008239746 38.5270004272461 38.6110000610352 37.898998260498 36.1650009155273 33.8839988708496 29.9029998779297 28.6340007781982 25.193000793457 15.5880002975464 7.48099994659424 5.6710000038147 5.18900012969971 4.86999988555908 4.40100002288818 4.59800004959106 8.06799983978271 11.7349996566772 15.9090003967285 14.4969997406006 17.4640007019043 21.238000869751 21.5559997558594 20.4769992828369 20.7730007171631 20.4300003051758 18.6919994354248 16.8680000305176 13.5539999008179 12.3839998245239 13.3970003128052 14.2419996261597 14.2919998168945 14.201000213623 14.5649995803833 14.7679996490479 14.4320001602173 13.1499996185303 13.503999710083 14.289999961853 13.8610000610352
33.0699996948242 32.9259986877441 35.4659996032715 39.1389999389648 40.0099983215332 39.6780014038086 39.2039985656738 38.9959983825684 38.4990005493164 38.117000579834 35.3250007629395 29.9890003204346 29.1989994049072 29.0160007476807 23.0300006866455 8.66399955749512 7.57200002670288 5.76200008392334 5.3289999961853 5.14300012588501 4.58500003814697 10.6719999313354 11.8000001907349 16.5890007019043 17.886999130249 20.5470008850098 21.6270008087158 22.4479999542236 21.9220008850098 21.0970001220703 20.9459991455078 19.8610000610352 19.3409996032715 19.6060009002686 11.3970003128052 12.7239999771118 13.5150003433228 13.326000213623 12.9399995803833 13.4790000915527 13.3970003128052 12.6969995498657 12.0120000839233 12.326000213623 13.1309995651245 12.8319997787476
33.4690017700195 33.1319999694824 35.8800010681152 39.7299995422363 40.0730018615723 39.2379989624023 38.7649993896484 38.6150016784668 38.3610000610352 38.2309989929199 37.6259994506836 32.1619987487793 30.7080001831055 29.4790000915527 28.2560005187988 13.3760004043579 7.2979998588562 6.01999998092651 5.71099996566772 5.59600019454956 10.9729995727539 13.2679996490479 15.4589996337891 17.8959999084473 19.4610004425049 21.07200050354 22.2590007781982 23.1959991455078 23.3570003509521 22.5790004730225 21.4640007019043 20.3419990539551 20.3309993743896 19.423999786377 14.8660001754761 12.7349996566772 12.4870004653931 12.4420003890991 12.1330003738403 12.335000038147 12.2889995574951 12.1850004196167 11.8439998626709 11.3669996261597 10.9209995269775 11.4700002670288
33.6279983520508 33.2330017089844 35.2610015869141 40.2319984436035 40.7830009460449 39.185001373291 38.9860000610352 38.9269981384277 38.8800010681152 38.7690010070801 38.5629997253418 35.1030006408691 31.8700008392334 29.7029991149902 27.6310005187988 18.0319995880127 6.79300022125244 6.19700002670288 6.7039999961853 9.49300003051758 12.1400003433228 13.9399995803833 15.8039999008179 16.7800006866455 19.5160007476807 20.4220008850098 21.7329998016357 23.1229991912842 23.3400001525879 22.9370002746582 22.1830005645752 20.9799995422363 20.7560005187988 17.826000213623 12.8330001831055 13.5869998931885 13.5579996109009 13.3500003814697 11.3929996490479 11.1070003509521 11.3009996414185 10.8149995803833 10.798999786377 10.7530002593994 10.8470001220703 10.7779998779297
33.6160011291504 36.4000015258789 38.6730003356934 41.0110015869141 41.0309982299805 40.9169998168945 40.9440002441406 40.2270011901855 39.1609992980957 38.6189994812012 38.6360015869141 37.7560005187988 32.5709991455078 28.136999130249 20.4580001831055 10.0579996109009 9.36999988555908 7.95100021362305 8.63799953460693 9.07299995422363 9.66800022125244 12.0419998168945 14.8179998397827 15.7869997024536 17.806999206543 19.1800003051758 21.011999130249 22.1299991607666 23.242000579834 23.0030002593994 22.1599998474121 21.2849998474121 21.0279998779297 21.7350006103516 13.9370002746582 16.2110004425049 16.9829998016357 17.2740001678467 15.08899974823 12.460000038147 10.2950000762939 9.79500007629395 9.1569995880127 9.22900009155273 10.0080003738403 10.0909996032715
38.1440010070801 39.7210006713867 39.9080009460449 40.5209999084473 41.1269989013672 41.6769981384277 41.9099998474121 40.898998260498 39.6679992675781 38.6129989624023 38.4900016784668 38.4090003967285 34.3269996643066 28.82200050354 21.0340003967285 12.4659996032715 9.10900020599365 8.94799995422363 8.87199974060059 8.9069995880127 8.99100017547607 9.93000030517578 13.4490003585815 15.5220003128052 17.2929992675781 18.7810001373291 21.6560001373291 24.4099998474121 25.1989994049072 24.7980003356934 24.7350006103516 23.1569995880127 21.0139999389648 22.7000007629395 20.1189994812012 17.6089992523193 17.3239994049072 16.3299999237061 14.246000289917 12.0419998168945 9.60799980163574 8.8149995803833 7.54699993133545 8.31400012969971 8.86600017547607 9.04599952697754
40.1389999389648 39.7680015563965 39.7750015258789 39.6279983520508 40.7249984741211 41.5900001525879 41.7789993286133 41.1310005187988 39.6279983520508 38.4809989929199 38.2919998168945 38.2120018005371 38.2210006713867 32.0830001831055 27.6650009155273 19.5219993591309 9.36100006103516 8.2819995880127 8.0930004119873 9.17599964141846 9.53299999237061 10.6070003509521 10.6260004043579 14.7030000686646 16.4340000152588 20.8139991760254 24.503999710083 25.9130001068115 25.9780006408691 25.9169998168945 26.0139999389648 24.3129997253418 23.2299995422363 23.7089996337891 24.8229999542236 21.4440002441406 17.5599994659424 16.5440006256104 13.4820003509521 12.4659996032715 8.7189998626709 8.17700004577637 7.7039999961853 8.26700019836426 8.70600032806396 8.91399955749512
40.3779983520508 40.0550003051758 39.7330017089844 39.7620010375977 39.6380004882812 40.1980018615723 40.5040016174316 40.3269996643066 39.5089988708496 38.1349983215332 38.0890007019043 38.0709991455078 37.9029998779297 34.9059982299805 30.0330009460449 24.7509994506836 15.5749998092651 8.13599967956543 8.76299953460693 9.4370002746582 12.7969999313354 10.0179996490479 10.951000213623 11.7679996490479 14.4849996566772 24.6030006408691 24.548999786377 26.6509990692139 27.2749996185303 27.8840007781982 29.1040000915527 27.5610008239746 25.5550003051758 24.826000213623 25.1040000915527 22.8929996490479 22.3460006713867 20.0879993438721 14.4390001296997 14.4610004425049 10.2629995346069 7.75600004196167 7.19999980926514 7.52400016784668 8.17899990081787 11.2519998550415
40.5390014648438 40.7820014953613 40.4700012207031 40.0069999694824 39.810001373291 39.9679985046387 40.0660018920898 39.6609992980957 38.9780006408691 38.3359985351562 37.9360008239746 37.625 35.5480003356934 31.8129997253418 31.4009990692139 24.4759998321533 13.3479995727539 9.05399990081787 9.37100028991699 17.5879993438721 22.7490005493164 17.4029998779297 17.6030006408691 18.9629993438721 20.25 22.8150005340576 26.4829998016357 27.8120002746582 29.4640007019043 30.4790000915527 30.7950000762939 30.5259990692139 28.693000793457 28.6200008392334 26.507999420166 24.3810005187988 22.3309993743896 20.7390003204346 15.2049999237061 15.6730003356934 14.0920000076294 13.3590002059937 10.3900003433228 7.50299978256226 10.7650003433228 12.5719995498657
35.9490013122559 39.9449996948242 41.3680000305176 40.9469985961914 40.2309989929199 39.5120010375977 39.0499992370605 38.8740005493164 39.1419982910156 38.8689994812012 38.2109985351562 36.8940010070801 34.576000213623 32.0699996948242 30.7569999694824 20.2089996337891 11.6470003128052 8.85299968719482 9.44499969482422 15.0609998703003 18.1040000915527 17.5669994354248 22.0259990692139 21.701000213623 21.9419994354248 24.6149997711182 28.4939994812012 28.8899993896484 30.4009990692139 30.7180004119873 31.1520004272461 31.6049995422363 31.1140003204346 30.6669998168945 27.5629997253418 25.1700000762939 23.886999130249 22.507999420166 18.5060005187988 16.5270004272461 16.2159996032715 16.0219993591309 12.7200002670288 8.77299976348877 11.2080001831055 12.1780004501343
31.511999130249 37.5740013122559 40.6349983215332 41.0530014038086 40.064998626709 39.2719993591309 38.2529983520508 38.5359992980957 39.0620002746582 39.0660018920898 38.6580009460449 36.9440002441406 34.7729988098145 33.1119995117188 27.3759994506836 15.2040004730225 6.88500022888184 7.99399995803833 8.8430004119873 8.40499973297119 9.02299976348877 12.6759996414185 22.2040004730225 21.9150009155273 21.7849998474121 26.5620002746582 29.3080005645752 30.8780002593994 31.8920001983643 31.9340000152588 32.0960006713867 32.1679992675781 31.742000579834 30.7630004882812 28.7000007629395 26.6539993286133 26.6399993896484 25.4230003356934 22.7970008850098 21.1079998016357 14.1230001449585 12.9700002670288 9.55099964141846 7.88600015640259 8.56400012969971 11.5179996490479
27.5139999389648 38.4000015258789 40.9189987182617 41.0499992370605 39.8870010375977 38.3440017700195 37.4140014648438 38.0579986572266 38.6040000915527 38.5130004882812 38.4630012512207 36.2150001525879 33.8709983825684 31.3500003814697 22.3610000610352 9.56700038909912 5.84600019454956 6.88199996948242 7.13700008392334 8.41600036621094 16.7670001983643 20.3759994506836 23.0839996337891 22.7259998321533 22.6469993591309 26.6940002441406 30.3889999389648 31.8139991760254 32.6129989624023 32.8400001525879 33.1959991455078 33.2319984436035 32.3940010070801 31.3490009307861 30.3880004882812 28.9599990844727 27.8810005187988 25.1700000762939 18.9790000915527 14.9429998397827 9.45499992370605 9.10799980163574 8.84200000762939 8.17700004577637 7.00600004196167 9.48600006103516
23.1200008392334 34.060001373291 39.0900001525879 39.5800018310547 38.8230018615723 37.4679985046387 37.0229988098145 37.1189994812012 37.5390014648438 36.9700012207031 36.0970001220703 33.7550010681152 28.988000869751 25.511999130249 16.2910003662109 8.18900012969971 5.68200016021729 6.60699987411499 7.02799987792969 16.2169990539551 23.0769996643066 23.6319999694824 23.6089992523193 23.2369995117188 23.3819999694824 29.9529991149902 30.4169998168945 31.7719993591309 32.8619995117188 33.5620002746582 34.2369995117188 34.0719985961914 32.5110015869141 31.3579998016357 30.7049999237061 29.2280006408691 27.1730003356934 22.7509994506836 15.456000328064 14.7530002593994 9.45499992370605 9.07900047302246 8.61900043487549 7.74700021743774 6.42600011825562 6.49700021743774
14.2620000839233 27.8509998321533 31.9160003662109 37.6609992980957 38.431999206543 37.4199981689453 36.9869995117188 36.6129989624023 36.0849990844727 34.3499984741211 33.976001739502 32.1319999694824 26.382999420166 19.0319995880127 11.326000213623 4.87400007247925 5.22499990463257 5.93800020217896 5.33699989318848 7.84200000762939 17.7689990997314 19.6219997406006 23.9750003814697 26.1700000762939 26.1350002288818 30.0709991455078 30.6089992523193 31.6809997558594 32.601001739502 33.4879989624023 33.8810005187988 33.9949989318848 32.8810005187988 31.8659992218018 30.492000579834 29.1809997558594 26.6089992523193 22.7900009155273 20.2250003814697 19.4899997711182 15.8520002365112 10.9759998321533 9.13300037384033 7.57200002670288 6.54400014877319 6.6729998588562
15.4569997787476 19.5769996643066 18.2999992370605 30.9529991149902 36.7750015258789 36.4010009765625 35.1069984436035 34.314998626709 34.1559982299805 33.0550003051758 32.7719993591309 28.5590000152588 25.3570003509521 14.5989999771118 5.98600006103516 4.6710000038147 4.62599992752075 4.71400022506714 4.51800012588501 6.16800022125244 12.043999671936 15.1999998092651 21.0349998474121 25.1860008239746 26.2390003204346 28.7730007171631 29.5279998779297 30.7360000610352 31.9500007629395 32.6769981384277 32.9570007324219 33.0550003051758 32.3460006713867 30.6900005340576 29.2360000610352 28.2350006103516 26.7520008087158 25.4650001525879 22.9780006408691 20.6760005950928 14.4910001754761 12.2550001144409 9.81599998474121 8.87199974060059 8.36699962615967 7.18400001525879
