02_asc_chm-r50m/BR221E.asc
NCOLS 200 
NROWS 199 
XLLCORNER 530302.5 
YLLCORNER 5291126.5 
CELLSIZE 0.5 
NODATA_value -3.4e+38 
[rows 100 to 119 of 199, columns 138 to 183 of 200]
24.6909999847412 25.0900001525879 22.9459991455078 19.4969997406006 18.0739994049072 13.8030004501343 9.28600025177002 3.98200011253357 2.4779999256134 1.08599996566772 1.16799998283386 1.07700002193451 0.866999983787537 4.375 10.2760000228882 15.4099998474121 18.6000003814697 18.8560009002686 20.6700000762939 20.8330001831055 20.6580009460449 20.25 20.2980003356934 19.1569995880127 18.4909992218018 11.7130002975464 9.56799983978271 4.74700021743774 1.00199997425079 2.58699989318848 18.753999710083 29.7600002288818 31.2189998626709 33.8639984130859 34.8160018920898 35.8849983215332 36.1259994506836 37.1879997253418 37.2760009765625 37.1380004882812 36.9850006103516 35.9889984130859 34.3419990539551 33.5410003662109 33.2729988098145 22.7740001678467
25.1580009460449 26.3770008087158 25.5590000152588 20.7819995880127 20.9249992370605 21.3490009307861 18.3390007019043 14.503999710083 10.081000328064 6.73899984359741 2.14199995994568 1.33800005912781 1.65699994564056 11.9689998626709 16.4459991455078 18.3090000152588 18.7280006408691 20.3640003204346 21.4559993743896 21.7549991607666 21.8810005187988 22.1509990692139 21.9459991455078 19.2689990997314 15.4230003356934 10.7189998626709 8.40799999237061 4.56099987030029 2.37299990653992 3.25099992752075 19.636999130249 29.4750003814697 31.1690006256104 33.5149993896484 35.1370010375977 36.2439994812012 36.9080009460449 37.6069984436035 37.8950004577637 37.9039993286133 37.3009986877441 35.6629981994629 34.5719985961914 34.5660018920898 32.4370002746582 24.0009994506836
27.7569999694824 28.2600002288818 27.4050006866455 24.4549999237061 25.2000007629395 24.6060009002686 21.056999206543 16.8770008087158 13.4720001220703 9.76200008392334 5.18800020217896 1.61500000953674 1.06599998474121 9.11800003051758 16.5319995880127 17.6119995117188 19.3780002593994 20.5839996337891 23.2759990692139 24.0610008239746 24.003999710083 22.7819995880127 22.5659999847412 20.3680000305176 14.0209999084473 10.6999998092651 9.07499980926514 6.15000009536743 4.3439998626709 4.2960000038147 17.3519992828369 28.2479991912842 29.6800003051758 32.6809997558594 34.9690017700195 35.7290000915527 37.2519989013672 37.875 38.4039993286133 37.8810005187988 37.3310012817383 36.7379989624023 35.1100006103516 33.476001739502 31.8099994659424 29.6089992523193
29.1550006866455 30.2679996490479 28.9479999542236 27.5179996490479 26.0030002593994 26.0410003662109 21.6590003967285 17.7099990844727 14.6319999694824 11.3940000534058 9.58800029754639 9.37899971008301 13.3050003051758 14.0249996185303 16.576000213623 16.8290004730225 19.7280006408691 21.2210006713867 23.7730007171631 25.246000289917 25.2040004730225 24.7080001831055 21.371000289917 18.7310009002686 16.3939990997314 16.0979995727539 18.6609992980957 15.7370004653931 12.4729995727539 8.19200038909912 8.29199981689453 19.6840000152588 27.6650009155273 29.8299999237061 33.0089988708496 35.6459999084473 37.1150016784668 37.4620018005371 38.0589981079102 37.681999206543 37.1549987792969 36.7449989318848 33.8199996948242 31.9599990844727 29.8490009307861 24.9570007324219
31.5669994354248 31.7280006408691 30.8740005493164 29.8610000610352 26.9729995727539 25.923999786377 23.6159992218018 19.0470008850098 16.7660007476807 14.1499996185303 11.503999710083 13.4259996414185 15.8090000152588 16.4020004272461 19.556999206543 18.0349998474121 19.8780002593994 21.8700008392334 24.1450004577637 25.3159999847412 25.3939990997314 25.0860004425049 22.2159996032715 18.9860000610352 20.4599990844727 20.9640007019043 20.738000869751 22.173999786377 21.0979995727539 19.5659999847412 17.3540000915527 24.42799949646 27.8059997558594 29.4820003509521 32.5989990234375 35.4830017089844 36.5190010070801 36.9889984130859 37.1279983520508 37.1689987182617 36.4669990539551 35.5719985961914 32.1100006103516 30.7959995269775 27.5060005187988 22.8899993896484
31.9050006866455 31.9559993743896 31.9290008544922 31.3910007476807 28.8320007324219 25.9769992828369 24.1560001373291 20.5109996795654 17.7220001220703 14.0520000457764 14.3929996490479 16.7800006866455 17.9990005493164 17.3439998626709 19.9669990539551 20.0769996643066 21.9340000152588 22.9109992980957 24.5440006256104 25.0480003356934 25.1800003051758 22.9529991149902 22.1410007476807 18.8689994812012 23.3579998016357 24.7299995422363 22.6560001373291 26.4990005493164 25.4230003356934 22.951000213623 20.0769996643066 23.6909999847412 28.1079998016357 29.9549999237061 33.3489990234375 35.3009986877441 35.4099998474121 36.6030006408691 36.3610000610352 36.439998626709 36.0940017700195 35.4309997558594 32.0139999389648 28.3959999084473 23.6420001983643 23.386999130249
32.0460014343262 32.1759986877441 32.0289993286133 31.3560009002686 28.3959999084473 25.9680004119873 24.3819999694824 22.0669994354248 17.2339992523193 14.6520004272461 13.1359996795654 17.0160007476807 18.3349990844727 18.1520004272461 20.4729995727539 21.6700000762939 23.57200050354 24.5139999389648 23.8460006713867 23.7469997406006 23.2919998168945 22.181999206543 22.1620006561279 24.2360000610352 26.6560001373291 27.6650009155273 25.6499996185303 28.451000213623 27.8209991455078 25.1450004577637 23.8799991607666 27.5359992980957 29.7689990997314 31.7469997406006 35.5289993286133 37.2490005493164 37.1030006408691 36.7750015258789 36.1290016174316 35.9589996337891 35.4420013427734 34.6549987792969 33.3790016174316 30.3250007629395 27.8290004730225 24.4990005493164
31.5540008544922 31.5900001525879 31.5540008544922 30.0599994659424 28.5450000762939 26.3159999847412 22.9230003356934 21.9220008850098 16.8810005187988 16.076000213623 14.8299999237061 16.1800003051758 18.4810009002686 20.5879993438721 22.0709991455078 21.6560001373291 24.2210006713867 25.3490009307861 26.3519992828369 25.5699996948242 25.2080001831055 25.0429992675781 24.1800003051758 26.1620006561279 27.3700008392334 29.2800006866455 29.7730007171631 29.7880001068115 28.3150005340576 27.4039993286133 29.3810005187988 31.4340000152588 33.7709999084473 35.9360008239746 38.3470001220703 38.4440002441406 37.851001739502 37.4809989929199 36.4910011291504 35.0449981689453 33.867000579834 32.8689994812012 29.0230007171631 25.0709991455078 20.1860008239746 23.1389999389648
30.7240009307861 30.7859992980957 31.0130004882812 30.2689990997314 27.9799995422363 24.9519996643066 21.568000793457 20.1240005493164 17.0069999694824 17.625 18.9549999237061 19.2229995727539 20.2630004882812 22.1240005493164 22.7059993743896 22.6720008850098 25.8740005493164 26.4109992980957 26.7810001373291 27.6429996490479 27.0440006256104 25.8379993438721 27.0400009155273 28.5249996185303 29.6870002746582 31.4680004119873 31.6240005493164 31.7450008392334 32.0639991760254 30.3519992828369 32.6590003967285 35.2760009765625 37.3349990844727 39.3709983825684 39.9249992370605 40.1209983825684 40.2830009460449 39.4480018615723 35.7490005493164 33.6689987182617 33.3479995727539 31.5429992675781 26.6200008392334 23.6380004882812 22.5699996948242 22.1879997253418
27.8929996490479 29.5779991149902 29.80299949646 26.5200004577637 25.1879997253418 22.9829998016357 20.9589996337891 19.32200050354 18.6569995880127 19.5839996337891 20.3460006713867 20.8059997558594 21.9519996643066 21.94700050354 24.3040008544922 24.9790000915527 26.9529991149902 27.0319995880127 26.7390003204346 28.1650009155273 28.4669990539551 27.4090003967285 29.7929992675781 30.8339996337891 30.9270000457764 32.0099983215332 32.2270011901855 32.1990013122559 32.3019981384277 32.6959991455078 34.0390014648438 37.9249992370605 39.8600006103516 40.8919982910156 41.5639991760254 41.9189987182617 41.3160018920898 39.9850006103516 36.2490005493164 34.3219985961914 33.4160003662109 31.2759990692139 26.1140003204346 22.1749992370605 21.3110008239746 21.7019996643066
25.5930004119873 26.3689994812012 27.3560009002686 23.0820007324219 20.8139991760254 19.7029991149902 21.9720001220703 20.9039993286133 21.9680004119873 22.2980003356934 23.2290000915527 23.761999130249 21.9029998779297 20.9260005950928 24.1030006408691 26.8409996032715 27.7399997711182 28.67799949646 28.4270000457764 29.253999710083 28.806999206543 28.238000869751 28.7150001525879 30.7509994506836 32.4199981689453 33.5019989013672 33.2949981689453 32.8680000305176 32.5750007629395 32.117000579834 32.701000213623 37.3779983520508 39.992000579834 41.2949981689453 42.6510009765625 43.2029991149902 42.3979988098145 40.2360000610352 37.6969985961914 35.826000213623 33.3460006713867 30.8889999389648 25.4309997558594 20.8649997711182 19.9699993133545 19.6229991912842
24.068000793457 24.4109992980957 25.2150001525879 23.3740005493164 20.2600002288818 19.6669998168945 20.9069995880127 21.55299949646 23.4759998321533 23.92799949646 24.7089996337891 25.1770000457764 23.2059993743896 22.9479999542236 24.1550006866455 27.1499996185303 28.0060005187988 29.4699993133545 30.2630004882812 29.5860004425049 29.2660007476807 29.4979991912842 29.6219997406006 31.6979999542236 33.3730010986328 34.0229988098145 34.2770004272461 34.101001739502 33.0019989013672 32.4160003662109 31.5310001373291 37.0209999084473 39.5550003051758 41.4010009765625 43.0309982299805 43.4570007324219 42.6199989318848 41.1790008544922 39.2960014343262 37.6069984436035 33.0279998779297 30.6469993591309 24.7900009155273 19.4909992218018 15.8140001296997 15.8900003433228
23.5779991149902 23.6709995269775 24.7970008850098 19.4449996948242 17.8659992218018 18.7229995727539 21.0400009155273 22.2339992523193 24.7919998168945 25.4290008544922 25.0909996032715 25.8640003204346 25.5809993743896 24.9120006561279 25.5389995574951 26.423999786377 27.4839992523193 28.6599998474121 29.6620006561279 29.7189998626709 29.8199996948242 30.132999420166 30.8349990844727 33.3870010375977 33.9980010986328 34.556999206543 34.8120002746582 34.8019981384277 34.1829986572266 33.2470016479492 31.8010005950928 35.2809982299805 38.8199996948242 41.3740005493164 41.5849990844727 42.1580009460449 42.3209991455078 41.1450004577637 39.4729995727539 38.2620010375977 35.0120010375977 25.4710006713867 18.5830001831055 18.3449993133545 15.8999996185303 16.8419990539551
21.6690006256104 24.7110004425049 23.1459999084473 23.5030002593994 21.613000869751 21.5109996795654 22.8579998016357 24.3330001831055 25.5410003662109 26.5090007781982 26.3579998016357 26.1590003967285 26.2350006103516 24.2849998474121 24.5330009460449 24.9610004425049 26.0820007324219 27.5970001220703 28.4990005493164 29.1560001373291 29.6889991760254 30.0990009307861 30.3740005493164 33.2779998779297 33.8110008239746 34.7630004882812 34.9420013427734 34.9650001525879 34.4210014343262 32.4220008850098 32.935001373291 34.8759994506836 38.0769996643066 40.2140007019043 39.6720008850098 40.3409996032715 41.0890007019043 40.1780014038086 38.3429985046387 34.273998260498 34.382999420166 25.8400001525879 16.6550006866455 16.5909996032715 15.9379997253418 16.9640007019043
26.3619995117188 30.0440006256104 30.9519996643066 29.0289993286133 25.9029998779297 21.9500007629395 25.2649993896484 25.3899993896484 26.2430000305176 27.5209999084473 27.0219993591309 26.6140003204346 25.6040000915527 23.8330001831055 23.943000793457 23.5410003662109 26.117000579834 27.2320003509521 27.2740001678467 27.1049995422363 28.8610000610352 29.8199996948242 30.0750007629395 31.9740009307861 32.8540000915527 34.3819999694824 34.6730003356934 34.8320007324219 33.6080017089844 32.609001159668 31.6200008392334 31.5769996643066 34.7330017089844 38.1020011901855 38.7529983520508 39.3479995727539 39.2179985046387 37.6710014343262 34.0069999694824 28.3379993438721 27.7150001525879 27.8290004730225 16.7779998779297 16.1410007476807 14.923999786377 14.3559999465942
31.0200004577637 31.6040000915527 31.7789993286133 30.8159999847412 30.2509994506836 25.7849998474121 27.2000007629395 25.621000289917 26.3099994659424 28.3540000915527 26.9619998931885 25.8409996032715 25.7919998168945 25.443000793457 24.326000213623 22.6060009002686 25.8999996185303 25.5629997253418 25.82200050354 26.4389991760254 28.3689994812012 29.6110000610352 29.7630004882812 30.5209999084473 31.6539993286133 33.5009994506836 33.6240005493164 33.3740005493164 32.4169998168945 32.2760009765625 31.6879997253418 32.0449981689453 33.9039993286133 35.6300010681152 37.4860000610352 36.6290016174316 37.0989990234375 35.0989990234375 32.0830001831055 28.2439994812012 27.6539993286133 28.0330009460449 23.8819999694824 17.1790008544922 12.6800003051758 12.8629999160767
32.0499992370605 32.568000793457 32.8240013122559 32.6119995117188 32.1990013122559 31.6469993591309 29.9190006256104 26.2740001678467 23.8409996032715 26.8209991455078 25.2749996185303 25.7019996643066 25.8899993896484 25.1350002288818 23.3640003204346 22.4340000152588 23.0349998474121 24.6200008392334 24.8570003509521 25.5699996948242 25.9820003509521 28.0639991760254 28.9440002441406 29.7229995727539 31.0939998626709 31.6580009460449 31.3780002593994 31.3549995422363 31.4710006713867 31.2609996795654 31.4050006866455 31.2569999694824 29.0520000457764 31.617000579834 33.2799987792969 32.0219993591309 33.0419998168945 33.5250015258789 30.6679992675781 28.6180000305176 25.8090000152588 26.4780006408691 25.7719993591309 12.7130002975464 12.4010000228882 11.6180000305176
33.1119995117188 34.0499992370605 34.0519981384277 33.6769981384277 33.4729995727539 32.6040000915527 31.8969993591309 29.3239994049072 25.4489994049072 24.1149997711182 24.3090000152588 24.2180004119873 22.636999130249 23.1809997558594 21.5480003356934 20.75 17.8390007019043 21.798999786377 23.6259994506836 23.4340000152588 22.8910007476807 25.5179996490479 27.0650005340576 27.4839992523193 29.9200000762939 30.4850006103516 30.7749996185303 31.1060009002686 31.0860004425049 29.7660007476807 29.6749992370605 29.257999420166 26.246000289917 26.7940006256104 28.3040008544922 28.8579998016357 30.1200008392334 30.2919998168945 28.2329998016357 26.7290000915527 21.882999420166 18.4740009307861 15.9029998779297 12.7440004348755 9.48400020599365 9.06700038909912
34.7150001525879 35.6959991455078 35.2280006408691 34.6030006408691 34.0029983520508 32.5979995727539 31.9570007324219 28.9400005340576 23.7189998626709 21.8080005645752 21.82200050354 20.6240005493164 21.5499992370605 20.9009990692139 18.7980003356934 16.378999710083 17.3729991912842 19.7940006256104 21.6749992370605 19.3799991607666 20.5779991149902 23.5330009460449 25.1490001678467 25.507999420166 29.4619998931885 29.7870006561279 30.1790008544922 30.4459991455078 30.738000869751 28.0200004577637 26.8099994659424 26.5370006561279 24.2339992523193 24.5279998779297 24.1189994812012 24.8010005950928 26.9570007324219 26.2450008392334 23.576000213623 24.5470008850098 19.2129993438721 15.3929996490479 12.8529996871948 12.4879999160767 9.14999961853027 8.34799957275391
35.0769996643066 35.9630012512207 36.1669998168945 35.3009986877441 34.8059997558594 33.2919998168945 32.185001373291 26.7789993286133 21.125 21.8600006103516 18.988000869751 18.8309993743896 20.2770004272461 20.07200050354 18.4039993286133 16.681999206543 17.92799949646 18.8589992523193 19.0219993591309 18.8279991149902 19.9139995574951 23.2299995422363 24.9459991455078 25.4290008544922 27.05299949646 27.8390007019043 28.7070007324219 27.7819995880127 28.2740001678467 25.6310005187988 25.3419990539551 24.6149997711182 21.3479995727539 19.82200050354 19.8880004882812 22.0149993896484 21.3229999542236 21.0270004272461 20.246000289917 21.9599990844727 15.5550003051758 12.7919998168945 12.1459999084473 12.128999710083 9.62600040435791 8.41600036621094
