02_asc_chm-r50m/BR222Y.asc
NCOLS 200 
NROWS 200 
XLLCORNER 535914 
YLLCORNER 5299595.5 
CELLSIZE 0.5 
NODATA_value -3.4e+38 
[rows 80 to 99 of 200, columns 46 to 91 of 200]
8.48600006103516 10.0329999923706 10.8629999160767 11.9659996032715 15.4820003509521 12.71399974823 13.3500003814697 13.0799999237061 10.128999710083 8.21100044250488 6.93100023269653 6.20800018310547 6.02600002288818 4.61499977111816 3.67899990081787 2.63800001144409 2.3659999370575 2.12199997901917 1.43299996852875 2.25099992752075 2.63599991798401 2.13599991798401 6.23000001907349 9.67500019073486 13.121000289917 16.5659999847412 19.7609996795654 23.1720008850098 27.3910007476807 29.4640007019043 30.503999710083 30.4519996643066 30.257999420166 29.6690006256104 29.6569995880127 29.8929996490479 29.5179996490479 29.6849994659424 29.9850006103516 32.1080017089844 32.9809989929199 33.3470001220703 32.4129981994629 32.0660018920898 29.0440006256104 27.3719997406006
8.77200031280518 10.2829999923706 16.4139995574951 18.1550006866455 20.2229995727539 18.6700000762939 16.3449993133545 14.2419996261597 12.5719995498657 8.32100009918213 7.19600009918213 6.15899991989136 6.02099990844727 5.57499980926514 4.59100008010864 4.4980001449585 4.51200008392334 4.73999977111816 5.55100011825562 6.55100011825562 6.93200016021729 5.89200019836426 5.03399991989136 8.54800033569336 13.0579996109009 17.0620002746582 20.2639999389648 21.3299999237061 25.8320007324219 27.8150005340576 29.8150005340576 29.1749992370605 29.8229999542236 31.1420001983643 31.2199993133545 31.3360004425049 30.6560001373291 30.1599998474121 30.2399997711182 30.173999786377 30.5340003967285 31.4589996337891 29.9200000762939 28.2859992980957 26.246000289917 23.4689998626709
8.40499973297119 9.49699974060059 16.1420001983643 22.5060005187988 23.0580005645752 23.2000007629395 22.6040000915527 20.6700000762939 16.382999420166 12.1090002059937 6.69600009918213 6.26399993896484 5.77199983596802 5.42999982833862 5.74300003051758 9.24400043487549 9.20199966430664 8.91300010681152 9.67000007629395 10.8500003814697 11.1780004501343 9.77700042724609 8.84200000762939 7.98400020599365 10.451000213623 14.9610004425049 19.3659992218018 20.117000579834 21.5869998931885 24.2320003509521 26.613000869751 29.9050006866455 30.7800006866455 32.0499992370605 32.4729995727539 32.5890007019043 32.0670013427734 30.2229995727539 29.7789993286133 29.1319999694824 28.7840003967285 28.9909992218018 28.8110008239746 27.3980007171631 22.9379997253418 18.2360000610352
17.0389995574951 18.1940002441406 21.0020008087158 23.4190006256104 25.5219993591309 26.1979999542236 25.3229999542236 25.3010005950928 22.2029991149902 17.1569995880127 5.92500019073486 5.14799976348877 5.03299999237061 4.48299980163574 7.57999992370605 11.6479997634888 13.9350004196167 13.5120000839233 13.7880001068115 15.1490001678467 15.1330003738403 13.7279996871948 12.6499996185303 11.7919998168945 10.9340000152588 12.3540000915527 15.8669996261597 17.5330009460449 20.2150001525879 22.3190002441406 26.9220008850098 30.0750007629395 30.8430004119873 32.8349990844727 33.6580009460449 33.5579986572266 32.0470008850098 30.2089996337891 28.3759994506836 27.8050003051758 27.1319999694824 25.5709991455078 26.298999786377 14.9930000305176 6.90700006484985 9.88500022888184
25.0219993591309 24.875 25.0890007019043 26.5359992980957 27.5249996185303 27.9060001373291 26.8110008239746 25.1949996948242 24.3530006408691 18.1100006103516 8.29100036621094 4.05700016021729 3.66000008583069 2.34400010108948 9.02000045776367 14.0450000762939 17.6840000152588 18.1110000610352 18.0289993286133 19.4479999542236 19.0869998931885 17.6800003051758 16.4580001831055 15.6000003814697 14.7430000305176 13.2379999160767 12.46399974823 14.3420000076294 16.2560005187988 22.318000793457 27.5739994049072 29.1270008087158 30.3419990539551 31.7749996185303 32.9589996337891 32.3959999084473 31.2530002593994 30.1940002441406 28.1809997558594 25.6529998779297 23.6380004882812 20.3810005187988 18.6049995422363 7.46600008010864 8.26399993896484 9.46399974822998
27.8379993438721 27.8099994659424 28.1499996185303 28.875 29.05299949646 29.1499996185303 28.1979999542236 25.2679996490479 23.636999130249 20.7759990692139 14.0220003128052 7.40899991989136 3.99200010299683 6.34600019454956 11.2779998779297 16.44700050354 19.3360004425049 19.3460006713867 18.9549999237061 22.7159996032715 23.0419998168945 21.6310005187988 20.2660007476807 16.9409999847412 13.2030000686646 11.1960000991821 12.1560001373291 4.52099990844727 12.3879995346069 22.7980003356934 25.8430004119873 27.875 30.3560009002686 30.9750003814697 31.8129997253418 30.7859992980957 30.3899993896484 30.1679992675781 28.1900005340576 26.0109996795654 22.1919994354248 22.1849994659424 20.548999786377 15.8059997558594 9.62100028991699 9.04399967193604
29.556999206543 29.55299949646 29.4139995574951 30.6580009460449 30.6380004882812 30.3560009002686 29.0580005645752 24.9060001373291 24.4260005950928 21.6650009155273 19.7530002593994 13.8610000610352 10.5659999847412 12.4689998626709 17.7399997711182 20.7259998321533 20.9080009460449 21.2830009460449 22.3850002288818 23.5440006256104 24.9139995574951 23.742000579834 21.1660003662109 18.6630001068115 12.9390001296997 14.8800001144409 15.6899995803833 15.8249998092651 18.0739994049072 15.7679996490479 21.6229991912842 26.2360000610352 28.4629993438721 30.4689998626709 30.1709995269775 29.5590000152588 29.121000289917 28.6760005950928 27.3490009307861 26.3579998016357 22.7450008392334 22.3330001831055 21.7830009460449 19.5189990997314 16.7089996337891 13.3940000534058
30.9360008239746 31.2390003204346 30.1410007476807 31.3570003509521 32.4169998168945 31.5330009460449 29.7350006103516 27.7889995574951 27.2830009460449 22.5540008544922 20.19700050354 20.3229999542236 16.7889995574951 19.4979991912842 21.3509998321533 22.7970008850098 26.0930004119873 26.2110004425049 26.363000869751 27.923999786377 27.7770004272461 26.5300006866455 25.056999206543 21.5580005645752 18.2089996337891 17.617000579834 18.0709991455078 18.2110004425049 18.011999130249 17.6450004577637 20.0020008087158 23.1949996948242 24.7520008087158 27.1870002746582 28.9249992370605 28.5170001983643 27.2639999389648 27.3349990844727 26.8729991912842 24.9990005493164 23.8330001831055 23.2509994506836 21.5049991607666 19.94700050354 18.9750003814697 16.19700050354
32.0989990234375 32.359001159668 30.5790004730225 31.4650001525879 32.3839988708496 32.4339981079102 30.5259990692139 29.3579998016357 27.9360008239746 24.2220001220703 22.2129993438721 20.4969997406006 20.7240009307861 21.5949993133545 22.1380004882812 22.4729995727539 26.3209991455078 28.1870002746582 28.2880001068115 28.5750007629395 28.9099998474121 28.1690006256104 27.576000213623 24.6450004577637 19.4580001831055 18.7630004882812 18.7369995117188 18.8349990844727 18.8080005645752 17.9120006561279 14.9930000305176 18.3700008392334 21.4890003204346 21.5499992370605 25.5049991607666 26.3859996795654 26.3169994354248 26.5879993438721 26.9650001525879 26.2889995574951 25.0790004730225 23.6849994659424 21.3840007781982 20.94700050354 19.1949996948242 16.2770004272461
31.8969993591309 31.9619998931885 31.4950008392334 32.0610008239746 32.2249984741211 32.0530014038086 31.0090007781982 30.1660003662109 28.5879993438721 25.3640003204346 23.1089992523193 20.753999710083 19.8950004577637 22.4759998321533 23.0049991607666 25.5009994506836 27.1310005187988 30.1439990997314 31.6149997711182 32.3950004577637 30.4599990844727 28.9370002746582 28.7880001068115 25.7140007019043 19.2910003662109 19.5380001068115 19.371000289917 19.2789993286133 18.7630004882812 17.9680004119873 16.4720001220703 16.0669994354248 19.8740005493164 20.7840003967285 22.6860008239746 24.0249996185303 25.5809993743896 26.7240009307861 27.0279998779297 26.6700000762939 25.4799995422363 23.7679996490479 22.4500007629395 21.7770004272461 18.7040004730225 15.1260004043579
31.1889991760254 31.1529998779297 30.9440002441406 30.9349994659424 30.7360000610352 30.0979995727539 29.613000869751 29.2180004119873 27.0629997253418 24.7320003509521 23.2490005493164 21.9860000610352 21.6760005950928 23.4400005340576 22.9729995727539 25.5869998931885 30.5900001525879 32.5250015258789 32.9780006408691 32.9220008850098 32.3660011291504 29.6660003662109 28.9899997711182 28.7779998779297 21.1900005340576 19.5709991455078 20.1700000762939 19.761999130249 19.1639995574951 18.5189990997314 16.8409996032715 16.5520000457764 18.6690006256104 20.4039993286133 22.0200004577637 23.0979995727539 25.4969997406006 26.6800003051758 26.6480007171631 26.2140007019043 25.0060005187988 23.6019992828369 22.4769992828369 20.6079998016357 17.0520000457764 15.4119997024536
29.8950004577637 29.2269992828369 28.2670001983643 28.6350002288818 28.3360004425049 28.4080009460449 27.4899997711182 27.5639991760254 25.0769996643066 22.8500003814697 23.2770004272461 23.3560009002686 23.6879997253418 25.0060005187988 25.3460006713867 26.2189998626709 28.9829998016357 32.2589988708496 33.1689987182617 33.4129981994629 32.8170013427734 29.6410007476807 25.6870002746582 23.2919998168945 20.5440006256104 19.1159992218018 19.7490005493164 19.2199993133545 19.0289993286133 18.1450004577637 16.8540000915527 16.3279991149902 18.32200050354 20.2070007324219 21.6240005493164 23.0699996948242 24.7660007476807 25.8020000457764 25.5610008239746 25.2290000915527 24.3199996948242 23.7779998779297 21.757999420166 19.9379997253418 18.3209991455078 17.8649997711182
28.2590007781982 27.8010005950928 27.3780002593994 26.5170001983643 26.2180004119873 27.2630004882812 27.5470008850098 27.2469997406006 24.9309997558594 23.6180000305176 24.1089992523193 24.621000289917 24.8229999542236 25.6569995880127 26.7290000915527 27.4349994659424 29.0130004882812 30.3719997406006 32.0470008850098 32.8120002746582 31.6259994506836 29.5060005187988 27.548999786377 22.1350002288818 21.0559997558594 18.8080005645752 19.1429996490479 18.6480007171631 17.7180004119873 17.3059997558594 16.4020004272461 16.4099998474121 18.8010005950928 19.7099990844727 20.3349990844727 21.7549991607666 22.0909996032715 24.4500007629395 24.4080009460449 24.2140007019043 22.7320003509521 21.628999710083 21.05299949646 18.0020008087158 17.3519992828369 17.7660007476807
26.0769996643066 26.2450008392334 26.2749996185303 26.1720008850098 27.4160003662109 27.9930000305176 28.0769996643066 26.8010005950928 24.5890007019043 24.1219997406006 24.2679996490479 25.4990005493164 26.0009994506836 26.2770004272461 27.4169998168945 28.7530002593994 29.0900001525879 28.6340007781982 29.0049991607666 30.6770000457764 30.7089996337891 29.3169994354248 28.4300003051758 25.2950000762939 20.2479991912842 18.5830001831055 18.193000793457 17.7189998626709 17.0060005187988 16.4950008392334 15.8579998016357 16.0349998474121 18.1450004577637 19.2590007781982 20.0779991149902 20.8339996337891 21.3810005187988 22.4160003662109 23.056999206543 22.8199996948242 21.7950000762939 21.2590007781982 19.9500007629395 17.2490005493164 16.5879993438721 16.7740001678467
23.363000869751 24.4139995574951 25.4640007019043 27.0779991149902 27.9629993438721 29.07200050354 28.2700004577637 27.9729995727539 25.8990001678467 24.8640003204346 25.7840003967285 26.6889991760254 26.7530002593994 26.5750007629395 27.5520000457764 27.9270000457764 27.8810005187988 27.7970008850098 28.742000579834 29.0820007324219 29.1879997253418 28.173999786377 26.0330009460449 22.7129993438721 19.382999420166 17.4340000152588 17.3479995727539 16.8579998016357 16.5109996795654 16.1280002593994 14.9860000610352 15.2379999160767 17.7700004577637 19.2749996185303 19.9459991455078 20.931999206543 21.1310005187988 21.2159996032715 22.4020004272461 22.2900009155273 21.5349998474121 20.9099998474121 20.2660007476807 17.3470001220703 16.3819999694824 16.0130004882812
21.2859992980957 22.4909992218018 23.5219993591309 27.2210006713867 29.1189994812012 29.9309997558594 29.6790008544922 29.1639995574951 27.4750003814697 25.298999786377 25.5179996490479 26.4580001831055 26.6809997558594 26.0939998626709 26.5540008544922 26.7369995117188 26.7919998168945 27.201000213623 26.6660003662109 28.7830009460449 27.4069995880127 24.8409996032715 21.6790008544922 19.8589992523193 18.8619995117188 17.136999130249 16.6919994354248 16.4869995117188 16.1550006866455 15.9169998168945 14.0450000762939 14.9720001220703 18.0130004882812 20.5230007171631 20.1019992828369 21.1979999542236 21.6539993286133 21.5540008544922 21.4570007324219 21.3379993438721 21.2980003356934 20.9220008850098 20.9309997558594 16.7049999237061 16.9080009460449 15.7279996871948
22.44700050354 22.4340000152588 23.0270004272461 27.6679992675781 29.1609992980957 30.1690006256104 30.3050003051758 29.0289993286133 27.5270004272461 25.9610004425049 25.9729995727539 26.0209999084473 26.1180000305176 24.5709991455078 26.0459995269775 26.5990009307861 25.8700008392334 24.9360008239746 23.6959991455078 25.6089992523193 24.1630001068115 23.1860008239746 20.2329998016357 19.6180000305176 18.05299949646 16.2049999237061 16.2029991149902 15.6190004348755 14.496000289917 13.9700002670288 13.8690004348755 17.1219997406006 19.2320003509521 22.5960006713867 23.257999420166 23.238000869751 21.8330001831055 21.878999710083 21.5419998168945 21.5289993286133 21.6520004272461 20.6860008239746 21.5429992675781 22.1480007171631 23.2119998931885 20.757999420166
23.2590007781982 23.5550003051758 23.8110008239746 27.0909996032715 27.9580001831055 28.8659992218018 29.132999420166 28.6919994354248 26.2310009002686 24.4230003356934 24.1119995117188 25.2390003204346 24.548999786377 23.9330005645752 23.4969997406006 24.8719997406006 25.1580009460449 22.9740009307861 22.4220008850098 22.6800003051758 21.8810005187988 21.1389999389648 19.3980007171631 18.2509994506836 17.7849998474121 16.2169990539551 15.7799997329712 14.4540004730225 12.1639995574951 14.3339996337891 17.2469997406006 19.7129993438721 19.7229995727539 24.3349990844727 24.3279991149902 24.2210006713867 24.0400009155273 23.7310009002686 23.238000869751 22.9820003509521 22.4899997711182 22.0370006561279 21.9340000152588 23.9529991149902 24.9179992675781 24.246000289917
22.4909992218018 23.4599990844727 23.0990009307861 26.1730003356934 26.2430000305176 27.3589992523193 27.8239994049072 27.0639991760254 25.2789993286133 23.8980007171631 23.1539993286133 23.423999786377 23.3339996337891 23.0069999694824 22.6359996795654 22.5750007629395 22.9990005493164 22.068000793457 21.4330005645752 21.2220001220703 20.9640007019043 19.2080001831055 17.8899993896484 16.8409996032715 16.6569995880127 16.4869995117188 16.0100002288818 15.7659997940063 15.6599998474121 16.0060005187988 18.6509990692139 23.3020000457764 23.2730007171631 25.2649993896484 25.3540000915527 25.3020000457764 25.6889991760254 25.0639991760254 24.2819995880127 24.5879993438721 24.0860004425049 23.9459991455078 24.6480007171631 25.4309997558594 25.6709995269775 26.9190006256104
22.7059993743896 22.6660003662109 21.6259994506836 25.0709991455078 24.9589996337891 25.2070007324219 25.2679996490479 25.201000213623 24.4209995269775 23.7140007019043 23.1119995117188 21.9020004272461 21.6200008392334 21.988000869751 21.9379997253418 22.0279998779297 21.7180004119873 20.6019992828369 20.8040008544922 20.3680000305176 19.4820003509521 17.4909992218018 16.0130004882812 15.8909997940063 15.585000038147 15.1719999313354 13.8479995727539 15.3020000457764 15.4650001525879 17.7970008850098 21.3110008239746 24.8500003814697 26.0319995880127 26.4050006866455 26.576000213623 26.5900001525879 26.4130001068115 26.1569995880127 24.6469993591309 24.7509994506836 26.0970001220703 27.8169994354248 28.0149993896484 29.1450004577637 28.8549995422363 28.9780006408691
