02_asc_chm-r50m/BR222B.asc
NCOLS 201 
NROWS 200 
XLLCORNER 536995 
YLLCORNER 5292540 
CELLSIZE 0.5 
NODATA_value -3.4e+38 
[rows 100 to 119 of 200, columns 92 to 137 of 201]
23.693000793457 20.8229999542236 20.0930004119873 19.1180000305176 13.1540002822876 11.7670001983643 9.52999973297119 12.1459999084473 13.3809995651245 18.511999130249 19.5580005645752 20.6879997253418 21.9069995880127 24.7639999389648 28.6940002441406 33.8079986572266 35.6500015258789 34.5530014038086 30.257999420166 31.5550003051758 32.0169982910156 34.2599983215332 35.5800018310547 33.2910003662109 30.4580001831055 25.9120006561279 25.757999420166 25.7889995574951 23.5659999847412 19.3509998321533 17.6399993896484 21.7189998626709 23.3910007476807 23.7040004730225 24.0919990539551 27.5869998931885 29.6219997406006 30.882999420166 32.6220016479492 32.6809997558594 32.443000793457 32.8839988708496 33.1459999084473 32.7089996337891 32.693000793457 32.2960014343262
23.2649993896484 21.0790004730225 20.1849994659424 19.3589992523193 16.9449996948242 14.668999671936 10.3269996643066 9.49600028991699 11.8610000610352 17.3519992828369 18.4309997558594 19.1830005645752 20.4729995727539 22.7169990539551 25.8369998931885 26.5599994659424 31.1630001068115 29.9130001068115 28.9720001220703 30.6060009002686 31.1439990997314 33.0820007324219 32.9160003662109 29.4290008544922 26.9860000610352 24.4300003051758 23.9619998931885 24.0200004577637 20.8969993591309 17.8570003509521 14.4940004348755 17.9190006256104 21.1650009155273 24.2929992675781 25.0340003967285 27.8120002746582 28.9150009155273 30.3470001220703 30.7390003204346 31.6439990997314 32.2270011901855 32.5960006713867 32.9140014648438 32.7039985656738 32.2709999084473 31.6259994506836
22.8780002593994 21.2870006561279 19.4080009460449 19.4090003967285 17.5900001525879 15.6840000152588 10.3459997177124 12.581000328064 17.7889995574951 16.6889991760254 18.1760005950928 19.0690002441406 18.9839992523193 19.7679996490479 23.2159996032715 24.2229995727539 24.3649997711182 25.9139995574951 27.3159999847412 28.5709991455078 28.0790004730225 28.4899997711182 27.3279991149902 27.0009994506836 25.632999420166 23.4850006103516 23.6429996490479 21.988000869751 18.1180000305176 17.8309993743896 16.2880001068115 19.0279998779297 21.1049995422363 24.0240001678467 25.746000289917 26.2040004730225 27.8589992523193 29.2290000915527 30.0030002593994 31.011999130249 31.4309997558594 32.015998840332 32.1310005187988 32.4249992370605 32.2709999084473 31.2280006408691
21.9340000152588 19.4419994354248 19.0839996337891 18.7569999694824 16.6149997711182 13.4060001373291 9.41800022125244 8.09899997711182 14.6750001907349 17.0480003356934 18.0809993743896 18.5839996337891 18.2299995422363 18.9519996643066 20.9899997711182 21.4750003814697 23.9060001373291 25.1159992218018 25.3600006103516 26.6019992828369 25.0799999237061 26.0310001373291 26.7689990997314 25.4290008544922 24.0459995269775 22.4619998931885 21.5699996948242 20.4099998474121 18.9939994812012 18.6439990997314 19.7810001373291 20.5419998168945 21.5310001373291 24.2320003509521 25.8439998626709 27.2889995574951 28.6650009155273 29.5249996185303 30.2369995117188 30.2409992218018 30.67799949646 31.7759990692139 31.613000869751 31.7569999694824 31.8150005340576 31.0450000762939
21.2910003662109 19.5230007171631 18.8560009002686 18.2950000762939 15.1850004196167 9.38899993896484 7.58599996566772 7.93200016021729 11.3369998931885 14.1560001373291 15.5329999923706 16.1459999084473 17.9939994812012 19.2210006713867 20.3549995422363 21.1590003967285 22.05299949646 23.9629993438721 24.0259990692139 25.3649997711182 25.0440006256104 25.19700050354 25.9529991149902 25.257999420166 25.3290004730225 25.1700000762939 24.3190002441406 22.2129993438721 21.613000869751 21.5690002441406 22.4260005950928 22.4179992675781 22.4419994354248 24.2159996032715 26.8880004882812 28.0189990997314 29.3460006713867 30.0709991455078 30.0410003662109 29.6870002746582 29.4190006256104 30.443000793457 31.2189998626709 31.2110004425049 30.9080009460449 31.011999130249
20.923999786377 19.9769992828369 20.0130004882812 18.7129993438721 17.8549995422363 12.3240003585815 7.43900012969971 7.76300001144409 7.83400011062622 11.5590000152588 10.6180000305176 11.1809997558594 16.0580005645752 17.7059993743896 18.1949996948242 20.1979999542236 22.4659996032715 22.6219997406006 24.0769996643066 25.1280002593994 25.121000289917 25.4440002441406 26.0030002593994 26.1110000610352 26.2220001220703 26.1770000457764 25.7089996337891 24.1539993286133 23.6030006408691 23.3390007019043 23.2560005187988 22.9769992828369 22.6760005950928 23.6310005187988 26.0170001983643 27.5580005645752 28.9360008239746 29.6700000762939 29.4500007629395 29.2399997711182 29.2140007019043 30.0750007629395 30.3719997406006 30.7830009460449 30.9790000915527 31.7430000305176
22.3099994659424 21.44700050354 20.9839992523193 18.9519996643066 17.9209995269775 14.7700004577637 8.74400043487549 7.12400007247925 7.38100004196167 6.05700016021729 10.0109996795654 12.3120002746582 13.831000328064 16.4500007629395 18.5009994506836 22.7789993286133 23.6639995574951 22.9479999542236 24.0909996032715 25.7409992218018 26.1030006408691 27.0739994049072 27.5209999084473 27.0909996032715 26.9689998626709 26.7649993896484 26.4729995727539 25.4860000610352 24.5849990844727 23.8649997711182 23.6319999694824 23.3419990539551 22.9780006408691 23.2029991149902 25.0650005340576 26.9139995574951 28.056999206543 28.9039993286133 28.625 28.1989994049072 28.0820007324219 28.306999206543 29.0480003356934 30.431999206543 31.1979999542236 32.173999786377
23.4090003967285 22.6100006103516 21.7959995269775 18.9790000915527 18.0359992980957 8.81999969482422 6.68300008773804 6.84200000762939 5.84600019454956 3.18300008773804 3.71700000762939 13.2360000610352 15.58899974823 19.0799999237061 22.7880001068115 25.4619998931885 24.1469993591309 23.3560009002686 25.1639995574951 26.1509990692139 26.6879997253418 27.3600006103516 27.9650001525879 28.4120006561279 28.4300003051758 27.2250003814697 27.0060005187988 25.7119998931885 25.1450004577637 24.443000793457 24.1809997558594 23.818000793457 23.0340003967285 23.0219993591309 23.7390003204346 25.4400005340576 26.9389991760254 27.2709999084473 27.2399997711182 27.2409992218018 27.3959999084473 27.6110000610352 28.0359992980957 29.4190006256104 30.9099998474121 31.1539993286133
24.4249992370605 22.9689998626709 22.4080009460449 21.0939998626709 17.1830005645752 7.05399990081787 6.22800016403198 6.36199998855591 5.45900011062622 2.86800003051758 3.01799988746643 11.21399974823 18.6879997253418 21.6259994506836 24.7639999389648 26.0520000457764 26.2649993896484 26.1760005950928 27.0349998474121 26.69700050354 26.92799949646 27.6669998168945 28.7730007171631 29.3110008239746 29.0879993438721 27.9860000610352 27.2399997711182 26.5170001983643 26.0310001373291 25.1030006408691 25.2630004882812 24.5930004119873 22.9060001373291 22.7649993896484 23.4039993286133 24.0400009155273 25.3929996490479 25.0620002746582 25.3449993133545 26.0249996185303 26.3430004119873 26.6049995422363 26.4069995880127 28.0370006561279 30.0450000762939 30.4619998931885
24.3770008087158 23.0799999237061 21.9330005645752 18.9759998321533 12.2279996871948 7.73999977111816 6.85300016403198 6.41599988937378 5.04400014877319 2.41400003433228 7.38399982452393 4.91300010681152 18.07200050354 24.931999206543 26.1480007171631 27.6100006103516 28.5060005187988 29.0009994506836 28.7150001525879 28.8299999237061 28.4740009307861 28.7189998626709 29.6439990997314 29.4950008392334 28.8610000610352 28.0879993438721 27.6560001373291 27.1940002441406 26.7740001678467 25.8959999084473 25.4689998626709 24.3470001220703 22.6079998016357 22.6219997406006 23.2770004272461 26.4729995727539 27.3600006103516 26.4769992828369 26.3409996032715 26.2649993896484 26.4190006256104 26.3509998321533 26.568000793457 28.2059993743896 28.8470001220703 29.0130004882812
24.0890007019043 22.6219997406006 20.451000213623 17.0319995880127 9.67399978637695 8.05399990081787 6.51800012588501 5.61800003051758 4.16599988937378 1.97099995613098 14.9930000305176 16.0020008087158 22.7199993133545 26.5139999389648 28.1040000915527 29.1040000915527 30.0690002441406 30.4150009155273 30.2199993133545 30.05299949646 29.6350002288818 28.5450000762939 29.4290008544922 29.5820007324219 28.9020004272461 27.9909992218018 27.4659996032715 26.7840003967285 26.9810009002686 26.2019996643066 26.6889991760254 25.1620006561279 22.6350002288818 24.0769996643066 23.5830001831055 26.7700004577637 28.2569999694824 28.6040000915527 28.1870002746582 27.0470008850098 27.0109996795654 26.4790000915527 27.3169994354248 26.6709995269775 26.3400001525879 26.1079998016357
25.253999710083 22.996000289917 19.8600006103516 15.9820003509521 8.41899967193604 7.64499998092651 6.52500009536743 5.18900012969971 4.68699979782104 2.81399989128113 15.0559997558594 22.0809993743896 23.7469997406006 27.2469997406006 28.8099994659424 30.4389991760254 31.4489994049072 31.9689998626709 31.3169994354248 31.1770000457764 30.6240005493164 27.9750003814697 28.6119995117188 28.8490009307861 28.0860004425049 27.875 27.0960006713867 25.943000793457 25.6319999694824 25.1730003356934 28.9090003967285 28.6940002441406 27.2439994812012 26.8010005950928 25.068000793457 27.2320003509521 28.6830005645752 29.1229991912842 29.0610008239746 29.5820007324219 28.4570007324219 28.4529991149902 27.6590003967285 26.2749996185303 25.7670001983643 24.863000869751
25.2770004272461 22.9599990844727 19.4869995117188 15.1029996871948 9.88799953460693 8.38799953460693 8.50800037384033 10.6059999465942 10.3219995498657 11.3159999847412 18.8010005950928 22.1860008239746 24.0839996337891 26.871000289917 29.4379997253418 31.6760005950928 33.0340003967285 33.3470001220703 32.5429992675781 32.0699996948242 31.3500003814697 29.9349994659424 29.2290000915527 27.8269996643066 27.8959999084473 27.8250007629395 27.7150001525879 27.2700004577637 25.9610004425049 25.8400001525879 29.681999206543 30.7369995117188 29.1989994049072 27.8159999847412 25.9729995727539 28.3600006103516 30.5200004577637 31.2019996643066 31.5419998168945 31.673999786377 31 30.0830001831055 28.6660003662109 28.8519992828369 23.9710006713867 24.1499996185303
23.6959991455078 22.0799999237061 21.2900009155273 18.1200008392334 13.6260004043579 9.39900016784668 8.94699954986572 13.5059995651245 15.2370004653931 16.496000289917 22.1690006256104 21.9039993286133 25.2789993286133 28.7169990539551 31.5030002593994 33.0099983215332 34.117000579834 34.0919990539551 33.875 32.7159996032715 31.8740005493164 30.181999206543 28.3059997558594 27.0990009307861 27.3129997253418 27.9629993438721 27.9039993286133 28.0319995880127 28.7849998474121 31.9589996337891 33.6599998474121 32.9739990234375 30.3040008544922 28.326000213623 30.007999420166 31.0659999847412 31.7369995117188 32.2760009765625 32.7400016784668 32.4449996948242 31.9930000305176 29.923999786377 29.6000003814697 29.1609992980957 26.8910007476807 22.7490005493164
22.7099990844727 22.4050006866455 21.0370006561279 18.3680000305176 15.6750001907349 12.4440002441406 15.3590002059937 18.2749996185303 17.4489994049072 21.6450004577637 25.0919990539551 25.3169994354248 27.5249996185303 29.6140003204346 30.75 32.898998260498 34.0769996643066 34.2169990539551 34 32.8030014038086 31.9860000610352 29.8560009002686 28.492000579834 26.5550003051758 26.1800003051758 27.7520008087158 28.2900009155273 29.6989994049072 33.1100006103516 35.5330009460449 35.7750015258789 34.6559982299805 31.1110000610352 29.67799949646 29.8810005187988 30.806999206543 31.5009994506836 33.3699989318848 34.0110015869141 33.4589996337891 32.6450004577637 31.3330001831055 30.5610008239746 29.0790004730225 27.3610000610352 21.3640003204346
21.4270000457764 20.3990001678467 18.9009990692139 16.3339996337891 16.4950008392334 18.7269992828369 19.5130004882812 19.6650009155273 22.7800006866455 25.4979991912842 27.8209991455078 27.2770004272461 28.0699996948242 29.625 30.6690006256104 32.7140007019043 33.6290016174316 33.5979995727539 33.0040016174316 32.6150016784668 30.9580001831055 29.1100006103516 28.6849994659424 26.5130004882812 27.2150001525879 28.3519992828369 30.0230007171631 31.757999420166 35.1139984130859 36.6559982299805 36.8009986877441 36.273998260498 34.306999206543 31.4130001068115 30.1529998779297 30.5 32.0149993896484 33.4059982299805 33.8079986572266 33.4949989318848 32.9850006103516 32.3650016784668 31.556999206543 29.4729995727539 28.3129997253418 24.6420001983643
20.1569995880127 18.4220008850098 16.6590003967285 12.9069995880127 11.1960000991821 18.07200050354 21.5520000457764 23.3990001678467 26.5200004577637 28.4720001220703 29.9109992980957 30.0410003662109 31.6900005340576 31.3379993438721 31.0839996337891 31.6909999847412 32.3520011901855 32.2840003967285 32.0509986877441 32.1040000915527 30.2119998931885 28.2789993286133 27.5750007629395 26.8579998016357 27.9680004119873 28.5060005187988 30.1030006408691 32.2770004272461 35.7519989013672 37.3460006713867 37.4280014038086 37.0219993591309 34.7630004882812 33.0769996643066 31.3199996948242 30.7369995117188 31.9710006713867 32.6920013427734 33.2480010986328 33.0620002746582 32.609001159668 31.6840000152588 30.44700050354 29.55299949646 28.3819999694824 26.5599994659424
14.6120004653931 16.3360004425049 11.4700002670288 9.32299995422363 12.1330003738403 17.0370006561279 23.1350002288818 26.0949993133545 27.2520008087158 29.8320007324219 31.8360004425049 33.8639984130859 33.1100006103516 32.5670013427734 32.2350006103516 32.3709983825684 32.2649993896484 31.576000213623 31.0179996490479 28.8959999084473 28.4899997711182 27.7490005493164 27.1840000152588 25.0930004119873 25.4309997558594 28.0069999694824 29.011999130249 31.69700050354 35.2459983825684 37.0559997558594 37.2350006103516 36.9420013427734 35.7190017700195 31.3990001678467 30.2560005187988 30.3920001983643 31.2259998321533 31.7390003204346 32.242000579834 32.4519996643066 32.0219993591309 31.2329998016357 30.7560005187988 28.8899993896484 28.0139999389648 24.8059997558594
5.47900009155273 7.0149998664856 7.53900003433228 5.77400016784668 11.0729999542236 18.5289993286133 24.05299949646 27.128999710083 29.0820007324219 31.6499996185303 33.9900016784668 35.234001159668 35.1660003662109 34.8499984741211 34.6180000305176 32.7690010070801 31.8840007781982 30.4020004272461 28.5869998931885 27.9459991455078 26.576000213623 26.4419994354248 25.3239994049072 24.5170001983643 25.1200008392334 26.8080005645752 28.6000003814697 30.9790000915527 33.5270004272461 35.8059997558594 36.2099990844727 35.6290016174316 33.5870018005371 30.511999130249 30.3929996490479 30.4810009002686 30.4169998168945 30.9950008392334 31.3479995727539 31.1229991912842 30.9790000915527 31.0919990539551 30.6770000457764 27.5599994659424 27.326000213623 26.988000869751
3.20499992370605 4.77799987792969 5.39699983596802 2.57200002670288 7.54199981689453 21.4720001220703 24.5919990539551 27.4270000457764 31.2759990692139 33.9480018615723 35.0629997253418 36.2840003967285 36.4739990234375 36.0750007629395 36.0470008850098 33.7719993591309 33.0730018615723 31.8020000457764 29.7049999237061 27.8279991149902 25.2950000762939 19.2129993438721 11.4300003051758 16.8640003204346 23.3540000915527 26.1389999389648 28.2099990844727 29.621000289917 30.5650005340576 32.2639999389648 33.6259994506836 33.2060012817383 31.3460006713867 30.3969993591309 30.173999786377 29.6569995880127 28.3579998016357 29.2329998016357 30.076000213623 30.9829998016357 30.5380001068115 30.5750007629395 29.7929992675781 28.2639999389648 28.6049995422363 27.4669990539551
