02_asc_chm-r50m/BR221X.asc
NCOLS 201 
NROWS 201 
XLLCORNER 525657 
YLLCORNER 5300981 
CELLSIZE 0.5 
NODATA_value -3.4e+38 
[rows 40 to 59 of 201, columns 46 to 91 of 201]
14.2360000610352 14.8979997634888 15.0830001831055 14.753999710083 15.1260004043579 15.0190000534058 14.8420000076294 14.8610000610352 13.0699996948242 12.1829996109009 11.6129999160767 10.871000289917 10.2069997787476 9.9379997253418 9.91399955749512 9.92599964141846 8.38700008392334 7.76599979400635 8.41899967193604 8.31099987030029 11.6940002441406 16.5219993591309 13.4739999771118 10.2480001449585 9.33600044250488 8.34099960327148 9.26799964904785 10.0729999542236 11.0369997024536 11.1899995803833 11.3409996032715 10.3570003509521 8.45699977874756 6.68599987030029 8.32600021362305 9.17199993133545 9.40999984741211 9.57900047302246 10.9610004425049 13.3400001525879 13.8959999084473 15.4390001296997 17.3090000152588 19.6480007171631 20.923999786377 21.113000869751
13.33899974823 13.8660001754761 13.9700002670288 13.9099998474121 14.1639995574951 13.9449996948242 13.4580001831055 13.3719997406006 11.9759998321533 11.6230001449585 10.2849998474121 8.48799991607666 8.38000011444092 8.45899963378906 8.69999980926514 8.05200004577637 8.14500045776367 8.50599956512451 8.93299961090088 11.2580003738403 12.2119998931885 12.9340000152588 11.5729999542236 10.6730003356934 10.2019996643066 9.02600002288818 8.38700008392334 9.83899974822998 11.3979997634888 11.9919996261597 11.9169998168945 11.7489995956421 9.60099983215332 8.59899997711182 9.48099994659424 9.73400020599365 9.72500038146973 10.0249996185303 11.2629995346069 13.1929998397827 14.0930004119873 16.4529991149902 19.3500003814697 20.7600002288818 20.4860000610352 21.2689990997314
11.7639999389648 12.1280002593994 12.2119998931885 12.378999710083 12.8219995498657 12.3699998855591 11.3649997711182 10.5939998626709 10.4720001220703 7.55100011825562 8.77799987792969 6.19099998474121 6.36199998855591 6.98600006103516 6.92500019073486 6.37599992752075 7.13800001144409 9.13799953460693 10.4670000076294 12.5200004577637 12.9709997177124 13.2370004653931 13.6789999008179 12.6540002822876 10.3219995498657 9.9680004119873 9.90900039672852 10.7980003356934 10.8210000991821 11.8990001678467 12.2320003509521 12.0819997787476 12.0340003967285 10.8879995346069 10.3870000839233 10.6260004043579 10.0670003890991 10.4989995956421 12.6759996414185 13.9040002822876 14.1400003433228 17.7900009155273 18.6410007476807 19.9260005950928 19.4039993286133 19.5729999542236
10.5920000076294 10.8599996566772 11.0550003051758 11.0629997253418 11.0710000991821 11.2170000076294 10.8579998016357 9.22700023651123 8.85499954223633 7.42199993133545 6.57399988174438 6.07600021362305 6.12599992752075 6.62200021743774 5.60599994659424 5.30800008773804 6.88299989700317 9.29800033569336 10.7130002975464 12.7370004653931 14.3479995727539 14.4799995422363 14.0749998092651 13.1389999389648 10.9130001068115 10.7670001983643 11.1829996109009 10.3439998626709 10.8170003890991 12.210000038147 12.5279998779297 12.9200000762939 12.9930000305176 12.5600004196167 12.4779996871948 11.96399974823 10.9779996871948 10.5690002441406 12.4340000152588 12.7390003204346 15.3529996871948 16.8059997558594 18.2299995422363 18.9629993438721 18.9330005645752 19.0830001831055
9.80099964141846 10.4519996643066 10.6639995574951 10.3199996948242 10.1149997711182 10.4490003585815 10.5170001983643 8.86200046539307 8.48900032043457 7.94199991226196 6.15500020980835 6.17799997329712 6.31899976730347 6.3600001335144 6.5479998588562 6.69899988174438 7.3439998626709 9.60900020599365 11.2969999313354 13.1429996490479 14.4479999542236 14.7910003662109 14.0299997329712 12.7270002365112 11.2580003738403 11.6199998855591 12.4490003585815 12.4569997787476 11.9530000686646 12.798999786377 13.3959999084473 14.7550001144409 15.3319997787476 14.8780002593994 14.5229997634888 12.9700002670288 11.0340003967285 10.5220003128052 9.55200004577637 9.77799987792969 13.0819997787476 14.918999671936 15.2869997024536 15.9989995956421 16.2639999389648 17.7630004882812
9.29199981689453 9.56099987030029 10.1079998016357 9.60900020599365 9.57600021362305 10.0069999694824 9.96700000762939 8.24899959564209 7.65000009536743 6.75 6.02500009536743 6.15500020980835 6.3270001411438 6.3769998550415 6.59299993515015 6.92700004577637 7.03399991989136 9.19600009918213 10.8680000305176 12.4049997329712 13.5790004730225 14.2019996643066 13.6079998016357 12.1379995346069 10.9139995574951 11.6979999542236 12.4320001602173 13.1140003204346 12.8739995956421 12.9370002746582 13.3489999771118 15.3680000305176 16.2140007019043 16.0669994354248 15.7530002593994 14.8520002365112 13.5609998703003 9.21500015258789 7.65100002288818 8.05599975585938 10.9329996109009 12.0430002212524 13.6420001983643 14.871000289917 14.8050003051758 15.4530000686646
9.5319995880127 9.7819995880127 9.79599952697754 9.44900035858154 9.46000003814697 9.07199954986572 8.4680004119873 7.84999990463257 7.44199991226196 7.11800003051758 7.62599992752075 7.54699993133545 7.58699989318848 7.18200016021729 6.81199979782104 7.30600023269653 7.50899982452393 8.29699993133545 9.625 11.5109996795654 12.1049995422363 13.4589996337891 11.9820003509521 10.9340000152588 10.0670003890991 11.1909999847412 12.1219997406006 13.4580001831055 13.503999710083 13.1219997406006 14.2760000228882 15.3199996948242 16.3840007781982 16.5970001220703 16.6490001678467 16.0590000152588 14.8409996032715 7.53599977493286 7.5770001411438 7.84299993515015 10.4160003662109 10.1499996185303 12.5480003356934 14.543999671936 14.503999710083 14.4309997558594
8.89200019836426 9.6540002822876 9.38500022888184 8.82800006866455 8.92300033569336 8.59899997711182 8.3430004119873 7.97300004959106 7.21099996566772 7.11299991607666 8.60999965667725 8.72799968719482 9.46000003814697 9.17300033569336 7.73999977111816 7.49100017547607 7.60400009155273 7.87400007247925 8.98999977111816 10.6219997406006 10.7229995727539 10.8590002059937 9.34000015258789 9.18599987030029 9.77600002288818 10.4949998855591 11.8509998321533 13.418999671936 13.1999998092651 14.0620002746582 15.4379997253418 16.2390003204346 17.3360004425049 17.2740001678467 17.0869998931885 15.1890001296997 11.9379997253418 8.21300029754639 7.38600015640259 7.28900003433228 7.37200021743774 6.72599983215332 11.6040000915527 11.9099998474121 13.9060001373291 13.8769998550415
8.58500003814697 8.71000003814697 8.40200042724609 8.16399955749512 8.89500045776367 8.86100006103516 8.27000045776367 7.64400005340576 7.5770001411438 7.95100021362305 9.4379997253418 9.94600009918213 10.1389999389648 8.83800029754639 7.46700000762939 8.16600036621094 8.13899993896484 7.79400014877319 7.64799976348877 8.72799968719482 9.3149995803833 8.25500011444092 7.02400016784668 8.42599964141846 9.80000019073486 10.1560001373291 11.1840000152588 12.2259998321533 12.4809999465942 12.8859996795654 14.6029996871948 15.6680002212524 16.9799995422363 17.1599998474121 16.8899993896484 15.2550001144409 12.4860000610352 11.6350002288818 8.8430004119873 8.40299987792969 8.64799976348877 7.13500022888184 7.51800012588501 7.69899988174438 10.9910001754761 13.0129995346069
7.22100019454956 7.39499998092651 7.47399997711182 8.24400043487549 9.47399997711182 9.48700046539307 9.02299976348877 7.68100023269653 7.75600004196167 7.76000022888184 8.93000030517578 10.25 10.456000328064 7.87200021743774 7.58799982070923 8.14599990844727 8.61100006103516 8.25899982452393 7.87599992752075 8.14400005340576 8.73099994659424 7.7810001373291 6.36600017547607 7.41099977493286 9.15799999237061 9.74199962615967 10.8219995498657 11.3020000457764 11.6440000534058 12.4689998626709 13.3500003814697 14.0740003585815 15.6840000152588 16.4559993743896 15.7360000610352 15.201000213623 13.21399974823 12.3020000457764 10.6450004577637 9.06400012969971 9.00100040435791 7.47800016403198 6.99200010299683 7.5019998550415 10.7239999771118 13.121000289917
6.74599981307983 6.47700023651123 6.46299982070923 7.15399980545044 8.44999980926514 9.04699993133545 8.90100002288818 8.0930004119873 7.35300016403198 7.12599992752075 9.98099994659424 9.90499973297119 9.32400035858154 8.46599960327148 8.10299968719482 7.66800022125244 8.04699993133545 7.42500019073486 7.2189998626709 7.66400003433228 6.84200000762939 6.26900005340576 5.98699998855591 6.71999979019165 8.36400032043457 9.28699970245361 9.35499954223633 9.62600040435791 11.2889995574951 12.6180000305176 12.6029996871948 12.1829996109009 14.5369997024536 15.6000003814697 14.8269996643066 14.0749998092651 12.8570003509521 12.875 9.76799964904785 8.31799983978271 9.78499984741211 7.63000011444092 10.3489999771118 12.5380001068115 17.0090007781982 16.1469993591309
6.72700023651123 6.52099990844727 5.77400016784668 6.67799997329712 7.77899980545044 8.52600002288818 8.24100017547607 10.7700004577637 10.8170003890991 9.90100002288818 13.9320001602173 11.5139999389648 10.2229995727539 10.9309997558594 8.89400005340576 7.60300016403198 7.0019998550415 6.87799978256226 6.59100008010864 6.15899991989136 5.46500015258789 5.92799997329712 6.20800018310547 7.95300006866455 9.15799999237061 9.19699954986572 9.42399978637695 10.0670003890991 10.673999786377 11.625 11.5880002975464 11.9799995422363 12.5129995346069 13.4139995574951 13.548999786377 13.3649997711182 11.1160001754761 9.48200035095215 7.60900020599365 7.09499979019165 10.1409997940063 9.91399955749512 15.2089996337891 19.4419994354248 21.1459999084473 21.1319999694824
7.15299987792969 6.61199998855591 6.07200002670288 6.03800010681152 7.07399988174438 10.6969995498657 9.4399995803833 12.7629995346069 12.9390001296997 11.2740001678467 16.4130001068115 16.8509998321533 15.8879995346069 16.4909992218018 8.92599964141846 7.01800012588501 7.13600015640259 7.30299997329712 7.30700016021729 6.80499982833862 5.84600019454956 6.56799983978271 7.59600019454956 8.96300029754639 9.32600021362305 9.49300003051758 9.42399978637695 9.73400020599365 9.99899959564209 9.7819995880127 9.29300022125244 10.6260004043579 11.7829999923706 10.3109998703003 9.39999961853027 9.35599994659424 10.1660003662109 10.039999961853 8.2180004119873 8.40100002288818 12.1079998016357 13.0659999847412 15.951000213623 23.82200050354 23.9209995269775 26.5879993438721
7.84800004959106 6.88700008392334 6.86399984359741 6.35400009155273 8.76000022888184 16.5739994049072 18.7670001983643 20.1340007781982 17.0690002441406 13.5069999694824 17.6790008544922 18.3950004577637 18.4039993286133 18.3540000915527 16.1420001983643 9.92500019073486 8.55900001525879 7.46299982070923 7.54500007629395 7.48199987411499 6.85099983215332 7.41300010681152 8.51599979400635 8.91199970245361 9.3459997177124 9.32400035858154 8.95800018310547 8.94900035858154 9.29199981689453 9.2790002822876 9.18200016021729 10.246000289917 11.3489999771118 10.5319995880127 9.43099975585938 9.82699966430664 10.539999961853 10.3229999542236 9.61499977111816 10.9219999313354 17.0009994506836 18.6189994812012 18.6310005187988 20.9230003356934 26.9050006866455 31.181999206543
8.82900047302246 9.04100036621094 10.0010004043579 15.4040002822876 18.0520000457764 21.4799995422363 22.5690002441406 22.4330005645752 21.4300003051758 20.9090003967285 21.3610000610352 19.4150009155273 18.4200000762939 15.7309999465942 14.4309997558594 9.57499980926514 9.1560001373291 7.85900020599365 7.68200016021729 7.88000011444092 7.54899978637695 7.57299995422363 8.07999992370605 8.80099964141846 8.86400032043457 9.06999969482422 9.12100028991699 10.3210000991821 10.0830001831055 9.48400020599365 9.64099979400635 9.45600032806396 9.57699966430664 9.40299987792969 9.42000007629395 11.4619998931885 11.7189998626709 11.2259998321533 13.2119998931885 13.7069997787476 16.1609992980957 20.3980007171631 23.7099990844727 24.7980003356934 28.746000289917 34.2410011291504
9.5290002822876 11.9720001220703 15.8719997406006 19.5849990844727 20.7220001220703 24.4230003356934 26.496000289917 26.0009994506836 25.443000793457 23.8470001220703 23.8010005950928 19.1009998321533 19.4619998931885 11.2760000228882 10.9270000457764 10.0109996795654 9.40200042724609 8.26500034332275 8.20600032806396 8.18200016021729 7.65899991989136 7.30000019073486 7.1230001449585 8.67000007629395 8.69499969482422 9.49300003051758 9.76500034332275 12.0249996185303 12.1479997634888 11.4169998168945 10.3699998855591 10.1180000305176 11.2250003814697 11.3050003051758 10.0369997024536 12.0620002746582 12.6260004043579 13.3839998245239 14.9289999008179 14.9420003890991 18.1450004577637 20.4610004425049 25.75 29.326000213623 32.7779998779297 36.6059989929199
14.043999671936 18.386999130249 18.9169998168945 21.9899997711182 23.2859992980957 26.4109992980957 27.3540000915527 27.4109992980957 27.7180004119873 27.4750003814697 26.4729995727539 25.6280002593994 20.6709995269775 18.9449996948242 12.0319995880127 10.4490003585815 10.8179998397827 10.7969999313354 9.45400047302246 8.99300003051758 8.06999969482422 7.46500015258789 6.57499980926514 7.94700002670288 8.70600032806396 9.5939998626709 9.73900032043457 11.3839998245239 12.83899974823 13.1389999389648 11.6090002059937 10.8240003585815 12.2910003662109 11.9320001602173 11.1990003585815 12.2259998321533 13.3059997558594 14.2650003433228 15.2049999237061 16.9640007019043 18.9860000610352 22.2919998168945 25.6389999389648 31.8379993438721 35.8279991149902 36.3440017700195
21.8519992828369 24.1639995574951 25.1720008850098 25.1490001678467 24.6459999084473 26.2880001068115 27.5300006866455 27.5900001525879 27.6310005187988 26.9139995574951 25.9090003967285 26.0279998779297 24.7859992980957 22.0669994354248 18.9699993133545 13.701000213623 10.8649997711182 11.0240001678467 10.7779998779297 10.2489995956421 9.31999969482422 8.24300003051758 6.59800004959106 7.85099983215332 8.81099987030029 9.17700004577637 10.2559995651245 11.4610004425049 12.2340002059937 12.253999710083 11.128999710083 12.2110004425049 12.9329996109009 12.2530002593994 12.2290000915527 12.9420003890991 13.6770000457764 14.3549995422363 15.2639999389648 18.0610008239746 19.0820007324219 24.5319995880127 28.9209995269775 33.8839988708496 36.4389991760254 36.7249984741211
21.2609996795654 23.0160007476807 25.4039993286133 25.7040004730225 27.2789993286133 28.5799999237061 27.8129997253418 27.6620006561279 28.0179996490479 26.8110008239746 25.9699993133545 26.1310005187988 23.8330001831055 22.5049991607666 22.2469997406006 18.7999992370605 11.7620000839233 11.6359996795654 11.371000289917 10.7030000686646 10.0600004196167 8.29899978637695 7.31899976730347 7.86199998855591 8.75100040435791 9.03400039672852 10.3489999771118 11.3159999847412 11.7290000915527 11.9809999465942 11.53600025177 12.5220003128052 13.2340002059937 13.5860004425049 13.8590002059937 14.2880001068115 13.7399997711182 13.6770000457764 14.6669998168945 17.1049995422363 22.8330001831055 28.2940006256104 28.4360008239746 34.4010009765625 37.5470008850098 38.3790016174316
21.0990009307861 21.3449993133545 27.125 30.0949993133545 30.9799995422363 30.6720008850098 31.6350002288818 30.5799999237061 30.5130004882812 29.1989994049072 26.6049995422363 25.951000213623 23.0319995880127 23.4710006713867 21.4139995574951 18.0909996032715 13.5450000762939 12.2959995269775 11.7379999160767 11.3439998626709 10.9420003890991 9.77200031280518 9.06900024414062 8.41800022125244 8.93599987030029 9.25800037384033 9.84700012207031 11.0959997177124 11.7320003509521 11.9289999008179 12.1770000457764 12.8959999084473 13.6719999313354 14.3549995422363 14.6330003738403 14.6070003509521 12.3459997177124 12.5310001373291 13.2600002288818 16.9130001068115 23.7129993438721 28.42799949646 30.3880004882812 34.5320014953613 38.1730003356934 39.5120010375977
