02_asc_chm-r50m/BR222X.asc
NCOLS 200 
NROWS 200 
XLLCORNER 539972.5 
YLLCORNER 5289439.5 
CELLSIZE 0.5 
NODATA_value -3.4e+38 
[rows 120 to 139 of 200, columns 46 to 91 of 200]
30.5330009460449 31.2700004577637 30.6189994812012 30.0650005340576 30.3430004119873 30.8470001220703 29.7520008087158 28.8250007629395 27.9939994812012 28.4829998016357 28.5219993591309 25.3490009307861 23.8859996795654 24.7210006713867 25.8150005340576 27.3920001983643 31.1949996948242 31.6380004882812 30.6959991455078 30.6620006561279 32.6139984130859 32.5750007629395 31.6590003967285 30.9810009002686 31.0830001831055 31.5330009460449 32.2849998474121 32.5060005187988 32.3269996643066 32.4819984436035 32.5419998168945 32.6450004577637 32.2210006713867 31.8190002441406 31.5540008544922 30.6569995880127 30.8619995117188 28.757999420166 25.8419990539551 25.0030002593994 25.117000579834 27.8430004119873 29.9939994812012 32.5299987792969 36.806999206543 39.5209999084473
30.4179992675781 30.9179992675781 30.1709995269775 29.4979991912842 29.7390003204346 30.1140003204346 29.5370006561279 28.2049999237061 27.0440006256104 26.6650009155273 26.9020004272461 26.0540008544922 26.4139995574951 26.8239994049072 27.2339992523193 28.9890003204346 31.9799995422363 32.5449981689453 31.9090003967285 32.6959991455078 33.7799987792969 33.7789993286133 33.806999206543 33.4970016479492 32.6240005493164 31.6870002746582 32.0960006713867 32.7430000305176 33.4500007629395 33.7309989929199 33.2410011291504 32.8720016479492 33.2109985351562 33.0379981994629 31.9200000762939 31.5839996337891 31.2059993743896 30.3649997711182 28.1599998474121 26.3519992828369 25.5639991760254 26.8129997253418 28.6189994812012 30.3540000915527 35.9160003662109 38.076000213623
28.0599994659424 29.3320007324219 29.7630004882812 29.4890003204346 29.7229995727539 30.003999710083 29.0230007171631 27.673999786377 26.8850002288818 26.6100006103516 26.5590000152588 27.2509994506836 27.1180000305176 27.2719993591309 27.4220008850098 27.9669990539551 31.011999130249 32.673999786377 32.4000015258789 33.2859992980957 33.6240005493164 33.5099983215332 33.7099990844727 33.8600006103516 33.3740005493164 33.1100006103516 32.8199996948242 33.3779983520508 34.1889991760254 34.6660003662109 35.0900001525879 34.5120010375977 34.6129989624023 33.1349983215332 32.1500015258789 31.5480003356934 31.1100006103516 30.257999420166 29.5240001678467 26.9689998626709 25.6700000762939 24.5769996643066 25.2730007171631 27.7339992523193 33.4300003051758 37.507999420166
27.4479999542236 28.3530006408691 28.7870006561279 29.5349998474121 29.9589996337891 29.988000869751 29.2749996185303 26.7110004425049 26.4370002746582 26.0499992370605 25.5580005645752 28.4060001373291 28.2959995269775 28.1590003967285 27.7849998474121 29.0550003051758 33.2729988098145 34.8559989929199 35.0299987792969 35.4370002746582 35.1199989318848 34.4070014953613 35.0209999084473 34.685001373291 32.8530006408691 32.2360000610352 32.4850006103516 34.2029991149902 35.2480010986328 35.4029998779297 35.5639991760254 35.8390007019043 34.8959999084473 33.4620018005371 32.3800010681152 31.2929992675781 31.181999206543 30.4230003356934 28.8439998626709 26.0669994354248 25.17799949646 24.0779991149902 21.6350002288818 22.681999206543 25.2660007476807 32.7029991149902
28.6499996185303 28.5219993591309 28.9750003814697 29.9120006561279 30.2980003356934 29.375 28.4190006256104 26.4209995269775 25.5319995880127 24.5930004119873 24.5699996948242 28.5779991149902 29.4780006408691 28.8560009002686 28.1679992675781 29.242000579834 34.8979988098145 36.5470008850098 36.3349990844727 36.2239990234375 36.8740005493164 37.0429992675781 38.2109985351562 37.6339988708496 35.9959983825684 33.6879997253418 32.056999206543 33.7789993286133 36.0589981079102 36.4650001525879 36.6889991760254 36.810001373291 35.8720016479492 33.6469993591309 33.4020004272461 33.2130012512207 31.011999130249 30.2940006256104 29.2399997711182 27.6319999694824 24.8990001678467 23.4099998474121 21.8729991912842 23.2070007324219 25.2430000305176 27.113000869751
30.3680000305176 30.5750007629395 30.8770008087158 30.931999206543 30.4820003509521 27.8910007476807 27.0109996795654 25.8279991149902 24.7649993896484 25.1660003662109 27.9810009002686 30.1420001983643 30.068000793457 29.6639995574951 35.5320014953613 34.3839988708496 35.0849990844727 36.7849998474121 36.8689994812012 37.1189994812012 36.8499984741211 38 38.1259994506836 37.3919982910156 36.4700012207031 35.189998626709 33.0369987487793 33.1549987792969 35.9480018615723 37.326000213623 37.4469985961914 36.8979988098145 36.265998840332 34.4090003967285 34.1300010681152 33.6839981079102 32.0830001831055 30.4090003967285 28.9139995574951 27.7630004882812 22.7129993438721 21.8090000152588 21.44700050354 23.0790004730225 24.9909992218018 26.2189998626709
33.5530014038086 32.8860015869141 32.4249992370605 31.201000213623 30.6949996948242 26.7280006408691 26.8139991760254 25.2859992980957 24.4680004119873 24.3120002746582 27.8209991455078 31.0790004730225 31.1770000457764 32.0009994506836 37.4910011291504 38.1269989013672 37.564998626709 37.4949989318848 37.9580001831055 39.5470008850098 39.3120002746582 38.9830017089844 38.1479988098145 37.6139984130859 36.6809997558594 35.5190010070801 34.314998626709 34.5379981994629 35.3889999389648 36.8629989624023 37.1150016784668 36.1020011901855 35.2379989624023 34.560001373291 34.2719993591309 34.0270004272461 32.1119995117188 29.9689998626709 29.1480007171631 25.82200050354 23.0359992980957 21.4570007324219 21.7609996795654 22.7740001678467 23.3349990844727 24.3980007171631
34.6910018920898 33.2360000610352 32.3199996948242 31.3659992218018 30.5860004425049 27.306999206543 27.0450000762939 25.0149993896484 24.6849994659424 25.3360004425049 26.9850006103516 30.8169994354248 31.7280006408691 31.7189998626709 37.2000007629395 39.1780014038086 38.5099983215332 38.1829986572266 39.4970016479492 40.9420013427734 40.8730010986328 40.1100006103516 38.9329986572266 38.2270011901855 37.6609992980957 36.7120018005371 34.851001739502 34.7589988708496 35.2190017700195 36.132999420166 36.4059982299805 35.1300010681152 35.193000793457 34.2719993591309 33.4790000915527 32.5709991455078 31.2259998321533 30.2670001983643 28.6509990692139 27.2180004119873 23.8229999542236 22.5009994506836 20.0459995269775 22.9979991912842 23.2600002288818 25.1100006103516
36.5019989013672 34.1080017089844 33.1469993591309 32.6279983520508 29.4860000610352 28.3169994354248 26.7999992370605 24.701000213623 25.3400001525879 26.5319995880127 27.0540008544922 30.0639991760254 31.996000289917 32.0180015563965 35.8639984130859 38.7980003356934 38.859001159668 39.076000213623 40.4179992675781 41.3720016479492 42.7089996337891 41.6080017089844 38.9980010986328 38.6220016479492 38.0830001831055 36.8240013122559 34.8549995422363 34.3440017700195 34.9659996032715 35.2939987182617 35.5009994506836 34.4930000305176 34.8950004577637 34.4259986877441 32.4119987487793 31.9969997406006 31.0779991149902 31.0200004577637 28.5200004577637 25.3150005340576 24.0590000152588 22.9090003967285 19.0100002288818 20.4869995117188 22.693000793457 25.875
37.3050003051758 35.015998840332 33.4249992370605 32.4090003967285 30.5219993591309 30.0310001373291 27.8689994812012 27.0230007171631 26.4459991455078 26.3449993133545 27.5359992980957 27.628999710083 30.7819995880127 32.3530006408691 32.3339996337891 34.5919990539551 37.9580001831055 39.5589981079102 40.0690002441406 40.9959983825684 42.1339988708496 41.5130004882812 38.8289985656738 38.1790008544922 37.5960006713867 36.1339988708496 35.7830009460449 33.8849983215332 33.6860008239746 33.6669998168945 34.8199996948242 34.3870010375977 34.2430000305176 33.7700004577637 32.3709983825684 31.4589996337891 30.9580001831055 29.6459999084473 27.6499996185303 23.6189994812012 23.5109996795654 22.1100006103516 21.6529998779297 21.8479995727539 22.746000289917 26.0419998168945
36.9410018920898 35.140998840332 33.2779998779297 32.4300003051758 29.6669998168945 29.7859992980957 28.4669990539551 28.1720008850098 26.3990001678467 26.6550006866455 28.0830001831055 27.8059997558594 30.4890003204346 32.4830017089844 33.8230018615723 36.4449996948242 36.7270011901855 37.1749992370605 39.6500015258789 40.5559997558594 41.4230003356934 41.1430015563965 38.7669982910156 37.8009986877441 37.2229995727539 36.4309997558594 33.5270004272461 31.5330009460449 32.7039985656738 33.4420013427734 33.4269981384277 33.5970001220703 33.2109985351562 32.648998260498 31.2889995574951 30.8479995727539 29.0319995880127 27.1569995880127 26.1669998168945 23.4769992828369 22.3659992218018 21.2530002593994 20.5650005340576 19.8659992218018 24.4370002746582 26.8409996032715
35.7099990844727 33.2649993896484 32.4959983825684 31.69700050354 29.7950000762939 29.5319995880127 28.761999130249 28.7479991912842 28.4540004730225 29.3320007324219 29.1650009155273 29.9540004730225 30.6299991607666 32.4160003662109 33.3520011901855 35.8650016784668 36.2589988708496 38.1529998779297 38.8959999084473 39.4620018005371 40.5270004272461 40.3230018615723 39.1389999389648 37.0460014343262 36.2039985656738 35.4690017700195 30.9500007629395 31.0179996490479 32.6910018920898 32.4869995117188 32.2089996337891 31.7490005493164 31.9419994354248 31.9260005950928 31.1189994812012 30.2439994812012 29.4740009307861 28.1490001678467 24.8549995422363 23.0440006256104 21.5030002593994 19.4869995117188 18.6429996490479 18.8309993743896 23.5599994659424 27.3190002441406
34.4199981689453 32.9160003662109 32.4080009460449 32.2760009765625 30.7630004882812 29.7970008850098 29.0130004882812 28.8250007629395 29.2779998779297 29.4990005493164 29.9069995880127 31.1919994354248 31.5179996490479 32.0509986877441 31.5550003051758 34.9939994812012 36.0690002441406 37.6310005187988 38.5429992675781 38.6100006103516 39.4090003967285 38.8779983520508 38.3110008239746 37.1580009460449 36.4230003356934 34.173999786377 30.4409999847412 31.011999130249 31.3120002746582 31.4740009307861 31.7390003204346 31.42799949646 30.746000289917 30.57200050354 30.121000289917 29.363000869751 28.1509990692139 25.826000213623 22.7679996490479 22.4580001831055 21.3729991912842 21.2859992980957 20.2919998168945 22.548999786377 25.4389991760254 28.0200004577637
34.4370002746582 34.673999786377 34.0429992675781 32.3030014038086 31.4820003509521 30.1979999542236 29.5230007171631 29.8460006713867 29.7220001220703 29.6200008392334 29.5580005645752 31.0610008239746 31.0590000152588 31.4069995880127 31.1299991607666 31.6669998168945 35.0270004272461 37.7070007324219 38.3079986572266 36.9589996337891 36.7799987792969 37.4169998168945 37.6720008850098 37.0750007629395 36.6209983825684 32.9729995727539 31.44700050354 31.318000793457 30.4370002746582 30.1310005187988 30.8540000915527 30.4060001373291 29.8509998321533 29.5340003967285 28.7369995117188 27.4650001525879 26.4790000915527 26.0109996795654 21.6700000762939 21.75 23.878999710083 23.7479991912842 23.7320003509521 24.011999130249 25.1030006408691 26.9230003356934
37.0460014343262 36.8139991760254 36.7120018005371 33.4210014343262 31.5200004577637 30.3449993133545 30.1609992980957 30.3649997711182 31.7299995422363 32.0870018005371 31.056999206543 30.8570003509521 30.3239994049072 30.4790000915527 30.8279991149902 31.0459995269775 33.0299987792969 34.6829986572266 36.0900001525879 34.8779983520508 34.6829986572266 34.257999420166 35.2779998779297 35.9010009765625 36.2140007019043 34.0639991760254 32.5559997558594 31.878999710083 30.2469997406006 30.0960006713867 29.8080005645752 28.6040000915527 28.0069999694824 27.05299949646 27.056999206543 25.8299999237061 25.761999130249 24.9640007019043 23.3050003051758 22.3659992218018 23.9810009002686 24.7390003204346 24.5729999542236 24.4610004425049 25.496000289917 25.7900009155273
38.5050010681152 39.8110008239746 39.4420013427734 34.7200012207031 31.9780006408691 30.2800006866455 30.8430004119873 31.9020004272461 33.0730018615723 32.9490013122559 32.0229988098145 31.3899993896484 30.9069995880127 30.5440006256104 30.4909992218018 31.0550003051758 31.42799949646 31.6180000305176 31.5410003662109 33.6879997253418 34.0769996643066 33.9869995117188 34.189998626709 34.2449989318848 34.5209999084473 33.5139999389648 32.9900016784668 32.943000793457 31.6879997253418 31.1110000610352 30.4009990692139 28.6060009002686 26.443000793457 26.367000579834 26.1270008087158 25.8549995422363 24.3889999389648 23.4619998931885 22.67799949646 23.8010005950928 26.8449993133545 24.8439998626709 24.7929992675781 25.3560009002686 25.9799995422363 26.3759994506836
40.6619987487793 40.201000213623 39.6479988098145 36.0540008544922 32.375 30.2129993438721 31.4780006408691 32.7099990844727 33.3110008239746 33.2299995422363 32.6380004882812 31.5629997253418 30.742000579834 29.5820007324219 28.8239994049072 30.1840000152588 31.3490009307861 31.4130001068115 31.0410003662109 32.943000793457 33.765998840332 33.6769981384277 33.6959991455078 33.6100006103516 33.8470001220703 33.9329986572266 33.6650009155273 33.5730018615723 32.7949981689453 31.6280002593994 30.7430000305176 30.2700004577637 27.693000793457 26.2210006713867 26.0459995269775 25.943000793457 24.1019992828369 24.6639995574951 26.2590007781982 27.6499996185303 28.511999130249 27.2670001983643 26.8099994659424 26.8680000305176 26.9150009155273 27.6350002288818
41.0219993591309 40.1860008239746 39.9329986572266 37.7680015563965 33.1469993591309 31.9290008544922 32.4290008544922 33.0620002746582 33.3919982910156 32.7910003662109 32.5800018310547 31.5550003051758 30.0499992370605 28.7530002593994 28.19700050354 30.1070003509521 29.5909996032715 29.306999206543 28.6630001068115 31.2129993438721 33.1800003051758 33.8779983520508 34.367000579834 34.3790016174316 34.951000213623 34.9230003356934 33.9780006408691 33.6080017089844 33.2470016479492 32.3759994506836 33.1139984130859 31.7819995880127 28.2469997406006 31.0820007324219 32.3839988708496 33.0620002746582 30.6830005645752 30.0139999389648 28.5419998168945 28.8239994049072 28.6650009155273 28.7399997711182 30.4309997558594 30.2430000305176 29.878999710083 30.2679996490479
41.4930000305176 41.0859985351562 40.9990005493164 37.9119987487793 34.859001159668 32.9059982299805 32.8400001525879 33.1590003967285 33.5219993591309 32.242000579834 31.6760005950928 31.4190006256104 29.2450008392334 28.1459999084473 27.7439994812012 27.8880004882812 27.4860000610352 27.7800006866455 27.4680004119873 30.181999206543 32.5180015563965 33.2779998779297 34.5289993286133 35.7099990844727 36.5309982299805 36.992000579834 36.4160003662109 35.1180000305176 34.8370018005371 35.0200004577637 35.2859992980957 34.9860000610352 32.9080009460449 33.7630004882812 36.423999786377 36.734001159668 36.3370018005371 32.7019996643066 30.0389995574951 29.9029998779297 30.011999130249 31.0849990844727 32.3730010986328 31.9169998168945 31.4689998626709 31.5090007781982
43.2719993591309 41.5299987792969 41.5180015563965 39.2449989318848 35.0519981384277 33.4140014648438 33.2220001220703 33.9529991149902 33.8050003051758 31.5729999542236 31.3560009002686 30.5030002593994 28.0030002593994 27.9300003051758 27.8309993743896 27.6089992523193 27.6180000305176 27.7310009002686 29.1439990997314 31.6940002441406 32.3709983825684 32.6529998779297 34.7060012817383 37.0250015258789 37.257999420166 37.3370018005371 36.9749984741211 36 35.4220008850098 35.6959991455078 36.0379981994629 37.2560005187988 37.0279998779297 36.8709983825684 36.4650001525879 36.6809997558594 36.6110000610352 34.6609992980957 32.7949981689453 32.7949981689453 32.0330009460449 32.5180015563965 32.5200004577637 32.1590003967285 31.9610004425049 32.0250015258789
