02_asc_chm-r50m/BR222B.asc
NCOLS 201 
NROWS 200 
XLLCORNER 536995 
YLLCORNER 5292540 
CELLSIZE 0.5 
NODATA_value -3.4e+38 
[rows 160 to 179 of 200, columns 46 to 91 of 201]
16.9720001220703 17.5909996032715 18.1509990692139 18.1410007476807 18.3740005493164 19.7849998474121 20.7070007324219 20.8939990997314 20.8980007171631 21.0779991149902 21.0419998168945 21.9540004730225 21.943000793457 21.6100006103516 21.0699996948242 18.7810001373291 17.3479995727539 14.8979997634888 14.2119998931885 14.6009998321533 15.9870004653931 20.6389999389648 22.6849994659424 22.7889995574951 21.8509998321533 22.7169990539551 25.7490005493164 26.9209995269775 26.8950004577637 25.6189994812012 24.1110000610352 23.3810005187988 22.6270008087158 22.4179992675781 20.2700004577637 18.6730003356934 15.6090002059937 13.0069999694824 13.3620004653931 18.8460006713867 19.1259994506836 20.2320003509521 20.5069999694824 20.6800003051758 20.3460006713867 22.1180000305176
17.2049999237061 18.2970008850098 18.8339996337891 18.7159996032715 18.80299949646 19.5690002441406 20.3880004882812 20.4810009002686 20.6469993591309 21.4610004425049 22.7830009460449 23.4409999847412 23.6259994506836 23.5669994354248 22.6480007171631 20.55299949646 17.2280006408691 14.6899995803833 14.0150003433228 15.2629995346069 16.7719993591309 20.8400001525879 23.7220001220703 23.8910007476807 24.2250003814697 25.6599998474121 27.8209991455078 27.6760005950928 26.931999206543 26.1590003967285 24.8959999084473 25.1469993591309 25.2840003967285 25.2000007629395 22.492000579834 19.9249992370605 16.7019996643066 10.6520004272461 10.5959997177124 15.53600025177 14.5729999542236 12.0080003738403 18.6639995574951 18.7040004730225 20.0130004882812 22.4060001373291
17.9370002746582 18.6480007171631 19.4810009002686 19.30299949646 18.8169994354248 18.4759998321533 19.6159992218018 19.8479995727539 20.0540008544922 21.6660003662109 23.3649997711182 24.5799999237061 24.6550006866455 24.2549991607666 24.0769996643066 22.7639999389648 19.4570007324219 15.2810001373291 14.5900001525879 14.996000289917 18.6310005187988 22.7509994506836 24.3540000915527 24.7819995880127 25.1709995269775 27.3729991912842 28.0930004119873 27.7819995880127 26.8740005493164 26.1310005187988 25.5419998168945 25.3959999084473 24.2240009307861 23.7150001525879 22.3780002593994 20.128999710083 16.3530006408691 9.93599987030029 10.2089996337891 10.7299995422363 12.3059997558594 5.84600019454956 14.8699998855591 16.996000289917 18.8190002441406 22.9570007324219
18.4440002441406 19.0139999389648 20.3540000915527 20.7889995574951 19.4519996643066 18.8339996337891 18.6509990692139 19.1119995117188 19.2929992675781 22.5669994354248 24.3619995117188 24.9069995880127 25.1480007171631 24.8610000610352 24.1450004577637 23.2660007476807 19.2450008392334 16.3610000610352 15.5010004043579 16.8080005645752 19.5310001373291 22.4680004119873 23.3619995117188 24.4249992370605 25.326000213623 26.9039993286133 27.9969997406006 27.7670001983643 27.5330009460449 27.0709991455078 26.1569995880127 25.6389999389648 21.0009994506836 21.3610000610352 21.0259990692139 19.3980007171631 16.6849994659424 11.8909997940063 14.4139995574951 16.5990009307861 14.326000213623 11.7950000762939 14.4799995422363 17.2189998626709 19.9300003051758 23.5279998779297
19.875 21.0179996490479 21.6940002441406 21.6070003509521 21.0160007476807 19.0470008850098 18.2660007476807 18.9139995574951 19.2870006561279 22.007999420166 24.4080009460449 24.6760005950928 24.992000579834 24.9080009460449 23.5669994354248 22.173999786377 21.67799949646 20.7019996643066 19.7269992828369 18.7509994506836 19.1529998779297 20.4810009002686 21.75 24.2600002288818 25.7630004882812 26.9629993438721 27.7180004119873 28.0149993896484 27.8299999237061 26.8090000152588 25.746000289917 25.7980003356934 21.6830005645752 20.0890007019043 19.9389991760254 19.9780006408691 20.6420001983643 18.1499996185303 17.378999710083 19.9440002441406 19.5160007476807 17.4850006103516 19.136999130249 18.5100002288818 19.9519996643066 22.3250007629395
19.4780006408691 22.4519996643066 22.6650009155273 22.3449993133545 21.3129997253418 20.5769996643066 19.5440006256104 19.1979999542236 18.6439990997314 20.5429992675781 23.3250007629395 24.2180004119873 24.4039993286133 23.8080005645752 22.3390007019043 19.8349990844727 20.0779991149902 18.6410007476807 19.5459995269775 20.4589996337891 19.4829998016357 20.2590007781982 20.378999710083 24.0090007781982 25.6469993591309 26.2779998779297 27.6979999542236 27.9300003051758 26.8589992523193 25.511999130249 25.9869995117188 24.2479991912842 21.5450000762939 20.9549999237061 22.0410003662109 21.886999130249 22.6189994812012 21.9909992218018 20.4060001373291 20.181999206543 19.5219993591309 17.7150001525879 15.4449996948242 17.2000007629395 20.0069999694824 21.882999420166
19.0790004730225 22.1620006561279 22.5200004577637 22.4689998626709 21.9979991912842 20.3910007476807 20.3390007019043 20.0069999694824 18.2059993743896 20.1439990997314 22.5340003967285 22.8279991149902 22.6040000915527 22.2800006866455 20.0349998474121 19.0580005645752 18.9930000305176 17.2479991912842 15.9969997406006 16.1119995117188 17.3819999694824 18.7649993896484 20.3349990844727 22.443000793457 24.0279998779297 24.7040004730225 26.5650005340576 26.1030006408691 25.1919994354248 25.1840000152588 25.9540004730225 25.4120006561279 23.8619995117188 22.6949996948242 24.2870006561279 24.5060005187988 23.9829998016357 22.3290004730225 20.6280002593994 20.4220008850098 19.9060001373291 18.2280006408691 14.8520002365112 17.6560001373291 20.488000869751 22.0690002441406
18.0970001220703 21.2430000305176 22.1200008392334 22.2999992370605 22.2059993743896 20.4969997406006 20.4559993743896 20.3349990844727 19.5100002288818 19.5440006256104 20.6359996795654 20.9389991760254 20.826000213623 20.8799991607666 20.1180000305176 18.7600002288818 17.9080009460449 16.1439990997314 14.6040000915527 13.3529996871948 12.6789999008179 15.2320003509521 16.2910003662109 19.5289993286133 21.7019996643066 22.7649993896484 23.2789993286133 20.9309997558594 23.2880001068115 24.4909992218018 25.007999420166 24.2719993591309 24.0820007324219 24.9479999542236 25.5900001525879 25.7220001220703 24.8369998931885 22.3479995727539 20.7019996643066 20.9829998016357 20.9769992828369 19.4220008850098 15.8299999237061 18.6700000762939 21.5020008087158 22.492000579834
18.7590007781982 20.1499996185303 21.7789993286133 23.7679996490479 24.7269992828369 23.5949993133545 21.3899993896484 21.3850002288818 20.6959991455078 20.7509994506836 20.988000869751 19.2819995880127 19.7119998931885 19.798999786377 16.4750003814697 18.556999206543 16.746000289917 15.0590000152588 13.2950000762939 11.960000038147 12.6549997329712 14.3190002441406 15.2049999237061 17.1410007476807 18.9950008392334 19.443000793457 19.6299991607666 20.6060009002686 22.0259990692139 22.6340007781982 23.2660007476807 21.9360008239746 25.0359992980957 26.8880004882812 27.2269992828369 26.8950004577637 25.8770008087158 23.5900001525879 22.2250003814697 22.1639995574951 22.0540008544922 19.9810009002686 18.1270008087158 19.6180000305176 21.492000579834 22.6499996185303
18.9379997253418 23.2099990844727 25.9340000152588 27.1520004272461 27.128999710083 26.4130001068115 24.0830001831055 24.0830001831055 22.5809993743896 21.1019992828369 18.1749992370605 14.9589996337891 16.4720001220703 14.6850004196167 4.37799978256226 9.12100028991699 14.0670003890991 15.3380002975464 13.0719995498657 12.4309997558594 13.0620002746582 14.5150003433228 15.4280004501343 17.0979995727539 19.568000793457 20.4790000915527 20.8490009307861 21.4090003967285 20.6310005187988 20.0170001983643 21.2220001220703 21.6679992675781 24.3090000152588 26.3379993438721 27.3050003051758 26.9680004119873 26.1459999084473 24.4990005493164 23.1720008850098 22.9209995269775 22.7269992828369 21.7199993133545 18.8330001831055 18.9179992675781 19.6560001373291 21.3020000457764
21.7110004425049 26.0919990539551 27.3400001525879 27.9160003662109 27.7360000610352 26.7679996490479 25.943000793457 25.5849990844727 24.7859992980957 23.1049995422363 16.8819999694824 14.91100025177 15.0769996643066 15.7620000839233 1.48599994182587 4.36600017547607 7.24599981307983 10.125 14.3319997787476 13.7069997787476 14.3479995727539 15.3360004425049 15.6160001754761 17.1459999084473 20.7199993133545 18.3239994049072 20.0970001220703 26.7590007781982 24.7660007476807 21.8560009002686 22.7350006103516 23.1690006256104 23.7849998474121 25.4069995880127 26.4220008850098 26.2649993896484 25.6870002746582 25.298999786377 23.6790008544922 22.8409996032715 21.9599990844727 19.5879993438721 19.2679996490479 18.8419990539551 19.261999130249 19.7240009307861
22.7360000610352 25.6900005340576 27.1200008392334 27.7169990539551 27.5520000457764 26.9419994354248 26.375 25.3150005340576 24.5450000762939 23.0779991149902 16.9790000915527 16.0300006866455 15.5780000686646 15.5939998626709 3.28500008583069 5.23400020599365 8.4350004196167 11.4329996109009 13.878999710083 14.168999671936 15.5860004425049 15.8579998016357 15.7790002822876 19.988000869751 19.9790000915527 17.3980007171631 20.9799995422363 27.5960006713867 26.7159996032715 22.7970008850098 23.2350006103516 23.8209991455078 23.9459991455078 24.7859992980957 25.8050003051758 26.2240009307861 25.6989994049072 24.8379993438721 23.3969993591309 22.5610008239746 22.2080001831055 21.1520004272461 20.6159992218018 19.9820003509521 20.0559997558594 21.6380004882812
24.0160007476807 26.2360000610352 26.6860008239746 27.1520004272461 27.2180004119873 26.8889999389648 26.5499992370605 25.6860008239746 24.3159999847412 22.5849990844727 18.121000289917 16.9309997558594 16.6569995880127 16.4389991760254 9.58699989318848 4.45800018310547 8.67000007629395 12.8470001220703 14.1400003433228 14.6619997024536 15.2550001144409 16.5300006866455 20.6580009460449 22.2329998016357 23.8239994049072 23.4740009307861 27.2029991149902 28.9139995574951 28.3680000305176 26.1560001373291 25.5100002288818 24.8549995422363 23.6060009002686 23.1299991607666 24.2450008392334 25.2210006713867 25.2269992828369 25.1609992980957 23.8090000152588 22.8349990844727 22.4659996032715 21.5100002288818 21.2140007019043 21.0009994506836 22.3409996032715 24.9169998168945
23.3819999694824 25.2159996032715 26.3819999694824 26.7549991607666 26.9220008850098 26.3610000610352 26.17799949646 25.6049995422363 23.9659996032715 22.761999130249 19.2189998626709 17.7290000915527 17.7819995880127 18.8780002593994 16.4759998321533 10.8739995956421 11.3199996948242 11.8999996185303 14.0249996185303 14.6510000228882 14.7550001144409 17.0209999084473 21.4060001373291 24.3390007019043 26.7280006408691 28.923999786377 29.8209991455078 29.7089996337891 29.2089996337891 28.9220008850098 27.7590007781982 25.7019996643066 24.7749996185303 21.6809997558594 22.1830005645752 23.2639999389648 23.8939990997314 23.9370002746582 22.6879997253418 22.0370006561279 22.1019992828369 21.1889991760254 21.1749992370605 24.806999206543 27.6590003967285 27.5349998474121
25.2959995269775 25.4400005340576 25.1299991607666 25.9060001373291 26.6480007171631 26.3619995117188 24.5340003967285 24.6679992675781 23.2240009307861 22.375 21.011999130249 19.4389991760254 19.3810005187988 20.1959991455078 18.5590000152588 15.7980003356934 13.1309995651245 15.6149997711182 17.761999130249 16.6270008087158 14.2810001373291 16.4449996948242 22.1280002593994 25.2119998931885 28.3470001220703 30.05299949646 30.6690006256104 30.9599990844727 30.3770008087158 29.7810001373291 28.6000003814697 26.4869995117188 24.8190002441406 22.2140007019043 22.0160007476807 22.2859992980957 22.6499996185303 22.9260005950928 22.7099990844727 20.7670001983643 21.57200050354 21.2469997406006 21.5 25.8729991912842 28.4020004272461 28.7889995574951
26.0919990539551 24.7859992980957 23.8799991607666 24.6669998168945 25.4829998016357 23.4939994812012 22.701000213623 23.1770000457764 22.9799995422363 22.4080009460449 22.2059993743896 21.5540008544922 20.0949993133545 20.2339992523193 19.2630004882812 17.3090000152588 17.6450004577637 19.6730003356934 19.7469997406006 17.7479991912842 13.3409996032715 18.8859996795654 22.1240005493164 25.0109996795654 28.3369998931885 30.0669994354248 31.2560005187988 31.9099998474121 31.0109996795654 29.6529998779297 28.1490001678467 27.1389999389648 25.5879993438721 22.6650009155273 22.2649993896484 22.4160003662109 22.8369998931885 23.0440006256104 22.2320003509521 20.3040008544922 21.1730003356934 22.076000213623 24.6180000305176 25.9519996643066 28.3729991912842 29.0069999694824
26.7070007324219 25.5179996490479 23.5659999847412 23.7119998931885 23.8439998626709 23.6319999694824 23.1229991912842 22.5939998626709 22.8250007629395 23.003999710083 22.5699996948242 21.863000869751 20.0900001525879 20.2670001983643 18.9799995422363 18.943000793457 20.1429996490479 21.507999420166 21.681999206543 21.7220001220703 19.0249996185303 22.6149997711182 23.1480007171631 24.7360000610352 28.4689998626709 30.5170001983643 31.318000793457 31.4540004730225 30.6159992218018 29.4540004730225 28.0130004882812 27.5970001220703 26.1319999694824 22.8939990997314 23.1280002593994 23.121000289917 23.3159999847412 22.1079998016357 21.0130004882812 20.4890003204346 21.8980007171631 22.9599990844727 26.007999420166 27.6200008392334 29.5270004272461 30.5610008239746
26.7609996795654 26.0359992980957 24.8560009002686 24.2840003967285 24.3409996032715 23.9220008850098 23.6709995269775 22.7089996337891 22.2150001525879 22.9640007019043 22.746000289917 21.8980007171631 20.2520008087158 20.2789993286133 18.9419994354248 18.7730007171631 20.6720008850098 22.5879993438721 23.0979995727539 23.9109992980957 23.8209991455078 23.5030002593994 23.9290008544922 25.2299995422363 28.1340007781982 29.3680000305176 30.0389995574951 29.9099998474121 29.80299949646 29.4890003204346 28.3419990539551 27.8589992523193 25.3929996490479 22.318000793457 23.117000579834 23.6310005187988 23.9270000457764 22.9519996643066 22.3939990997314 23.3819999694824 23.4559993743896 23.4150009155273 25.2310009002686 28.0690002441406 30.7880001068115 32.0379981994629
26.1760005950928 26.1690006256104 25.5960006713867 25.318000793457 25.2290000915527 24.6000003814697 23.9309997558594 22.9009990692139 23.0559997558594 23.0830001831055 23.17799949646 22.2590007781982 21.1340007781982 21.378999710083 19.0550003051758 21.0629997253418 23.1730003356934 23.5820007324219 24.4080009460449 25.3689994812012 25.4729995727539 25.4829998016357 25.9780006408691 25.6900005340576 27.1529998779297 28.2140007019043 29.0069999694824 28.7940006256104 28.6410007476807 28.8379993438721 28.4099998474121 26.4020004272461 24.0590000152588 22.8490009307861 23.386999130249 24.443000793457 24.5270004272461 25.0069999694824 24.8640003204346 24.7730007171631 24.4519996643066 24.4850006103516 24.5440006256104 27.886999130249 30.3640003204346 31.9799995422363
27.1590003967285 26.8159999847412 26.5930004119873 26.2590007781982 26.128999710083 25.8759994506836 24.6690006256104 24.3129997253418 24.8379993438721 24.9720001220703 24.7800006866455 23.2240009307861 22.246000289917 21.806999206543 21.1700000762939 22.6089992523193 23.6830005645752 25.0049991607666 25.8439998626709 26.1870002746582 26.6660003662109 26.9120006561279 26.6900005340576 25.6040000915527 25.386999130249 27.0349998474121 27.8090000152588 27.94700050354 27.4759998321533 27.7409992218018 25.8500003814697 25.9619998931885 22.6119995117188 21.9120006561279 23.5370006561279 25.0100002288818 25.1219997406006 25.7759990692139 25.8490009307861 25.636999130249 25.0750007629395 25.1620006561279 25.2439994812012 28.6350002288818 30.136999130249 31.3169994354248
