02_asc_chm-r50m/BR220Q.asc
NCOLS 200 
NROWS 200 
XLLCORNER 533445.5 
YLLCORNER 5297805 
CELLSIZE 0.5 
NODATA_value -3.4e+38 
[rows 180 to 199 of 200, columns 92 to 137 of 200]
26.8899993896484 31.3339996337891 35.1370010375977 36.0139999389648 36.6759986877441 37.4729995727539 38.632999420166 38.3040008544922 37.2179985046387 36.9360008239746 35.9700012207031 35.1349983215332 34.4910011291504 35.0040016174316 35.0940017700195 35.2430000305176 35.5559997558594 35.5089988708496 34.9650001525879 33.2509994506836 32.625 31.7759990692139 27.1509990692139 23.0949993133545 23.568000793457 23.4909992218018 24.2800006866455 24.9179992675781 31.0550003051758 31.7259998321533 30.5160007476807 29.3929996490479 29.1060009002686 28.4360008239746 26.2479991912842 26.1959991455078 24.6749992370605 20.548999786377 18.9150009155273 12.8229999542236 10.0229997634888 6.98099994659424 1.51400005817413 6.5 17.3199996948242 27.701000213623
27.2110004425049 31.9619998931885 35.3629989624023 35.8499984741211 36.6030006408691 37.8040008544922 38.3940010070801 37.5960006713867 37.0029983520508 36.4480018615723 34.6980018615723 33.9609985351562 32.5629997253418 34.3479995727539 35.7649993896484 35.9010009765625 35.890998840332 35.601001739502 35.0439987182617 33.7809982299805 32.9539985656738 26.6749992370605 24.8279991149902 22.7730007171631 23.7059993743896 25.19700050354 31.3509998321533 31.3050003051758 32.9160003662109 34.1030006408691 34.125 32.4910011291504 30.4220008850098 30.742000579834 30.0319995880127 28.7740001678467 26.5890007019043 22.42799949646 18.8729991912842 12.6990003585815 8.00699996948242 4.25500011444092 4.6230001449585 9.05300045013428 7.25 25.9559993743896
26.4379997253418 27.7919998168945 34.8930015563965 35.7089996337891 36.2859992980957 36.8600006103516 37.2669982910156 36.9930000305176 36.5699996948242 35.8689994812012 32.9809989929199 31.8850002288818 32.5149993896484 34.6969985961914 35.8810005187988 36.1510009765625 35.7970008850098 34.9090003967285 34.5979995727539 33.318000793457 32.5870018005371 26.931999206543 25.9249992370605 24.451000213623 24.5809993743896 27.05299949646 31.451000213623 33.2449989318848 33.5839996337891 35.0130004882812 35.8940010070801 35.4720001220703 33.5289993286133 32.3370018005371 31.9580001831055 30.0639991760254 25.4699993133545 23.3600006103516 19.6140003204346 12.7650003433228 6.48299980163574 3.97900009155273 7.73099994659424 11.6070003509521 6.77899980545044 25.2320003509521
24.3190002441406 21.7889995574951 30.9729995727539 35.1080017089844 35.8969993591309 36.3390007019043 36.4690017700195 36.2480010986328 35.75 34.9690017700195 33.523998260498 31.6410007476807 33.1459999084473 34.2449989318848 35.3660011291504 35.6959991455078 35.0660018920898 34.8419990539551 34.2299995422363 32.1080017089844 32.1209983825684 29.8379993438721 28.757999420166 27.3090000152588 26.6940002441406 28.7980003356934 33.0130004882812 35.0859985351562 36.4189987182617 37.060001373291 37.0009994506836 36.4339981079102 36.2669982910156 35.0060005187988 34.326000213623 33.5519981384277 26.8339996337891 24.2679996490479 19.5669994354248 13.3990001678467 6.6710000038147 6.98199987411499 10.83899974823 14.5920000076294 14.0179996490479 22.4050006866455
24.5310001373291 22.8999996185303 23.0799999237061 32.4799995422363 34.9300003051758 35.6160011291504 35.5960006713867 35.1290016174316 34.3339996337891 33.4900016784668 32.1049995422363 31.6720008850098 32.6240005493164 33.7309989929199 34.185001373291 34.3370018005371 34.0439987182617 34.2270011901855 33.8740005493164 32.7299995422363 31.7369995117188 29.0790004730225 28.7859992980957 29.0809993743896 30.0879993438721 33.1259994506836 34.8050003051758 36.0960006713867 36.5880012512207 37.8339996337891 38.1570014953613 37.431999206543 36.8930015563965 36.4659996032715 34.8979988098145 34.0639991760254 31.4330005645752 27.4220008850098 25.1000003814697 17.6340007781982 7.63700008392334 8.88700008392334 14.1780004501343 17.0090007781982 17.9580001831055 17.7469997406006
24.4459991455078 22.8490009307861 22.6730003356934 28.5009994506836 33.6180000305176 34.3289985656738 34.2799987792969 34.0260009765625 32.7089996337891 31.5860004425049 24.9300003051758 28.9629993438721 31.9220008850098 32.1629981994629 32.2799987792969 32.4700012207031 32.4290008544922 33.4529991149902 33.140998840332 32.6650009155273 31.8449993133545 30.2180004119873 28.8020000457764 29.4930000305176 30.2910003662109 32.3450012207031 35.185001373291 36.6790008544922 37.3120002746582 38.7220001220703 38.8279991149902 38.6990013122559 37.6349983215332 37.1879997253418 34.9819984436035 34.2470016479492 33.5260009765625 30.5149993896484 27.9990005493164 23.0209999084473 15.0900001525879 13.9010000228882 14.9750003814697 17.246000289917 18.6889991760254 18.6060009002686
23.886999130249 21.1340007781982 24.7970008850098 27.3139991760254 33.2379989624023 32.0379981994629 22.8939990997314 19.8799991607666 26.4990005493164 26.8059997558594 15.298999786377 17.8950004577637 29.7269992828369 30.5219993591309 30.7469997406006 30.6949996948242 31.5900001525879 32.8030014038086 32.2729988098145 31.7770004272461 26.5970001220703 29.048999786377 28.0769996643066 28.3020000457764 29.0410003662109 33.015998840332 34.6980018615723 37.375 38.7360000610352 39.2039985656738 39.5340003967285 39.3479995727539 37.951000213623 36.9519996643066 34.1870002746582 34.1609992980957 32.4949989318848 30.3010005950928 30.3010005950928 25.6979999542236 20.4309997558594 16.8269996643066 15.6920003890991 17.2870006561279 19.0690002441406 19.4419994354248
23.8150005340576 24.5189990997314 26.9300003051758 27.0370006561279 24.0849990844727 21.4610004425049 9.05500030517578 4.06799983978271 3.96199989318848 10.4610004425049 3.81500005722046 20.3619995117188 28.617000579834 29.1580009460449 29.2399997711182 29.9109992980957 30.6100006103516 31.0650005340576 31.1809997558594 29.5769996643066 22.1539993286133 25.4009990692139 26.8999996185303 23.2770004272461 25.628999710083 33.2080001831055 34.6080017089844 37.3190002441406 38.8230018615723 39.5839996337891 39.7809982299805 39.3429985046387 37.7070007324219 36.8650016784668 35.1240005493164 34.8050003051758 33.7820014953613 32.507999420166 31.7700004577637 28.201000213623 23.5550003051758 22.0179996490479 19.2339992523193 18.7549991607666 19.3530006408691 19.8950004577637
23.1019992828369 20.9249992370605 24.3099994659424 18.4120006561279 11.7239999771118 9.21700000762939 4.54099988937378 3.84100008010864 3.86999988555908 3.94400000572205 3.71199989318848 17.7689990997314 26.8619995117188 27.6110000610352 27.488000869751 28.3519992828369 26.5709991455078 28.1270008087158 28.076000213623 27.8889999389648 22.7409992218018 25.2070007324219 27.2189998626709 27.3099994659424 26.1310005187988 32.2400016784668 35.2130012512207 36.9090003967285 37.898998260498 38.7039985656738 38.826000213623 38.7280006408691 37.8889999389648 37.7620010375977 36.3240013122559 36.2569999694824 35.4099998474121 33.3849983215332 32.6450004577637 31.318000793457 25.4120006561279 17.9029998779297 18.7709999084473 19.5699996948242 19.8400001525879 20.4130001068115
21.2649993896484 19.931999206543 19.7199993133545 13.628999710083 11.1510000228882 8.22299957275391 3.90499997138977 3.87100005149841 4.33799982070923 4.55700016021729 5.93499994277954 9.625 23.5410003662109 25.9209995269775 24.5319995880127 23.0629997253418 18.3910007476807 24.2080001831055 25.5200004577637 29.306999206543 26.4740009307861 26.9680004119873 30.2119998931885 31.3020000457764 31.0149993896484 33.2849998474121 35.2029991149902 36.0340003967285 36.6240005493164 37.3289985656738 38.0419998168945 38.5320014953613 38.1780014038086 37.9780006408691 38.2490005493164 37.3530006408691 35.9939994812012 34.3790016174316 32.4480018615723 31.6420001983643 28.5520000457764 20.0259990692139 18.7240009307861 19.6359996795654 20.1259994506836 20.6709995269775
17.2099990844727 17.0200004577637 15.1020002365112 9.24100017547607 12.2749996185303 15.1619997024536 8.69600009918213 8.84000015258789 5.24900007247925 4.49399995803833 5.02699995040894 13.5939998626709 17.3139991760254 19.8430004119873 19.9300003051758 19.4680004119873 20.9200000762939 22.6879997253418 26.6089992523193 30.80299949646 30.6580009460449 30.4009990692139 32.5270004272461 32.7879981994629 32.8520011901855 32.9230003356934 34.2330017089844 35.2680015563965 36.1559982299805 37.4360008239746 38.9799995422363 39.273998260498 38.2789993286133 39.0449981689453 39.609001159668 38.4080009460449 37.7089996337891 35.0120010375977 33.4490013122559 31.7229995727539 30.4769992828369 22.2560005187988 21.0799999237061 19.5100002288818 20.0869998931885 19.9790000915527
12.9499998092651 11.4910001754761 10.951000213623 6.2020001411438 4.21999979019165 18.4270000457764 21.2189998626709 15.6350002288818 7.4229998588562 6.59499979019165 5.24399995803833 15.6319999694824 19.0779991149902 19.9790000915527 20.003999710083 20.5429992675781 21.5610008239746 21.80299949646 27.0520000457764 30.6520004272461 30.7649993896484 31.7210006713867 32.5040016174316 32.9550018310547 33.0299987792969 33.3269996643066 33.7319984436035 34.8240013122559 35.4799995422363 37.7169990539551 39.2459983825684 39.9290008544922 39.7840003967285 40.4570007324219 40.2919998168945 39.7019996643066 37.4109992980957 36.1059989929199 33.7509994506836 31.8990001678467 30.2169990539551 26.7220001220703 24.7509994506836 19.5440006256104 18.7290000915527 20.1259994506836
11.3940000534058 11.3380002975464 11.3299999237061 9.44400024414062 16.9260005950928 24.8409996032715 25.3910007476807 23.8840007781982 12.0649995803833 7.18699979782104 9.0959997177124 14.289999961853 17.7339992523193 19.2749996185303 20.6690006256104 21.2320003509521 21.742000579834 22.0259990692139 27.681999206543 29.8110008239746 31.121000289917 32.2229995727539 32.9749984741211 33.3129997253418 33.6790008544922 33.7799987792969 33.5960006713867 35.0429992675781 35.8089981079102 38.2389984130859 38.9249992370605 40.0260009765625 40.5299987792969 40.617000579834 40.6059989929199 38.7949981689453 36.8440017700195 36.3720016479492 34.8680000305176 32.6829986572266 30.0709991455078 28.4570007324219 20.9629993438721 24.30299949646 -3.4e+38 -3.4e+38
15.2869997024536 7.86600017547607 11.539999961853 23.2430000305176 27.0160007476807 28.5639991760254 29.1720008850098 29.8349990844727 23.1159992218018 10.5139999389648 13.914999961853 17.2409992218018 17.4810009002686 20.25 21.2199993133545 21.4699993133545 22.2660007476807 22.94700050354 26.757999420166 29.7709999084473 31.5230007171631 32.4539985656738 33.2309989929199 34.1240005493164 34.4389991760254 33.8639984130859 33.5709991455078 33.8689994812012 33.9669990539551 36.2529983520508 38.015998840332 39.4329986572266 39.9749984741211 40.2949981689453 39.6590003967285 39.2470016479492 37.939998626709 36.6269989013672 35.0019989013672 32.4379997253418 30.2159996032715 28.4790000915527 -3.4e+38 -3.4e+38 -3.4e+38 -3.4e+38
6.43499994277954 7.02099990844727 15.2959995269775 26.7929992675781 28.5849990844727 31.0429992675781 31.8120002746582 31.7549991607666 31.2910003662109 24.1660003662109 22.0049991607666 17.4039993286133 17.6079998016357 19.5090007781982 21.1420001983643 22.3409996032715 22.7959995269775 23.1679992675781 25.7450008392334 30.4409999847412 31.7329998016357 32.435001373291 33.201000213623 34.181999206543 34.423999786377 33.9449996948242 33.9230003356934 33.3240013122559 32.3209991455078 35.4000015258789 35.7439994812012 37.7350006103516 39.1189994812012 38.8559989929199 38.1020011901855 38.4700012207031 38.3849983215332 35.6790008544922 33.568000793457 31.3159999847412 -3.4e+38 -3.4e+38 -3.4e+38 -3.4e+38 -3.4e+38 -3.4e+38
1.64400005340576 13.7080001831055 24.7549991607666 27.5960006713867 29.7280006408691 31.7929992675781 32.673999786377 32.7830009460449 31.8929996490479 31.0249996185303 27.2040004730225 20.7290000915527 17.3139991760254 19.1180000305176 20.5300006866455 21.9850006103516 22.3040008544922 22.7919998168945 24.886999130249 29.9850006103516 31.5960006713867 32.2299995422363 32.7789993286133 34.1279983520508 34.5099983215332 34.5009994506836 34.6230010986328 34.4819984436035 34.4500007629395 33.7999992370605 34.9710006713867 36.4739990234375 37.1290016174316 37.0460014343262 36.8009986877441 36.3050003051758 -3.4e+38 -3.4e+38 -3.4e+38 -3.4e+38 -3.4e+38 -3.4e+38 -3.4e+38 -3.4e+38 -3.4e+38 -3.4e+38
1.37399995326996 13.628999710083 25.3840007781982 27.7789993286133 30.3299999237061 32.5270004272461 33.2220001220703 33.3919982910156 32.435001373291 30.5419998168945 29.9370002746582 23.1100006103516 16.3929996490479 18.7409992218018 20.5090007781982 21.1690006256104 21.5590000152588 23.1270008087158 23.8689994812012 28.6609992980957 30.4400005340576 32.8979988098145 33.7680015563965 34.6189994812012 34.6279983520508 34.5040016174316 34.6629981994629 34.2299995422363 33.3740005493164 34.7249984741211 34.7410011291504 -3.4e+38 -3.4e+38 -3.4e+38 -3.4e+38 -3.4e+38 -3.4e+38 -3.4e+38 -3.4e+38 -3.4e+38 -3.4e+38 -3.4e+38 -3.4e+38 -3.4e+38 -3.4e+38 -3.4e+38
3.34200000762939 8.64700031280518 26.4869995117188 28.4699993133545 31.0839996337891 31.882999420166 33.109001159668 33.1920013427734 32.5309982299805 30.7929992675781 28.5419998168945 22.1959991455078 15.2270002365112 17.5429992675781 20.6019992828369 20.0729999542236 20.3090000152588 23.2439994812012 24.238000869751 25.3819999694824 29.1229991912842 32.3470001220703 32.6349983215332 32.2709999084473 -3.4e+38 -3.4e+38 -3.4e+38 -3.4e+38 -3.4e+38 -3.4e+38 -3.4e+38 -3.4e+38 -3.4e+38 -3.4e+38 -3.4e+38 -3.4e+38 -3.4e+38 -3.4e+38 -3.4e+38 -3.4e+38 -3.4e+38 -3.4e+38 -3.4e+38 -3.4e+38 -3.4e+38 -3.4e+38
10.6920003890991 13.3570003509521 25.7970008850098 27.7089996337891 30.9659996032715 32.140998840332 32.5400009155273 32.0320014953613 31.3020000457764 30.3899993896484 27.117000579834 20.0890007019043 15.7530002593994 17.9389991760254 19.9710006713867 19.2189998626709 22.132999420166 25.298999786377 -3.4e+38 -3.4e+38 -3.4e+38 -3.4e+38 -3.4e+38 -3.4e+38 -3.4e+38 -3.4e+38 -3.4e+38 -3.4e+38 -3.4e+38 -3.4e+38 -3.4e+38 -3.4e+38 -3.4e+38 -3.4e+38 -3.4e+38 -3.4e+38 -3.4e+38 -3.4e+38 -3.4e+38 -3.4e+38 -3.4e+38 -3.4e+38 -3.4e+38 -3.4e+38 -3.4e+38 -3.4e+38
-3.4e+38 -3.4e+38 -3.4e+38 -3.4e+38 -3.4e+38 -3.4e+38 -3.4e+38 -3.4e+38 -3.4e+38 -3.4e+38 -3.4e+38 -3.4e+38 -3.4e+38 -3.4e+38 -3.4e+38 -3.4e+38 -3.4e+38 -3.4e+38 -3.4e+38 -3.4e+38 -3.4e+38 -3.4e+38 -3.4e+38 -3.4e+38 -3.4e+38 -3.4e+38 -3.4e+38 -3.4e+38 -3.4e+38 -3.4e+38 -3.4e+38 -3.4e+38 -3.4e+38 -3.4e+38 -3.4e+38 -3.4e+38 -3.4e+38 -3.4e+38 -3.4e+38 -3.4e+38 -3.4e+38 -3.4e+38 -3.4e+38 -3.4e+38 -3.4e+38 -3.4e+38
