02_asc_chm-r50m/BR222Y.asc
NCOLS 200 
NROWS 200 
XLLCORNER 535914 
YLLCORNER 5299595.5 
CELLSIZE 0.5 
NODATA_value -3.4e+38 
[rows 60 to 79 of 200, columns 0 to 45 of 200]
-3.4e+38 -3.4e+38 -3.4e+38 -3.4e+38 -3.4e+38 -3.4e+38 -3.4e+38 -3.4e+38 -3.4e+38 -3.4e+38 8.6850004196167 14.0139999389648 19.6919994354248 21.9710006713867 23.507999420166 24.92799949646 26.3299999237061 26.8099994659424 26.9799995422363 27.503999710083 28.5060005187988 29.3880004882812 29.2509994506836 28.2840003967285 27.556999206543 26.0270004272461 23.7859992980957 19.7110004425049 17.9099998474121 19.7399997711182 20.2999992370605 22.5020008087158 22.4080009460449 22.1770000457764 22.3819999694824 22.5520000457764 23.5690002441406 26.7639999389648 29.6989994049072 31.7240009307861 34.4580001831055 35.0330009460449 34.1699981689453 32.5400009155273 29.4519996643066 25.878999710083
-3.4e+38 -3.4e+38 -3.4e+38 -3.4e+38 -3.4e+38 -3.4e+38 -3.4e+38 -3.4e+38 -3.4e+38 8.08500003814697 8.66899967193604 12.1719999313354 16.7339992523193 20.19700050354 22.1889991760254 24.318000793457 24.2210006713867 25.4330005645752 26.1529998779297 27.1979999542236 27.6700000762939 28.7110004425049 28.5849990844727 28.431999206543 26.9729995727539 24.8020000457764 22.3080005645752 17.6520004272461 16.3990001678467 16.1299991607666 17.5100002288818 20.0370006561279 20.878999710083 21.5480003356934 21.761999130249 21.8409996032715 22.8460006713867 24.4440002441406 28.2940006256104 31.3780002593994 34.1160011291504 33.7099990844727 33.148998260498 31.2859992980957 29.0429992675781 27.503999710083
-3.4e+38 -3.4e+38 -3.4e+38 -3.4e+38 -3.4e+38 -3.4e+38 -3.4e+38 -3.4e+38 9.26000022888184 7.2480001449585 7.64300012588501 9.9370002746582 13.8859996795654 18.1189994812012 18.7479991912842 18.7910003662109 20.3810005187988 22.1229991912842 23.3999996185303 24.9610004425049 26.4839992523193 27.3290004730225 27.8999996185303 27.3139991760254 24.6989994049072 24.69700050354 22.2900009155273 18.3600006103516 17.1630001068115 14.0340003967285 15.3559999465942 16.6270008087158 18.4020004272461 20.3050003051758 21.2360000610352 21.8700008392334 22.1650009155273 24.3969993591309 27.1480007171631 30.132999420166 32.8019981384277 31.6800003051758 32.0359992980957 31.382999420166 29.923999786377 26.1730003356934
-3.4e+38 -3.4e+38 -3.4e+38 -3.4e+38 -3.4e+38 -3.4e+38 -3.4e+38 -3.4e+38 6.83199977874756 6.84100008010864 5.84200000762939 6.32800006866455 9.61400032043457 14.1280002593994 13.9650001525879 14.8500003814697 17.1720008850098 19.7770004272461 22.8419990539551 23.8320007324219 24.9370002746582 25.9650001525879 26.4829998016357 25.0209999084473 24.6070003509521 24.4689998626709 21.9729995727539 18.8129997253418 12.5220003128052 12.4750003814697 13.5679998397827 14.8439998626709 15.6359996795654 19.6189994812012 20.2919998168945 21.3700008392334 22.378999710083 24.1609992980957 24.9790000915527 28.1159992218018 31.5270004272461 31.0270004272461 29.8479995727539 29.5459995269775 27.4810009002686 24.5359992980957
-3.4e+38 -3.4e+38 -3.4e+38 -3.4e+38 -3.4e+38 -3.4e+38 -3.4e+38 10.2329998016357 7.97599983215332 6.97499990463257 6.47399997711182 5.3769998550415 5.0019998550415 8.97000026702881 13.3760004043579 13.9029998779297 14.8400001525879 16.4039993286133 19.3840007781982 22.1660003662109 23.6730003356934 24.1870002746582 24.2959995269775 23.7469997406006 23.4650001525879 23.1380004882812 19.5779991149902 16.7759990692139 9.67800045013428 10.0059995651245 11.2130002975464 9.90799999237061 12.5459995269775 15.0209999084473 17.7759990692139 17.8330001831055 17.9069995880127 20.80299949646 24.8309993743896 27.3689994812012 27.7819995880127 27.4130001068115 27.0419998168945 26.3320007324219 24.7590007781982 23.2250003814697
-3.4e+38 -3.4e+38 -3.4e+38 -3.4e+38 -3.4e+38 -3.4e+38 -3.4e+38 9.90900039672852 9.13599967956543 8.25100040435791 10.58899974823 7.70300006866455 6.47499990463257 7.80999994277954 10.9739999771118 12.0069999694824 12.7600002288818 13.8739995956421 14.8500003814697 19.5189990997314 22.3500003814697 23.4150009155273 23.2099990844727 22.5270004272461 21.0389995574951 20.056999206543 16.3600006103516 9.70300006866455 7.53599977493286 8.4709997177124 9.3129997253418 9.60499954223633 11.1780004501343 11.2869997024536 11.9980001449585 12.4809999465942 13.2980003356934 15.371000289917 19.9589996337891 20.5139999389648 20.4519996643066 20.9750003814697 19.8169994354248 22.5890007019043 21.6790008544922 21.2029991149902
-3.4e+38 -3.4e+38 -3.4e+38 -3.4e+38 -3.4e+38 -3.4e+38 10.9899997711182 10.4530000686646 10.5380001068115 11.3769998550415 11.7270002365112 10.3500003814697 8.73499965667725 9.20100021362305 12.2419996261597 12.4420003890991 11.4860000610352 13.5790004730225 14.0319995880127 16.0970001220703 18.3379993438721 18.75 20.4160003662109 21.121000289917 18.2660007476807 16.6240005493164 14.8690004348755 7.42600011825562 7.19299983978271 8.60099983215332 10.3369998931885 10.1560001373291 10.5620002746582 10.9589996337891 11.8970003128052 11.6590003967285 11.9879999160767 11.41100025177 12.8079996109009 13.6560001373291 13.6899995803833 12.9340000152588 11.7550001144409 16.7639999389648 20.4360008239746 21.9810009002686
-3.4e+38 -3.4e+38 -3.4e+38 -3.4e+38 -3.4e+38 -3.4e+38 10.8479995727539 10.7600002288818 9.1899995803833 10.6479997634888 12.1719999313354 13.1309995651245 12.6510000228882 13.039999961853 13.6719999313354 13.2259998321533 10.0629997253418 12.6379995346069 15.0170001983643 16.1620006561279 18.2649993896484 18.9309997558594 18.9419994354248 19.2210006713867 18.2709999084473 15.0609998703003 13.41100025177 8.74100017547607 7.27400016784668 9.46700000762939 11.4809999465942 11.4930000305176 12.3299999237061 13.3999996185303 13.0579996109009 11.923999786377 11.7239999771118 11.1979999542236 8.28600025177002 9.27999973297119 10.78600025177 11.5679998397827 11.9449996948242 16.9459991455078 19.951000213623 21.4799995422363
-3.4e+38 -3.4e+38 -3.4e+38 -3.4e+38 -3.4e+38 11.8420000076294 11.4569997787476 12.3170003890991 12.3599996566772 12.8360004425049 13.4949998855591 14.2150001525879 14.4099998474121 14.4020004272461 14.2779998779297 13.4969997406006 11.0620002746582 13.8839998245239 17.0890007019043 18 19.0419998168945 19.8810005187988 19.4039993286133 19.4899997711182 17.8519992828369 16.0020008087158 13.253999710083 7.38000011444092 7.68699979782104 10.2279996871948 11.9820003509521 12.2910003662109 13.2550001144409 13.753999710083 13.3120002746582 12.1160001754761 11.8459997177124 11.7329998016357 8.50100040435791 9.67500019073486 10.0869998931885 11.2159996032715 13.4870004653931 16.4500007629395 18.9440002441406 23.5160007476807
-3.4e+38 -3.4e+38 -3.4e+38 -3.4e+38 -3.4e+38 13.1239995956421 13.33899974823 13.8690004348755 14.0930004119873 14.2130002975464 14.3549995422363 14.5369997024536 14.5920000076294 14.8509998321533 14.8090000152588 13.8050003051758 12.0679998397827 14.5609998703003 17.8239994049072 19.0020008087158 19.6060009002686 20.5890007019043 20.5049991607666 19.9720001220703 18.0610008239746 16.1949996948242 14.456000328064 9.28800010681152 8.53499984741211 10.9139995574951 11.6549997329712 12.1470003128052 13.3489999771118 13.9169998168945 13.8170003890991 12.5749998092651 12.1599998474121 10.9610004425049 9.57699966430664 9.80099964141846 10.1330003738403 10.2410001754761 12.2200002670288 15.5670003890991 19.1119995117188 23.2049999237061
-3.4e+38 -3.4e+38 -3.4e+38 -3.4e+38 -3.4e+38 13.9350004196167 13.7040004730225 16.2409992218018 16.806999206543 16.3959999084473 16.3649997711182 15.1920003890991 14.8299999237061 14.9870004653931 14.8070001602173 13.0550003051758 11.8909997940063 14.6000003814697 17 18.8159999847412 19.8369998931885 20.3020000457764 20.3980007171631 19.9209995269775 19.0200004577637 17.4820003509521 13.6409997940063 10.2550001144409 8.95800018310547 9.78899955749512 10.6510000228882 11.2700004577637 12.71399974823 13.4670000076294 13.28600025177 12.414999961853 11.96399974823 10.6059999465942 9.91899967193604 9.38899993896484 9.49199962615967 10.2379999160767 10.8940000534058 16.6469993591309 19.8859996795654 22.0540008544922
-3.4e+38 -3.4e+38 -3.4e+38 -3.4e+38 14.8059997558594 14.66100025177 17.3439998626709 18.367000579834 18.1979999542236 18.7950000762939 17.8439998626709 15.3369998931885 15.0629997253418 15.0270004272461 15.0129995346069 13.6999998092651 13.8640003204346 15.8900003433228 17.0440006256104 18.0559997558594 19.3199996948242 19.8589992523193 20.1420001983643 19.7369995117188 19.0639991760254 15.6470003128052 9.78499984741211 8.48999977111816 9.125 10.6829996109009 11.4619998931885 12.0480003356934 12.543999671936 12.8369998931885 12.6820001602173 11.9049997329712 11.3529996871948 11.2760000228882 9.42300033569336 8.13199996948242 8.38599967956543 9.87399959564209 11.2580003738403 16.8850002288818 19.4580001831055 21.2670001983643
-3.4e+38 -3.4e+38 -3.4e+38 -3.4e+38 16.3400001525879 17.1650009155273 19.0949993133545 19.9909992218018 20.5330009460449 20.7159996032715 19.6790008544922 17.0890007019043 15.0520000457764 14.9630002975464 14.9519996643066 14.8360004425049 14.6639995574951 14.9270000457764 15.8470001220703 15.9580001831055 17.4080009460449 18.7310009002686 18.9909992218018 19.2049999237061 17.2810001373291 13.9790000915527 8.75 8.28800010681152 9.04100036621094 9.58699989318848 11.1899995803833 11.3599996566772 11.6120004653931 12.3610000610352 11.7440004348755 10.7679996490479 10.3970003128052 11.0830001831055 10.7370004653931 8.00100040435791 8.41300010681152 9.94999980926514 11.664999961853 12.7130002975464 17.0779991149902 18.451000213623
-3.4e+38 -3.4e+38 -3.4e+38 -3.4e+38 17.2070007324219 17.8169994354248 19.5769996643066 21.1860008239746 21.9330005645752 21.4640007019043 20.7980003356934 19.4360008239746 15.2130002975464 15.1319999694824 14.78600025177 14.7089996337891 14.5909996032715 14.5389995574951 15.3999996185303 15.0419998168945 15.6529998779297 16.5279998779297 16.2880001068115 15.6660003662109 14.4409999847412 11.4680004119873 8.26900005340576 6.93200016021729 7.80399990081787 8.47000026702881 9.76599979400635 10.4300003051758 10.0019998550415 11.4359998703003 11.3050003051758 10.0600004196167 9.77400016784668 10.1820001602173 7.88899993896484 8.04500007629395 8.36800003051758 9.08600044250488 11.1680002212524 11.9079999923706 12.3229999542236 16.1749992370605
-3.4e+38 -3.4e+38 -3.4e+38 -3.4e+38 17.1280002593994 18.0540008544922 19.9179992675781 21.6380004882812 22.2070007324219 21.9459991455078 20.9050006866455 19.9689998626709 17.3889999389648 15.5080003738403 15.128999710083 14.6300001144409 13.8780002593994 13.4350004196167 13.7810001373291 10.9849996566772 11.4390001296997 12.2930002212524 11.9289999008179 13.5590000152588 12.456000328064 8.56400012969971 4.15199995040894 4.36100006103516 4.67199993133545 7.78800010681152 9.16499996185303 9.07900047302246 8.61600017547607 10.2209997177124 9.56799983978271 10.6940002441406 8.35999965667725 8.5310001373291 8.15100002288818 8.32299995422363 8.41600036621094 7.86100006103516 7.90399980545044 8.60299968719482 10.5190000534058 13.6680002212524
-3.4e+38 -3.4e+38 -3.4e+38 -3.4e+38 16.9890003204346 16.8090000152588 19.2940006256104 20.7220001220703 21.4260005950928 20.9759998321533 20.1299991607666 17.75 15.6700000762939 15.4049997329712 15.3610000610352 14.9589996337891 13.2869997024536 12.0310001373291 10.5019998550415 5.84600019454956 6.9520001411438 4.5789999961853 7.04400014877319 11.8459997177124 9.72399997711182 3.41899991035461 1.84899997711182 1.38999998569489 1.25600004196167 4.77299976348877 7.67199993133545 6.95599985122681 6.68400001525879 6.97300004959106 8.11800003051758 13.3909997940063 12.4820003509521 10.201000213623 8.41499996185303 8.54599952697754 11.0769996643066 11.0270004272461 7.67799997329712 7.21799993515015 7.68300008773804 9.9709997177124
-3.4e+38 -3.4e+38 -3.4e+38 -3.4e+38 18.2250003814697 17.3229999542236 17.7350006103516 19.5499992370605 19.3530006408691 19.3999996185303 19.5400009155273 18.67799949646 15.0249996185303 15.1619997024536 15.1510000228882 13.7550001144409 12.4849996566772 11.1660003662109 11.1260004043579 9.25599956512451 6.00099992752075 2.32800006866455 7.58400011062622 9.49699974060059 6.33400011062622 3.45600008964539 1.02799999713898 1.10500001907349 1.42499995231628 4.88800001144409 8.35900020599365 7.77400016784668 7.14599990844727 7.61999988555908 9.97200012207031 15.2869997024536 17.3649997711182 16.1800003051758 15.0900001525879 14.8299999237061 14.5 14.1129999160767 11.4870004653931 7.66800022125244 5.94199991226196 6.31099987030029
-3.4e+38 -3.4e+38 -3.4e+38 19.3349990844727 19.2479991912842 18.6140003204346 17.2180004119873 17.0139999389648 16.4440002441406 16.4780006408691 17.613000869751 16.5310001373291 14.6890001296997 14.6149997711182 14.5190000534058 13.4799995422363 12.9320001602173 13.4449996948242 14.4759998321533 13.9090003967285 10.576000213623 2.80699992179871 8.44600009918213 7.14900016784668 3.98499989509583 0.654999971389771 0.700999975204468 0.966000020503998 0.874000012874603 3.08999991416931 7.5460000038147 11.1770000457764 11.0159997940063 11.1940002441406 15.3879995346069 18.3269996643066 19.5209999084473 19.5249996185303 19.3460006713867 18.1749992370605 17.6909999847412 16.7840003967285 15.7569999694824 7.75500011444092 6.05499982833862 6.07100009918213
-3.4e+38 -3.4e+38 -3.4e+38 20.1709995269775 18.8819999694824 18.6660003662109 16.3379993438721 16.1509990692139 16.4829998016357 16.2749996185303 16.4220008850098 15.8959999084473 14.8500003814697 14.5139999389648 14.2349996566772 14.3800001144409 15.0629997253418 15.3999996185303 16.5200004577637 16.3430004119873 14.9300003051758 7.11399984359741 7.96400022506714 4.53399991989136 0.828999996185303 0.549000024795532 1.08599996566772 1.59700000286102 2.33800005912781 3.60700011253357 6.73299980163574 10.8170003890991 12.6990003585815 12.9610004425049 15.6920003890991 19.548999786377 19.5289993286133 20.1620006561279 20.3509998321533 19.3279991149902 19.0219993591309 18.9829998016357 18.0919990539551 8.32999992370605 7.13399982452393 6.35300016403198
-3.4e+38 -3.4e+38 -3.4e+38 20.4440002441406 20.367000579834 19.863000869751 18.7859992980957 17.9179992675781 17.136999130249 16.4050006866455 16.3560009002686 15.9300003051758 15.0640001296997 14.1280002593994 13.9219999313354 14.4270000457764 15.6789999008179 18.1200008392334 18.4710006713867 18.5270004272461 16.7859992980957 14.4429998397827 9.57999992370605 1.67700004577637 1.23699998855591 2.21199989318848 3.18600010871887 3.61500000953674 4.3730001449585 4.57100009918213 6.53999996185303 11.2589998245239 13.4180002212524 14.2720003128052 17.5349998474121 20 21.181999206543 22.9820003509521 22.9379997253418 21.3959999084473 19.0520000457764 18.943000793457 18.7159996032715 13.4969997406006 9.72200012207031 8.10900020599365
