02_asc_chm-r50m/BR22XA.asc
NCOLS 201 
NROWS 201 
XLLCORNER 550783.5 
YLLCORNER 5279245.5 
CELLSIZE 0.5 
NODATA_value -3.4e+38 
[rows 80 to 99 of 201, columns 0 to 45 of 201]
-3.4e+38 -3.4e+38 -3.4e+38 -3.4e+38 13.9219999313354 15.2069997787476 15.3339996337891 19.3279991149902 20.9419994354248 21.4440002441406 21.7849998474121 21.6889991760254 19.4120006561279 18.4619998931885 18.6840000152588 15.2969999313354 14.9799995422363 11.5860004425049 11.451000213623 14.9160003662109 20.0739994049072 22.988000869751 25.3759994506836 26.5270004272461 26.8589992523193 27.0340003967285 28.0160007476807 28.67799949646 28.7169990539551 28.5809993743896 26.8430004119873 26.2390003204346 27.4890003204346 28.2240009307861 29.0200004577637 29.5599994659424 30 29.6709995269775 28.8619995117188 27.4090003967285 26.2900009155273 25.1650009155273 22.69700050354 22.3640003204346 22.5750007629395 23.2689990997314
-3.4e+38 -3.4e+38 -3.4e+38 20.1110000610352 11.8050003051758 12.4980001449585 17.2290000915527 20.6760005950928 20.5349998474121 20.7759990692139 20.2950000762939 19.3509998321533 19.0729999542236 14.2049999237061 12.25 13.4720001220703 12.8219995498657 9.14500045776367 9.17800045013428 10.2720003128052 16.7119998931885 23.8290004730225 25.8449993133545 26.5060005187988 26.5949993133545 27.3090000152588 27.9939994812012 28.3159999847412 28.7889995574951 28.9930000305176 27.8349990844727 25.7350006103516 26.818000793457 28.0550003051758 28.67799949646 29.1480007171631 29.1110000610352 28.9930000305176 28.3899993896484 27.2639999389648 26.0879993438721 25.2789993286133 23.4759998321533 22.5939998626709 22.3929996490479 21.7140007019043
-3.4e+38 -3.4e+38 -3.4e+38 13.4680004119873 19.757999420166 22.1499996185303 23.0729999542236 21.7180004119873 18.181999206543 18.6550006866455 18.992000579834 19.0499992370605 18.1140003204346 15.2790002822876 12.5649995803833 11.3299999237061 9.80700016021729 9.08600044250488 7.69700002670288 8.25699996948242 15.2980003356934 21.988000869751 24.2959995269775 25.1609992980957 25.4969997406006 26.6560001373291 27.2229995727539 27.3990001678467 28.113000869751 28.068000793457 27.1110000610352 25.5979995727539 26.7269992828369 27.5030002593994 27.7430000305176 28.0300006866455 28.2509994506836 28.1709995269775 27.6410007476807 26.7350006103516 26.0109996795654 25.1070003509521 24.0550003051758 22.9370002746582 21.8040008544922 20.3020000457764
-3.4e+38 -3.4e+38 -3.4e+38 20.4009990692139 24.8430004119873 25.5979995727539 24.8390007019043 20.7450008392334 18.2439994812012 18.2019996643066 18.7910003662109 17.9150009155273 15.4980001449585 15.3400001525879 12.3529996871948 12.0710000991821 11.1409997940063 7.09700012207031 5.3289999961853 10.7309999465942 20.443000793457 17.2830009460449 22.2950000762939 24.4260005950928 25.1100006103516 26.6119995117188 27.3120002746582 27.7229995727539 27.746000289917 27.5020008087158 26.6749992370605 25.8600006103516 26.4039993286133 26.701000213623 26.6259994506836 27.0480003356934 27.4790000915527 27.1940002441406 26.5330009460449 26.0400009155273 25.5909996032715 24.5669994354248 23.5200004577637 22.257999420166 20.6620006561279 18.4039993286133
-3.4e+38 -3.4e+38 -3.4e+38 25.7180004119873 26.3889999389648 26.7730007171631 26.5170001983643 25.806999206543 24.7649993896484 20.1700000762939 18.7119998931885 18.0419998168945 14.081000328064 13.6029996871948 12.2629995346069 12.0109996795654 11.2229995727539 8.54100036621094 4.32200002670288 15.7089996337891 23.3649997711182 20.6989994049072 22.2590007781982 24.5729999542236 26.0930004119873 26.6940002441406 27.5979995727539 28.0149993896484 27.7870006561279 27.4599990844727 27.2299995422363 26.7819995880127 26.576000213623 25.5839996337891 25.4790000915527 26.2250003814697 26.4080009460449 26.2469997406006 25.8610000610352 25.2159996032715 24.7679996490479 24.3600006103516 22.6800003051758 21.4370002746582 18.8020000457764 16.496000289917
-3.4e+38 -3.4e+38 -3.4e+38 26.4570007324219 27.0729999542236 28.0060005187988 27.4190006256104 27.488000869751 27.1650009155273 24.6790008544922 20.3190002441406 16.2870006561279 11.5369997024536 13.8970003128052 12.1579999923706 12.085000038147 11.1280002593994 8.43299961090088 6.37599992752075 16.7180004119873 23.3269996643066 24.0599994659424 23.8479995727539 24.326000213623 24.6009998321533 26.5820007324219 27.6900005340576 28.4160003662109 28.0450000762939 27.9370002746582 27.8090000152588 27.75 26.7240009307861 24.6019992828369 24.8689994812012 24.8770008087158 25.0419998168945 25.3339996337891 25.17799949646 24.6550006866455 24.382999420166 23.0359992980957 21.5030002593994 21.19700050354 19.9020004272461 15.4860000610352
-3.4e+38 -3.4e+38 -3.4e+38 27.4080009460449 27.8449993133545 28.5900001525879 28.9379997253418 28.7649993896484 28.3099994659424 27.4179992675781 24.6459999084473 21.1040000915527 20.8139991760254 13.8100004196167 8.54300022125244 9.45800018310547 8.3120002746582 7.17199993133545 8.53699970245361 19.7639999389648 22.7189998626709 25.1119995117188 25.8050003051758 25.4860000610352 25.6650009155273 25.7999992370605 27.2730007171631 28.1590003967285 28.4209995269775 28.4249992370605 28.3250007629395 27.6639995574951 26.6679992675781 24.9979991912842 23.9769992828369 23.6860008239746 24.1609992980957 24.6319999694824 24.6229991912842 24.0340003967285 23.7140007019043 21.867000579834 21.1240005493164 20.5300006866455 18.7240009307861 14.7309999465942
-3.4e+38 -3.4e+38 -3.4e+38 28.7390003204346 29.5270004272461 29.5830001831055 29.6079998016357 29.2819995880127 28.8059997558594 28.0450000762939 26.451000213623 23.7549991607666 22.7689990997314 9.64700031280518 8.19299983978271 7.53299999237061 6.96999979019165 6.56899976730347 15.8100004196167 20.1110000610352 22.7900009155273 26.4200000762939 27.0349998474121 27.55299949646 27.4200000762939 27.6100006103516 27.7840003967285 27.9720001220703 28.6229991912842 28.8479995727539 28.4139995574951 27.0610008239746 25.923999786377 24.2520008087158 22.8579998016357 18.2469997406006 22.5419998168945 23.4979991912842 23.8689994812012 23.1380004882812 22.57200050354 21.8519992828369 21.3279991149902 19.7469997406006 16.6809997558594 16.2639999389648
-3.4e+38 -3.4e+38 27.1760005950928 30.2250003814697 30.007999420166 30.193000793457 29.9990005493164 29.5919990539551 28.4290008544922 27.806999206543 27.3770008087158 25.621000289917 24.0860004425049 18.3810005187988 8.11600017547607 6.81400012969971 6.75899982452393 10.5299997329712 22.0370006561279 22.3950004577637 23.5300006866455 27.3279991149902 28.6989994049072 28.6119995117188 28.3090000152588 28.2590007781982 27.4549999237061 27.8530006408691 28.5349998474121 28.6979999542236 27.9270000457764 26.7590007781982 26.5090007781982 25.7369995117188 20.8530006408691 10.5819997787476 17.8589992523193 18.7609996795654 11.7279996871948 16.7959995269775 21.2119998931885 21.0300006866455 21.5319995880127 20.9500007629395 18.2709999084473 20.3269996643066
-3.4e+38 -3.4e+38 28.4540004730225 30.6560001373291 30.8969993591309 31.1019992828369 31.0310001373291 31.2250003814697 27.0179996490479 26.8969993591309 26.8549995422363 26.0069999694824 24.068000793457 18.4419994354248 9.01099967956543 6.30800008773804 8.38000011444092 19.0599994659424 23.6429996490479 23.5069999694824 24.4340000152588 28.3090000152588 29.6240005493164 29.8309993743896 29.3530006408691 28.3889999389648 27.4360008239746 27.628999710083 27.8250007629395 27.9249992370605 27.7600002288818 26.3299999237061 26.1730003356934 24.943000793457 18.3729991912842 12.9670000076294 8.04199981689453 6.95300006866455 6.31799983978271 8.30799961090088 13.21399974823 18.5060005187988 20.7169990539551 23.5349998474121 23.0470008850098 25.0090007781982
-3.4e+38 -3.4e+38 29.3570003509521 30.5860004425049 31.2959995269775 31.5610008239746 31.556999206543 30.9939994812012 28.7910003662109 26.9740009307861 25.875 25.8729991912842 24.6240005493164 19.6690006256104 8.75399971008301 6.30900001525879 15.6949996948242 23.0900001525879 24.1509990692139 26.136999130249 27.2749996185303 29.4009990692139 30.2840003967285 30.6539993286133 30.3899993896484 29.2169990539551 27.2119998931885 26.6569995880127 28.048999786377 28.4909992218018 28.2779998779297 27.7749996185303 25.4559993743896 23.7310009002686 22.4449996948242 20.367000579834 17.0610008239746 6.66099977493286 6.26399993896484 9.66100025177002 16.9309997558594 21.5240001678467 22.1830005645752 24.4939994812012 25.0839996337891 27.7059993743896
-3.4e+38 -3.4e+38 29.2089996337891 30.1679992675781 31.2759990692139 31.636999130249 31.3840007781982 30.7759990692139 29.8269996643066 27.7560005187988 26.0629997253418 25.5020008087158 23.0839996337891 20.1830005645752 7.51200008392334 6.48899984359741 15.7530002593994 22.0550003051758 24.5179996490479 27.0650005340576 28.7490005493164 29.8110008239746 30.4810009002686 30.7180004119873 30.0380001068115 28.6229991912842 27.3640003204346 26.9850006103516 28.2880001068115 29.201000213623 28.9080009460449 28.3799991607666 26.363000869751 25.7199993133545 24.6879997253418 22.5949993133545 14.3629999160767 5.50600004196167 5.06199979782104 5.95300006866455 17.7339992523193 22.75 24.6229991912842 26.3339996337891 26.5289993286133 29.0109996795654
-3.4e+38 -3.4e+38 29.2880001068115 29.9790000915527 30.2080001831055 30.6200008392334 30.6100006103516 30.4309997558594 29.0979995727539 27.9610004425049 26.511999130249 21.6060009002686 19.7329998016357 15.7069997787476 6.65500020980835 8.26700019836426 16.2290000915527 21.1709995269775 24.5729999542236 25.9489994049072 27.6469993591309 29.2129993438721 30.1100006103516 29.7999992370605 29.3920001983643 28.6790008544922 28.8479995727539 29.1730003356934 29.5470008850098 29.6079998016357 29.5849990844727 28.7080001831055 27.5790004730225 26.1520004272461 25.4260005950928 23.8369998931885 4.30800008773804 3.85800004005432 4.26300001144409 5.87900018692017 15.4449996948242 19.7269992828369 25.5779991149902 27.0450000762939 28.3950004577637 29.507999420166
-3.4e+38 -3.4e+38 28.7880001068115 29.5179996490479 29.6669998168945 29.576000213623 29.4300003051758 29.117000579834 28.5319995880127 27.5400009155273 26.742000579834 22.0769996643066 10.8640003204346 9.37100028991699 7.83900022506714 10.9169998168945 13.8529996871948 22.0839996337891 24.3449993133545 25.2759990692139 26.4230003356934 29.1280002593994 28.7339992523193 28.382999420166 28.6720008850098 28.7950000762939 29.0939998626709 29.8099994659424 30.0009994506836 30.5659999847412 30.4729995727539 29.9810009002686 29.2469997406006 25.738000869751 25.1490001678467 18.4750003814697 3.69400000572205 4.90999984741211 4.95699977874756 5.68900012969971 7.41699981689453 8.56099987030029 23.0979995727539 27.5 28.548999786377 29.7649993896484
-3.4e+38 -3.4e+38 28.2549991607666 28.4860000610352 28.5559997558594 28.9099998474121 28.4309997558594 27.9139995574951 27.4400005340576 26.1919994354248 24.8680000305176 22.6889991760254 10.4490003585815 8.59799957275391 7.48699998855591 6.67600011825562 8.43400001525879 15.1669998168945 23.1550006866455 24.1840000152588 24.878999710083 26.306999206543 28.1079998016357 27.4519996643066 27.82200050354 28.3819999694824 30.4519996643066 31.0559997558594 30.9440002441406 31.2119998931885 30.9230003356934 30.3519992828369 29.7099990844727 26.4179992675781 24.4179992675781 17.3470001220703 1.70899999141693 3.07999992370605 3.71499991416931 6.14400005340576 7.28999996185303 7.47399997711182 21.1259994506836 27.1499996185303 28.3500003814697 29.0830001831055
-3.4e+38 -3.4e+38 26.3239994049072 27.0729999542236 27.3120002746582 27.6110000610352 27.7129993438721 26.5349998474121 25.6539993286133 25.173999786377 24.2849998474121 17.4810009002686 10.4139995574951 7.95699977874756 6.96000003814697 5.77299976348877 4.73000001907349 4.47200012207031 19.3490009307861 23.4270000457764 23.496000289917 23.2759990692139 25.8939990997314 25.6730003356934 26.3299999237061 28.6200008392334 30.3560009002686 31.181999206543 31.4580001831055 31.6119995117188 31.1450004577637 30.4939994812012 29.4309997558594 27.3799991607666 25.0639991760254 23.0919990539551 8.97500038146973 3.86500000953674 1.40199995040894 5.86700010299683 6.12200021743774 6.75099992752075 18.0020008087158 27.0249996185303 28.3470001220703 28.9659996032715
-3.4e+38 23.8780002593994 24.2150001525879 25.5709991455078 25.6979999542236 25.7199993133545 25.9599990844727 25.1539993286133 25.1380004882812 24.8279991149902 19.4249992370605 9.59899997711182 7.66599988937378 7.55900001525879 6.81699991226196 6.04400014877319 5.71099996566772 5.23799991607666 15.0769996643066 19.7469997406006 21.2059993743896 22.326000213623 22.5790004730225 23.5069999694824 25.3910007476807 27.9260005950928 29.7399997711182 31.0429992675781 31.4160003662109 31.4629993438721 31.0879993438721 30.556999206543 29.3579998016357 27.92799949646 25.253999710083 23.4750003814697 20.4379997253418 13.5010004043579 6.64300012588501 5.66200017929077 5.92799997329712 6.52699995040894 10.7119998931885 23.1949996948242 27.4220008850098 28.3209991455078
-3.4e+38 20.371000289917 22.4090003967285 23.181999206543 23.3840007781982 24.1660003662109 23.1849994659424 20.8229999542236 19.8449993133545 16.371000289917 9.04300022125244 7.81799983978271 7.6230001449585 7.4060001373291 7.10400009155273 6.62099981307983 6.09600019454956 5.5479998588562 8.2790002822876 10.1280002593994 14.1350002288818 17.5330009460449 21.4360008239746 22.3530006408691 25.2000007629395 26.8899993896484 28.7360000610352 30.1180000305176 30.8050003051758 30.7520008087158 30.5200004577637 30.0349998474121 29.4780006408691 27.7280006408691 25.1420001983643 24.1180000305176 18.9890003204346 11.4280004501343 4.32800006866455 4.51599979400635 5.89400005340576 6.07600021362305 8.33399963378906 9.10099983215332 24.125 27.375
-3.4e+38 14.5349998474121 17.201000213623 17.4409999847412 22.5100002288818 20.1679992675781 15.6219997406006 13.6660003662109 11.6040000915527 7.73899984359741 7.75299978256226 7.65999984741211 7.40199995040894 7.16300010681152 6.63700008392334 6.01100015640259 5.81500005722046 5.37900018692017 5.94299983978271 6.14400005340576 6.5789999961853 11.0550003051758 19.3700008392334 21.7259998321533 24.7649993896484 26.2240009307861 28.7569999694824 29.5639991760254 30.0690002441406 29.798999786377 29.5100002288818 29.2180004119873 28.2080001831055 26.5319995880127 24.6660003662109 18.1720008850098 9.875 7.16900014877319 2.93199992179871 3.32599997520447 5.59600019454956 6.44999980926514 7.55999994277954 8.17199993133545 13.6899995803833 18.6949996948242
-3.4e+38 13.9650001525879 11.0100002288818 10.4809999465942 17.9220008850098 16.4810009002686 9.57900047302246 8.80700016021729 9.25800037384033 7.32999992370605 7.52600002288818 7.30399990081787 7.05700016021729 6.80100011825562 6.20900011062622 5.40199995040894 5.15700006484985 5.7810001373291 6.03999996185303 5.83500003814697 6.47900009155273 11.2250003814697 20.3990001678467 21.7210006713867 22.7740001678467 24.5979995727539 27.375 28.6900005340576 28.8449993133545 28.9500007629395 27.9069995880127 27.9349994659424 27.2320003509521 24.3309993743896 18.9680004119873 11.7299995422363 8.99400043487549 7.08599996566772 5.52199983596802 4.90999984741211 5.20100021362305 6.02600002288818 7.14400005340576 7.65100002288818 7.63399982452393 8.85999965667725
