02_asc_chm-r50m/BR222X.asc
NCOLS 200 
NROWS 200 
XLLCORNER 539972.5 
YLLCORNER 5289439.5 
CELLSIZE 0.5 
NODATA_value -3.4e+38 
[rows 60 to 79 of 200, columns 0 to 45 of 200]
-3.4e+38 -3.4e+38 -3.4e+38 -3.4e+38 -3.4e+38 -3.4e+38 -3.4e+38 -3.4e+38 -3.4e+38 22.7369995117188 25.4699993133545 26.5470008850098 27.4500007629395 27.9020004272461 27.92799949646 28.1240005493164 26.8680000305176 26.5419998168945 27.2810001373291 26.3460006713867 25.9220008850098 25.9769992828369 25.5069999694824 25.4659996032715 25.42799949646 22.0410003662109 21.4039993286133 19.503999710083 19.2310009002686 19.1110000610352 20.0049991607666 21.6399993896484 24.0100002288818 26.6149997711182 27.1480007171631 27.2889995574951 28.6070003509521 29.6280002593994 31.3430004119873 32.367000579834 32.9339981079102 33.2919998168945 32.5940017700195 30.113000869751 30.6389999389648 31.132999420166
-3.4e+38 -3.4e+38 -3.4e+38 -3.4e+38 -3.4e+38 -3.4e+38 -3.4e+38 -3.4e+38 21.9829998016357 22.9720001220703 25.7630004882812 26.113000869751 27.2019996643066 28.0559997558594 28.3390007019043 27.9699993133545 27.628999710083 27.8920001983643 27.8320007324219 27.3689994812012 26.4549999237061 26.3649997711182 26.8899993896484 27.0979995727539 26.4829998016357 23.7530002593994 20.8400001525879 19.9839992523193 19.5890007019043 19.5540008544922 20.7940006256104 22.1229991912842 24.0049991607666 25.6100006103516 26.6919994354248 27.5389995574951 29.1469993591309 29.5559997558594 31.1240005493164 32.0470008850098 32.7330017089844 33.2319984436035 32.5419998168945 30.6669998168945 30.5429992675781 31.0400009155273
-3.4e+38 -3.4e+38 -3.4e+38 -3.4e+38 -3.4e+38 -3.4e+38 -3.4e+38 -3.4e+38 18.8880004882812 24.1299991607666 25.9379997253418 29.2689990997314 30.0310001373291 28.5219993591309 30.4629993438721 29.8850002288818 29.2649993896484 29.5779991149902 29.4230003356934 28.7029991149902 28.3460006713867 27.9090003967285 27.5849990844727 27.6720008850098 27.3729991912842 26.3090000152588 21.2749996185303 19.8470001220703 20.6310005187988 20.701000213623 21.9629993438721 22.4769992828369 23.5450000762939 24.8899993896484 26.3680000305176 28.7880001068115 29.8729991912842 29.8150005340576 29.746000289917 31.2329998016357 31.9349994659424 31.6870002746582 30.6580009460449 29.9979991912842 30.193000793457 30.7439994812012
-3.4e+38 -3.4e+38 -3.4e+38 -3.4e+38 -3.4e+38 -3.4e+38 -3.4e+38 19.0900001525879 19.4169998168945 24.9389991760254 26.8449993133545 30.3689994812012 30.9459991455078 31.8799991607666 31.9419994354248 31.7049999237061 31.1180000305176 30.9909992218018 30.2630004882812 29.8519992828369 29.9349994659424 29.6760005950928 28.7670001983643 28.2310009002686 28.132999420166 26.5209999084473 26.1359996795654 24.0779991149902 21.4650001525879 21.2919998168945 21.4820003509521 22.2290000915527 24.7840003967285 25.4209995269775 27.3309993743896 29.3309993743896 29.9440002441406 29.6439990997314 29.4969997406006 29.5069999694824 29.7399997711182 29.6219997406006 29.8579998016357 29.6909999847412 30.3090000152588 30.4479999542236
-3.4e+38 -3.4e+38 -3.4e+38 -3.4e+38 -3.4e+38 -3.4e+38 -3.4e+38 16.6800003051758 18.0510005950928 24.4419994354248 28.4109992980957 29.8549995422363 30.8589992523193 32.423999786377 33.6180000305176 33.1100006103516 33.1139984130859 32.3450012207031 30.4209995269775 30.3479995727539 31.4109992980957 30.9860000610352 29.8840007781982 29.0990009307861 27.507999420166 25.9069995880127 25.6399993896484 25.3059997558594 22.7059993743896 22.6919994354248 22.7430000305176 22.9190006256104 24.7980003356934 25.5069999694824 28.1490001678467 29.2409992218018 29.0310001373291 28.7320003509521 28.6959991455078 28.7779998779297 28.8439998626709 29.0979995727539 30.011999130249 31.0310001373291 31.8530006408691 31.3540000915527
-3.4e+38 -3.4e+38 -3.4e+38 -3.4e+38 -3.4e+38 -3.4e+38 16.5540008544922 17.2080001831055 17.8309993743896 24.5289993286133 27.5459995269775 30.1539993286133 31.1809997558594 33.1139984130859 34.7379989624023 35.0589981079102 34.4379997253418 33.0050010681152 30.5830001831055 30.681999206543 31.6569995880127 31.3889999389648 30.2040004730225 28.9930000305176 27.1350002288818 25.4209995269775 25.1690006256104 25.0009994506836 24.0370006561279 23.4379997253418 23.6499996185303 24.6159992218018 24.7600002288818 26.0319995880127 27.8889999389648 27.8239994049072 27.4109992980957 27.4489994049072 27.4750003814697 27.7840003967285 28.0659999847412 28.6669998168945 29.7689990997314 31.2929992675781 31.5879993438721 31.4200000762939
-3.4e+38 -3.4e+38 -3.4e+38 -3.4e+38 -3.4e+38 -3.4e+38 16.9349994659424 19.7290000915527 22.3470001220703 26.3880004882812 27.0629997253418 30.1270008087158 31.6480007171631 32.9790000915527 33.8720016479492 34.6529998779297 33.4290008544922 32.5870018005371 31.44700050354 31.07200050354 30.6700000762939 30.3579998016357 29.753999710083 28.5990009307861 26.4650001525879 25.1350002288818 24.9489994049072 24.8400001525879 24.5879993438721 24.3819999694824 25.4309997558594 25.4440002441406 25.5729999542236 25.8040008544922 26.2119998931885 26.8419990539551 26.9349994659424 27.2059993743896 27.0960006713867 27.9080009460449 28.8269996643066 29.1030006408691 29.7560005187988 29.9409999847412 30.2080001831055 30.4979991912842
-3.4e+38 -3.4e+38 -3.4e+38 -3.4e+38 -3.4e+38 16.3959999084473 20.1189994812012 21.5319995880127 24.2399997711182 25.6229991912842 26.1100006103516 29.4050006866455 31.4249992370605 32.2099990844727 33.5209999084473 33.423999786377 32.890998840332 31.8889999389648 31.7880001068115 31.246000289917 29.5319995880127 28.0340003967285 27.4950008392334 27.4099998474121 26.7129993438721 24.3460006713867 24.8229999542236 24.8190002441406 25.4950008392334 26.8990001678467 27.5610008239746 27.3409996032715 27.0979995727539 27.0790004730225 25.3899993896484 25.8950004577637 26.3419990539551 27.0650005340576 27.4720001220703 28.5219993591309 29.3700008392334 29.5970001220703 30.2980003356934 30.3199996948242 29.9780006408691 29.9209995269775
-3.4e+38 -3.4e+38 -3.4e+38 -3.4e+38 -3.4e+38 15.4230003356934 16.9780006408691 21.2759990692139 23.6989994049072 24.2950000762939 24.4489994049072 29.4909992218018 30.5200004577637 31.4979991912842 32.4630012512207 32.0099983215332 32.4420013427734 31.7840003967285 31.507999420166 30.132999420166 28.6140003204346 26.7140007019043 26.0419998168945 25.7220001220703 26.132999420166 22.9209995269775 24.6730003356934 25.7119998931885 26.7029991149902 27.326000213623 27.9130001068115 27.943000793457 27.7609996795654 27.3610000610352 26.3920001983643 26.1480007171631 26.7999992370605 27.3740005493164 27.4610004425049 28.867000579834 29.8400001525879 30.625 30.8099994659424 30.4950008392334 30.1830005645752 29.9930000305176
-3.4e+38 -3.4e+38 -3.4e+38 -3.4e+38 -3.4e+38 14.831000328064 14.2229995727539 19.1240005493164 22.0400009155273 22.0830001831055 26.0750007629395 28.8889999389648 28.9769992828369 28.6860008239746 29.3810005187988 29.5170001983643 30.4580001831055 31.0629997253418 30.2280006408691 28.378999710083 27.4869995117188 27.1709995269775 26.132999420166 24.3939990997314 25.798999786377 23.44700050354 24.8689994812012 26.5009994506836 27.5650005340576 28.0590000152588 28.4790000915527 28.7119998931885 28.0620002746582 27.8929996490479 27.3059997558594 24.7269992828369 25.132999420166 26.7360000610352 28.5650005340576 29.7719993591309 30.2070007324219 30.8519992828369 31.1669998168945 30.9850006103516 30.5419998168945 31.0470008850098
-3.4e+38 -3.4e+38 -3.4e+38 -3.4e+38 14.71399974823 14.0559997558594 14.576000213623 19.1830005645752 21.9230003356934 22.0189990997314 25.4669990539551 27.1459999084473 28.0550003051758 27.0520000457764 26.7430000305176 27.8090000152588 29.2409992218018 30.1180000305176 28.6830005645752 27.0799999237061 26.1720008850098 24.6100006103516 25.19700050354 24.0599994659424 24.3610000610352 23.3299999237061 25.2250003814697 26.7229995727539 27.556999206543 28.3339996337891 29.1079998016357 29.2689990997314 28.4409999847412 28.1350002288818 27.625 26.0109996795654 25.7450008392334 26.8020000457764 28.5480003356934 30.0389995574951 30.367000579834 31.2970008850098 32.1510009765625 32.4889984130859 32.0499992370605 32.2050018310547
-3.4e+38 -3.4e+38 -3.4e+38 -3.4e+38 14.6750001907349 14.5640001296997 15.2340002059937 16.4710006713867 20.1410007476807 21.9330005645752 23.0349998474121 25.5270004272461 26.7089996337891 26.4139995574951 26.128999710083 26.3819999694824 28.5900001525879 28.7000007629395 28.4669990539551 26.2810001373291 25.5370006561279 21.5520000457764 22.5450000762939 23.4109992980957 23.1989994049072 23.7299995422363 25.2299995422363 26.5090007781982 26.9740009307861 28.0520000457764 28.4969997406006 28.7250003814697 28.8570003509521 28.0849990844727 27.2129993438721 25.9249992370605 26.0769996643066 27.1569995880127 28.7900009155273 29.9790000915527 30.1310005187988 31.3509998321533 33.0499992370605 33.7190017700195 32.5060005187988 32.048999786377
-3.4e+38 -3.4e+38 -3.4e+38 -3.4e+38 14.5679998397827 14.8210000991821 15.1890001296997 14.3179998397827 17.4689998626709 20.5480003356934 18.3929996490479 25.6520004272461 25.7119998931885 25.4060001373291 25.0450000762939 24.7080001831055 23.673999786377 24.0729999542236 23.8519992828369 23.6700000762939 22.4020004272461 19.6439990997314 20.6940002441406 22.7169990539551 22.5590000152588 24.7450008392334 25.6359996795654 26.076000213623 27.0380001068115 27.7119998931885 28.1580009460449 28.1439990997314 28.0340003967285 27.6749992370605 26.8589992523193 25.9750003814697 25.7490005493164 27.3190002441406 29.132999420166 29.8810005187988 29.9810009002686 31.3990001678467 32.3860015869141 32.9099998474121 32.3279991149902 31.8840007781982
-3.4e+38 -3.4e+38 -3.4e+38 -3.4e+38 13.91100025177 14.7930002212524 13.201000213623 11.8030004501343 12.8489999771118 15.8079996109009 20.2929992675781 22.9610004425049 23.8190002441406 23.7089996337891 22.5209999084473 21.4599990844727 20.9930000305176 19.8209991455078 17.5340003967285 16.8190002441406 17.0380001068115 15.9910001754761 13.3739995956421 18.6009998321533 21.5869998931885 23.9230003356934 25.4720001220703 25.7199993133545 26.5149993896484 27.4039993286133 27.261999130249 27.1889991760254 26.9449996948242 26.4370002746582 26.1580009460449 25.5939998626709 25.298999786377 26.5799999237061 28.7919998168945 29.6429996490479 29.8150005340576 31.1560001373291 31.9589996337891 32.2910003662109 31.9850006103516 31.8349990844727
-3.4e+38 -3.4e+38 -3.4e+38 -3.4e+38 15.4209995269775 14.8120002746582 12.1709995269775 11.4659996032715 12.2250003814697 15.0909996032715 17.4419994354248 19.6319999694824 23.9039993286133 23.7910003662109 20.3980007171631 17.9869995117188 17.818000793457 18.0419998168945 15.3889999389648 15.4069995880127 16.2639999389648 14.4530000686646 11.2740001678467 18.8090000152588 21.693000793457 21.9969997406006 24.1450004577637 25.3759994506836 25.7229995727539 26.3040008544922 26.0340003967285 26.0170001983643 25.9640007019043 25.5739994049072 25.3339996337891 24.6679992675781 24.3509998321533 24.1889991760254 28.2549991607666 29.1620006561279 29.6389999389648 30.2099990844727 30.636999130249 30.9909992218018 31.3190002441406 31.2840003967285
-3.4e+38 -3.4e+38 -3.4e+38 12.7410001754761 15.5649995803833 14.6379995346069 13.0100002288818 10.9739999771118 10.9010000228882 11.3669996261597 13.6049995422363 13.9420003890991 19.8929996490479 14.0690002441406 11.6840000152588 12.7559995651245 11.7370004653931 12.1990003585815 15.2049999237061 15.2449998855591 14.746000289917 11.7790002822876 10.371000289917 10.3219995498657 14.8479995727539 21.3279991149902 22.7959995269775 24.3780002593994 25.113000869751 25.9120006561279 25.8010005950928 25.1669998168945 24.6319999694824 24.9559993743896 24.2810001373291 23.2929992675781 23.0030002593994 22.0599994659424 27.326000213623 29.0170001983643 29.5750007629395 29.5960006713867 29.632999420166 30.128999710083 30.6599998474121 30.701000213623
-3.4e+38 -3.4e+38 -3.4e+38 14.0900001525879 15.1579999923706 14.71399974823 12.1510000228882 10.7819995880127 10.4680004119873 7.80999994277954 7.2979998588562 6.73400020599365 9.50399971008301 7.11700010299683 7.06899976730347 7.01599979400635 7.12900018692017 7.29500007629395 10.7740001678467 13 10.7679996490479 9.62800025939941 10.6940002441406 11.0690002441406 12.414999961853 18.1399993896484 20.8390007019043 23.0879993438721 23.6770000457764 24.5939998626709 25.2520008087158 24.3740005493164 24.2910003662109 23.3899993896484 22.8819999694824 21.0300006866455 21.3080005645752 21.1730003356934 25.193000793457 25.2880001068115 26.8570003509521 29.4580001831055 29.2530002593994 29.5739994049072 30.3390007019043 29.4820003509521
-3.4e+38 -3.4e+38 -3.4e+38 15.0069999694824 13.8809995651245 12.6239995956421 10.4370002746582 8.80200004577637 6.17600011825562 5.89699983596802 5.93900012969971 6.77099990844727 7.09000015258789 7.46500015258789 8.13799953460693 7.45100021362305 6.46299982070923 6.47499990463257 6.88399982452393 7.79699993133545 9.40200042724609 10.3879995346069 11.5749998092651 11.7849998474121 12.6940002441406 16.9839992523193 20.4969997406006 20.9540004730225 21.318000793457 22.1690006256104 23.0450000762939 23.0540008544922 23.0330009460449 21.2630004882812 21.701000213623 20.0820007324219 20.0100002288818 19.0590000152588 17.9489994049072 18.9860000610352 22.3209991455078 26.4050006866455 28.2709999084473 28.8889999389648 28.6539993286133 27.4860000610352
-3.4e+38 -3.4e+38 -3.4e+38 12.9250001907349 11.826000213623 10.3620004653931 8.30399990081787 6.96600008010864 6.23400020599365 5.88000011444092 5.77699995040894 6.09999990463257 7.02400016784668 7.86899995803833 8.5939998626709 8.64599990844727 7.81199979782104 7.52199983596802 6.28399991989136 7.4539999961853 9.08500003814697 11.1990003585815 11.9809999465942 12.706000328064 13.1280002593994 14.4280004501343 18.5620002746582 19.5330009460449 19.8880004882812 20.5739994049072 20.4799995422363 20.9589996337891 21.4249992370605 21.2849998474121 19.2369995117188 17.0410003662109 14.3950004577637 13.6330003738403 11.7720003128052 16.496000289917 20.4689998626709 21.2329998016357 22.6790008544922 24.6560001373291 26.5659999847412 26.1650009155273
-3.4e+38 -3.4e+38 -3.4e+38 10.2469997406006 5.10200023651123 6.06300020217896 6.94999980926514 7.11899995803833 4.88399982452393 5.58400011062622 6.20100021362305 6.80999994277954 7.90700006484985 8.83699989318848 8.7209997177124 8.89299964904785 9.55000019073486 9.27700042724609 8.28999996185303 9.29500007629395 9.71100044250488 11.7080001831055 12.2489995956421 12.5579996109009 13.8909997940063 15.2749996185303 15.9069995880127 16.6009998321533 18.2180004119873 19.1870002746582 19.1270008087158 19.5879993438721 19.7180004119873 16.3740005493164 15.8879995346069 14.0220003128052 12.2609996795654 11.9619998931885 11.9840002059937 14.0369997024536 14.8009996414185 15.5640001296997 17.0860004425049 24.3600006103516 24.2119998931885 22.4899997711182
