02_asc_chm-r50m/BR220O.asc
NCOLS 200 
NROWS 201 
XLLCORNER 539851.5 
YLLCORNER 5294703 
CELLSIZE 0.5 
NODATA_value -3.4e+38 
[rows 20 to 39 of 201, columns 92 to 137 of 200]
13.2180004119873 13.5570001602173 17.1310005187988 12.4709997177124 18.746000289917 20.3400001525879 23.9619998931885 26.7700004577637 27.5809993743896 29.3320007324219 31.0209999084473 32.265998840332 32.6539993286133 32.076000213623 32.7639999389648 32.617000579834 32.5190010070801 31.9109992980957 30.6709995269775 28.2779998779297 27.5200004577637 25.5949993133545 24.7800006866455 24.05299949646 24.0480003356934 23.1919994354248 21.8729991912842 21.568000793457 21.261999130249 20.6900005340576 20.242000579834 19.3479995727539 18.4400005340576 18.2649993896484 17.9839992523193 16.5230007171631 10.8629999160767 7.32200002670288 4.85300016403198 2.06100010871887 1.60599994659424 3.22900009155273 6.34100008010864 11.6780004501343 15.1929998397827 16.9449996948242
15.0659999847412 20.7959995269775 24.7150001525879 20.7000007629395 21.2549991607666 22.7189998626709 23.8110008239746 25.4729995727539 27.1420001983643 28.5559997558594 28.9780006408691 29.4169998168945 30.1669998168945 30.9619998931885 31.0900001525879 30.6849994659424 30.7430000305176 30.4139995574951 30.1159992218018 28.1900005340576 26.9400005340576 25.3500003814697 24.1590003967285 23.492000579834 23.5590000152588 23.4969997406006 22.5540008544922 22.1870002746582 21.6709995269775 21.4710006713867 20.7259998321533 19.2119998931885 18.9680004119873 18.7159996032715 17.8460006713867 16.2679996490479 12.7049999237061 8.44299983978271 7.05700016021729 4.13600015640259 2.28900003433228 1.64300000667572 7.29300022125244 12.9580001831055 14.7089996337891 16.4610004425049
20.8190002441406 24.1749992370605 27.5520000457764 25.9419994354248 25.2880001068115 23.628999710083 24.0030002593994 24.6560001373291 26.1310005187988 26.9169998168945 26.8299999237061 27.8840007781982 29.8430004119873 30.2800006866455 31.1270008087158 29.5900001525879 29.5860004425049 29.3969993591309 28.6709995269775 27.1790008544922 25.0020008087158 24.4400005340576 22.4860000610352 22.3449993133545 22.8500003814697 23.2229995727539 23.0189990997314 22.1459999084473 22.7350006103516 23.2259998321533 22.511999130249 20.298999786377 19.3649997711182 18.9669990539551 17.7250003814697 15.7239999771118 13.2430000305176 10.9119997024536 6.69099998474121 2.76799988746643 8.61100006103516 11.3680000305176 13.3070001602173 14.1400003433228 14.9720001220703 16.8689994812012
24.4419994354248 27.1019992828369 28.6100006103516 27.7229995727539 26.9790000915527 24.9759998321533 24.7250003814697 25.5359992980957 25.9909992218018 25.9009990692139 25.9829998016357 26.1149997711182 28.42799949646 29.2310009002686 30.2360000610352 27.923999786377 28.4249992370605 27.757999420166 26.1040000915527 24.3859996795654 24.193000793457 24.0769996643066 22.423999786377 22.382999420166 22.6620006561279 23.3349990844727 22.8799991607666 22.1110000610352 23.0410003662109 23.3449993133545 21.7070007324219 21.0890007019043 19.6019992828369 19.57200050354 17.7250003814697 16.9440002441406 14.9340000152588 13.0129995346069 4.31899976730347 7.04400014877319 12.076000213623 17.7479991912842 18.8169994354248 17.996000289917 20.1520004272461 20.2150001525879
24.8290004730225 24.9820003509521 28.94700050354 28.5820007324219 28.1830005645752 27.4780006408691 26.4669990539551 26.1560001373291 26.0429992675781 25.0389995574951 24.8110008239746 25.4729995727539 27.3339996337891 27.4090003967285 28.0259990692139 27.32200050354 26.988000869751 26.1299991607666 25.2080001831055 24.5860004425049 24.1499996185303 23.8169994354248 23.5219993591309 23.3740005493164 23.113000869751 23.3239994049072 23.0639991760254 22.8010005950928 23.1959991455078 23.613000869751 22.3600006103516 20.75 20.1860008239746 20.2140007019043 19.1049995422363 17.0060005187988 16.6860008239746 14.2550001144409 9.43299961090088 13.7729997634888 17.9990005493164 21.326000213623 21.9619998931885 22.1380004882812 21.7450008392334 21.5990009307861
25.7299995422363 26.2840003967285 29.9680004119873 30.3859996795654 28.9419994354248 27.6580009460449 26.7320003509521 27.3400001525879 23.7900009155273 23.9419994354248 24.757999420166 24.746000289917 25.6259994506836 25.9780006408691 26.673999786377 26.8619995117188 26.9689998626709 26.7950000762939 26.5179996490479 25.4740009307861 24.1870002746582 24.0359992980957 24 24.0550003051758 23.7600002288818 23.4599990844727 23.3729991912842 23.1410007476807 23.3129997253418 23.9029998779297 24.1200008392334 20.7520008087158 20.3439998626709 20.0659999847412 19.3320007324219 19.3540000915527 18.8379993438721 14.960000038147 18.4479999542236 18.6149997711182 21.0839996337891 21.9389991760254 22.3910007476807 22.4449996948242 22.5310001373291 22.3859996795654
27.8209991455078 30.5359992980957 31.8810005187988 31.7770004272461 30.2590007781982 30.3460006713867 31.6790008544922 29.0669994354248 24.4260005950928 24.4680004119873 24.7819995880127 25.2199993133545 25.5669994354248 25.7210006713867 26.2180004119873 26.4109992980957 26.8390007019043 27.8369998931885 28.2709999084473 28.7870006561279 27.67799949646 24.2150001525879 24.2719993591309 24.242000579834 24.0669994354248 23.8239994049072 24.1749992370605 24.5380001068115 24.5170001983643 24.4400005340576 22.2590007781982 20.5970001220703 20.1189994812012 20.1380004882812 20.1940002441406 20.3460006713867 19.3169994354248 16.5289993286133 17.4160003662109 19.1219997406006 21.4799995422363 22.503999710083 22.6669998168945 22.753999710083 22.8120002746582 23.2169990539551
29.6189994812012 31.2679996490479 32.6590003967285 32.6020011901855 31.7770004272461 32.1809997558594 31.7180004119873 31.5340003967285 27.6979999542236 24.9680004119873 25.6949996948242 26.4650001525879 26.7749996185303 27.8279991149902 28.7199993133545 28.9659996032715 27.0209999084473 28.2679996490479 29.4669990539551 30.2980003356934 30.4969997406006 27.6749992370605 27.4409999847412 26.8290004730225 26.4419994354248 26.1809997558594 25.5209999084473 26.1159992218018 26.2679996490479 24.7709999084473 21.4029998779297 20.181999206543 19.9580001831055 19.9850006103516 20.2089996337891 20.2660007476807 19.996000289917 16.8889999389648 17.0440006256104 19.3600006103516 21.9710006713867 22.7980003356934 23.0400009155273 23.2019996643066 22.9139995574951 23.4500007629395
30.3519992828369 32.273998260498 33.3339996337891 33.9910011291504 33.1619987487793 32.5270004272461 31.8269996643066 31.6550006866455 30.3700008392334 26.5799999237061 27.4570007324219 27.7819995880127 28.0160007476807 30.1049995422363 30.576000213623 30.6070003509521 29.5960006713867 29.7339992523193 30.5200004577637 30.7919998168945 30.9169998168945 31.1879997253418 30.1089992523193 28.9899997711182 27.5349998474121 26.9869995117188 26.923999786377 27.4669990539551 27.1019992828369 25.5879993438721 21.07200050354 20.1480007171631 19.9039993286133 19.7970008850098 19.8680000305176 20.3279991149902 20.6720008850098 20.4370002746582 19.8470001220703 20.9790000915527 22.261999130249 22.761999130249 22.9939994812012 23.0799999237061 23.1800003051758 23.3799991607666
31.8500003814697 33.7200012207031 34.0960006713867 34.5089988708496 33.9440002441406 32.6949996948242 31.9680004119873 31.6429996490479 31.0629997253418 29.7609996795654 29.3129997253418 28.6040000915527 29.3649997711182 30.5639991760254 30.7530002593994 31.9400005340576 31.9599990844727 31.9860000610352 32.1180000305176 31.2569999694824 31.5389995574951 32.2389984130859 32.0120010375977 30.451000213623 28.9419994354248 26.8579998016357 28.2709999084473 29.0030002593994 29.3250007629395 27.4599990844727 23.1089992523193 20.69700050354 20.2290000915527 18.7759990692139 19.8969993591309 20.5069999694824 20.75 20.7150001525879 20.4570007324219 20.5550003051758 19.7430000305176 22.5419998168945 22.9680004119873 23.0139999389648 23.1669998168945 23.0769996643066
31.5389995574951 33.4640007019043 34.1069984436035 34.6710014343262 34.5279998779297 33.1380004882812 32.3559989929199 31.6450004577637 30.4640007019043 29.4160003662109 28.9689998626709 29.2350006103516 30.1959991455078 31.6299991607666 32.0480003356934 32.8819999694824 32.9659996032715 33.0929985046387 33.1049995422363 32.3860015869141 32.3370018005371 32.6269989013672 32.6669998168945 31.4400005340576 28.8229999542236 29.4769992828369 30.6599998474121 30.2759990692139 30.1229991912842 28.6690006256104 25.7029991149902 21.9869995117188 20.5499992370605 17.55299949646 18.7159996032715 20.5739994049072 20.6469993591309 20.6760005950928 20.5330009460449 20.4349994659424 18.2530002593994 20.8229999542236 22.3999996185303 22.4069995880127 24.2360000610352 24.5270004272461
32.1160011291504 33.1100006103516 33.3240013122559 33.8390007019043 33.9939994812012 33.9090003967285 33.7779998779297 32.5960006713867 29.0149993896484 28.6650009155273 29.2830009460449 30.1070003509521 30.8320007324219 32.2270011901855 32.8549995422363 33.060001373291 33.2949981689453 33.2970008850098 33.4490013122559 32.8930015563965 32.6809997558594 32.9309997558594 32.851001739502 33.5209999084473 32.4780006408691 32.8699989318848 32.0950012207031 31.9160003662109 31.7719993591309 28.4839992523193 26.5470008850098 22.6700000762939 20.8770008087158 17.8460006713867 18.6340007781982 20.8560009002686 20.7479991912842 20.8689994812012 20.8339996337891 20.2779998779297 18.2490005493164 19.951000213623 21.1709995269775 20.9150009155273 24.8120002746582 27.8859996795654
32.560001373291 32.7610015869141 32.9150009155273 32.9010009765625 33.4389991760254 33.431999206543 33.1590003967285 33.3819999694824 31.8139991760254 29.5189990997314 30.6280002593994 31.2169990539551 31.3819999694824 31.6340007781982 32.7410011291504 33.5779991149902 33.7639999389648 33.726001739502 34.1599998474121 33.9269981384277 33.7089996337891 33.7750015258789 33.4309997558594 34.2470016479492 34.2089996337891 33.8499984741211 33.1199989318848 32.8240013122559 32.7789993286133 31.1669998168945 27.3700008392334 24.3490009307861 23.7929992675781 21.4860000610352 21.4050006866455 21.7950000762939 19.8369998931885 21.0559997558594 20.2110004425049 19.3530006408691 19.2199993133545 19.4820003509521 20.1180000305176 20.5179996490479 26.007999420166 29.4209995269775
32.4679985046387 33.1549987792969 32.8349990844727 32.318000793457 32.523998260498 32.7089996337891 33.056999206543 33.3959999084473 31.9169998168945 31.2560005187988 30.6650009155273 31.1439990997314 31.5370006561279 32.8499984741211 33.6279983520508 33.9620018005371 34.2830009460449 34.3930015563965 34.5870018005371 34.4529991149902 34.2179985046387 34.2960014343262 35.0439987182617 35.5229988098145 35.5060005187988 34.3889999389648 33.2389984130859 32.7080001831055 30.8470001220703 28.5900001525879 27.2719993591309 27.7000007629395 25.7019996643066 24.113000869751 23.3299999237061 20.8959999084473 17.8330001831055 19.2169990539551 19.253999710083 18.55299949646 18.5979995727539 18.7250003814697 20.3589992523193 23.6149997711182 28.5380001068115 30.0259990692139
32.576000213623 34.132999420166 32.8639984130859 32.4449996948242 31.8369998931885 31.8309993743896 31.8969993591309 32.0620002746582 29.3649997711182 29.4729995727539 30.2910003662109 31.0200004577637 31.3579998016357 32.7169990539551 33.4770011901855 33.9490013122559 34.5530014038086 34.9480018615723 34.7820014953613 34.3289985656738 34.1370010375977 35.1040000915527 36.3330001831055 36.6389999389648 36.5309982299805 35.3769989013672 33.8009986877441 32.7560005187988 31.9060001373291 30.2810001373291 29.5830001831055 28.4790000915527 26.4459991455078 24.1229991912842 23.2719993591309 20.7959995269775 16.2280006408691 16.2189998626709 16.5900001525879 17.3689994812012 18.2229995727539 18.8729991912842 20.511999130249 24.0960006713867 27.6580009460449 29.5279998779297
35.6269989013672 36.6100006103516 32.6380004882812 31.5289993286133 30.4440002441406 29.371000289917 29.996000289917 29.9930000305176 29.30299949646 29.136999130249 29.382999420166 30.3929996490479 31.0629997253418 32.064998626709 32.9080009460449 33.4140014648438 33.951000213623 34.6809997558594 34.5060005187988 34.1590003967285 34.3940010070801 35.3040008544922 36.1730003356934 36.5670013427734 36.5789985656738 36.0120010375977 34.6500015258789 33.7719993591309 31.2099990844727 30.9060001373291 30.1030006408691 29.1620006561279 24.9799995422363 23.9710006713867 23.6359996795654 21.5610008239746 17.1830005645752 15.7030000686646 15.9329996109009 15.2159996032715 17.9090003967285 18.6650009155273 20.4680004119873 24.1669998168945 26.8190002441406 28.4249992370605
37.7719993591309 37.951000213623 35.1380004882812 29.6679992675781 29.1660003662109 29.8349990844727 29.181999206543 28.9360008239746 29.4379997253418 29.42799949646 29.4969997406006 29.7700004577637 30.7129993438721 32.1259994506836 33.0999984741211 33.4780006408691 33.8959999084473 34.0859985351562 33.8530006408691 34.1889991760254 34.4739990234375 35.2610015869141 35.8409996032715 36.0040016174316 36.0719985961914 35.7099990844727 34.1290016174316 32.8800010681152 31.9669990539551 31.2220001220703 30.3349990844727 29.2240009307861 26.4260005950928 23.6770000457764 23.1079998016357 21.7630004882812 19.7719993591309 17.2450008392334 15.1789999008179 14.2530002593994 12.5290002822876 14.7790002822876 18.8239994049072 23.4549999237061 25.6149997711182 27.2350006103516
38.3380012512207 36.0509986877441 34.5089988708496 28.1469993591309 28.8010005950928 29.9799995422363 29.6009998321533 28.5380001068115 28.7880001068115 28.7630004882812 29.5960006713867 30.1070003509521 30.7390003204346 31.6089992523193 32.1290016174316 32.8110008239746 33.1069984436035 33.1349983215332 33.0740013122559 33.8660011291504 33.9329986572266 34.2249984741211 34.7019996643066 34.8269996643066 35.5890007019043 34.314998626709 32.6689987182617 31.3190002441406 31.5750007629395 31.7029991149902 31.6909999847412 29.0620002746582 26.0160007476807 23.1770000457764 21.9389991760254 21.5300006866455 18.9169998168945 13.8190002441406 13.8149995803833 7.01999998092651 7.18599987030029 8.33300018310547 15.4659996032715 19.8169994354248 23.8509998321533 24.878999710083
38.3429985046387 33.1430015563965 30.3430004119873 28.2019996643066 28.7049999237061 30.0450000762939 29.7800006866455 27.4230003356934 26.6660003662109 26.8290004730225 28.2509994506836 29.5639991760254 31.257999420166 31.5499992370605 31.6809997558594 31.5009994506836 31.7360000610352 31.7929992675781 31.9710006713867 32.4049987792969 32.314998626709 32.943000793457 33.2589988708496 34.0390014648438 34.4179992675781 34.1839981079102 32.5909996032715 31.3719997406006 30.9979991912842 31.3950004577637 30.0289993286133 26.6720008850098 23.6110000610352 22.806999206543 21.3910007476807 21.2479991912842 16.5069999694824 11.2550001144409 9.5600004196167 7.69999980926514 6.72700023651123 10.0080003738403 14.7200002670288 17.0340003967285 22.2409992218018 23.7819995880127
37.4809989929199 31.5030002593994 29.056999206543 29.0060005187988 28.0900001525879 28.4220008850098 25.3409996032715 24.636999130249 24.2830009460449 24.69700050354 25.6590003967285 28.007999420166 29.7560005187988 30.9230003356934 31.5839996337891 30.318000793457 30.8899993896484 30.7409992218018 30.9479999542236 30.94700050354 30.7689990997314 31.55299949646 31.8169994354248 32.4659996032715 33.0970001220703 32.8120002746582 32.8800010681152 31.4009990692139 30.0699996948242 30.1959991455078 29.5790004730225 25.4529991149902 23.7110004425049 23.0849990844727 20.7320003509521 19.3610000610352 15.8229999542236 13.0769996643066 11.3129997253418 8.18900012969971 6.93200016021729 11.5500001907349 18.7880001068115 20.5849990844727 21.9160003662109 24.693000793457
