02_asc_chm-r50m/BR221X.asc
NCOLS 201 
NROWS 201 
XLLCORNER 525657 
YLLCORNER 5300981 
CELLSIZE 0.5 
NODATA_value -3.4e+38 
[rows 120 to 139 of 201, columns 0 to 45 of 201]
-3.4e+38 -3.4e+38 -3.4e+38 10.0609998703003 1.86199998855591 1.84099996089935 1.78699994087219 1.98599994182587 1.89699995517731 1.61300003528595 1.88900005817413 2.19899988174438 2.60500001907349 3.18099999427795 4.74900007247925 5.7979998588562 6.98600006103516 6.54899978637695 6.83599996566772 6.53499984741211 6.71199989318848 6.93900012969971 7.19099998474121 8.18599987030029 10.8470001220703 17.5370006561279 16.0659999847412 14.3100004196167 19.8129997253418 19.8990001678467 25.3250007629395 24.1490001678467 15.3190002441406 18.8120002746582 17.992000579834 20.2560005187988 18.2299995422363 14.7679996490479 17.6509990692139 17.6609992980957 13.1949996948242 10.8990001678467 9.45800018310547 4.13700008392334 1.69700002670288 1.9210000038147
-3.4e+38 -3.4e+38 -3.4e+38 19.746000289917 1.72000002861023 1.75499999523163 1.50999999046326 1.64100003242493 1.76300001144409 1.62699997425079 1.45000004768372 1.66199994087219 2.29699993133545 3.21099996566772 3.72199988365173 5.5460000038147 8.33699989318848 9.73499965667725 12.3500003814697 8.0930004119873 6.34200000762939 7.18699979782104 7.09700012207031 7.13299989700317 6.80900001525879 4.42999982833862 0.953000009059906 0.669000029563904 0.763999998569489 5.69099998474121 3.86899995803833 11.9849996566772 15.1090002059937 7.3769998550415 4.8289999961853 10.1979999542236 7.77199983596802 9.1540002822876 14.456000328064 14.9569997787476 10.9040002822876 8.51200008392334 5.51999998092651 2.66199994087219 2.12700009346008 1.93799996376038
-3.4e+38 -3.4e+38 -3.4e+38 -3.4e+38 1.56900000572205 3.30100011825562 1.42299997806549 1.51300001144409 1.56099998950958 1.58000004291534 1.13399994373322 4.8439998626709 3.92600011825562 3.65700006484985 4.88000011444092 5.98199987411499 8.86400032043457 10.0640001296997 12.3769998550415 10.0319995880127 6.7189998626709 8.30300045013428 8.39200019836426 7.47200012207031 6.95300006866455 2.97699999809265 2.34200000762939 1.98699998855591 2.42300009727478 2.83599996566772 3.57599997520447 4.01000022888184 4.15799999237061 3.95799994468689 4.49399995803833 5.30200004577637 6.3600001335144 7.0770001411438 9.49199962615967 7.85300016403198 6.00299978256226 6.22800016403198 5.47100019454956 4.32999992370605 4.10699987411499 3.30599999427795
-3.4e+38 -3.4e+38 -3.4e+38 -3.4e+38 1.07000005245209 7.21099996566772 6.89099979400635 7.19000005722046 11.6599998474121 6.2350001335144 11.4580001831055 11.8929996490479 10.6979999542236 9.04399967193604 4.62799978256226 7.68300008773804 8.92300033569336 10.1940002441406 12.1190004348755 11.1829996109009 7.12400007247925 8.23900032043457 8.99600028991699 9.11900043487549 8.89799976348877 8.08100032806396 6.28999996185303 5.78399991989136 2.76399993896484 2.41799998283386 3.4300000667572 3.81699991226196 4.02099990844727 4.8289999961853 4.65199995040894 5.56899976730347 6.33300018310547 6.95599985122681 6.94799995422363 6.85500001907349 7.31300020217896 7.15999984741211 7.70300006866455 6.79400014877319 5.80000019073486 4.72399997711182
-3.4e+38 -3.4e+38 -3.4e+38 -3.4e+38 1.12000000476837 9.19699954986572 15.8769998550415 15.8809995651245 15.4759998321533 18.4419994354248 20.4740009307861 18.9409999847412 17.2689990997314 11.3809995651245 1.87300002574921 5.72399997711182 6.84100008010864 6.88899993896484 13.1470003128052 14.3009996414185 13.6180000305176 9.90200042724609 10.3009996414185 10.6000003814697 10.8959999084473 10.0860004425049 8.04199981689453 6.11100006103516 4.94899988174438 3.60800004005432 3.99399995803833 4.55700016021729 5.36399984359741 5.98299980163574 5.71099996566772 5.58900022506714 6.02099990844727 6.86600017547607 6.59600019454956 7.75099992752075 8.04599952697754 7.69899988174438 7.80499982833862 7.59600019454956 6.23899984359741 5.44199991226196
-3.4e+38 -3.4e+38 -3.4e+38 -3.4e+38 4.35900020599365 14.4049997329712 19.9479999542236 20.7959995269775 21.5279998779297 23.4720001220703 23.0520000457764 14.5150003433228 21.3299999237061 20.3920001983643 11.0509996414185 1.22899997234344 2.44300007820129 4.93800020217896 13.9390001296997 14.6879997253418 13.8889999389648 11.8579998016357 11.1199998855591 11.5 10.9770002365112 10.2480001449585 9.36999988555908 7.36100006103516 4.69199991226196 4.03900003433228 4.34000015258789 5.10099983215332 6.05000019073486 6.78200006484985 6.55000019073486 5.68400001525879 6.01300001144409 7.22900009155273 7.75 8.47700023651123 8.44699954986572 7.69999980926514 7.77799987792969 7.24399995803833 6.8270001411438 5.34700012207031
-3.4e+38 -3.4e+38 -3.4e+38 -3.4e+38 9.72500038146973 20.5709991455078 21.4640007019043 22.326000213623 24.5919990539551 25.5109996795654 23.9309997558594 17.1380004882812 21.5820007324219 23.132999420166 20.0459995269775 15.3030004501343 4.23799991607666 5.59999990463257 12.3489999771118 14.1890001296997 13.7670001983643 13.2279996871948 12.1599998474121 12.1079998016357 11.6990003585815 11.2760000228882 10.2469997406006 8.79500007629395 6.6729998588562 4.39900016784668 4.3289999961853 4.96700000762939 5.98600006103516 6.4060001373291 6.40899991989136 6.01300001144409 5.67700004577637 6.71299982070923 8.16300010681152 8.48700046539307 8.79100036621094 8.21199989318848 7.96199989318848 7.42799997329712 7.42799997329712 6.40399980545044
-3.4e+38 -3.4e+38 -3.4e+38 -3.4e+38 15.7829999923706 20.9519996643066 22.8040008544922 23.6749992370605 25.3619995117188 26.7199993133545 26.4120006561279 23.9020004272461 23.1760005950928 23.2210006713867 23.1989994049072 18.121000289917 12.3339996337891 10.4440002441406 8.55300045013428 11.9569997787476 13.3520002365112 13.076000213623 12.7880001068115 12.4049997329712 11.8020000457764 11.3649997711182 10.6350002288818 8.55099964141846 7.68300008773804 5.12200021743774 4.30200004577637 4.96000003814697 5.51100015640259 5.67500019073486 6.00799989700317 6.60200023651123 6.64300012588501 5.80000019073486 7.62400007247925 7.90100002288818 8.35099983215332 8.11200046539307 7.33199977874756 6.94299983978271 7.98099994659424 7.15100002288818
-3.4e+38 -3.4e+38 -3.4e+38 -3.4e+38 -3.4e+38 21.1350002288818 24.5189990997314 24.7250003814697 26.6040000915527 27.576000213623 27.2089996337891 26.1509990692139 24.2439994812012 25.0009994506836 24.9090003967285 20.3090000152588 21.1270008087158 18.7779998779297 12.8219995498657 9.86900043487549 12.2340002059937 12.6719999313354 15.5389995574951 16.1809997558594 11.1420001983643 10.7069997787476 10.0950002670288 8.33500003814697 5.35300016403198 4.72300004959106 4.51399993896484 4.42899990081787 5.3730001449585 5.55299997329712 6.26800012588501 6.89499998092651 7.13000011444092 6.63800001144409 6.92799997329712 7.1729998588562 7.46199989318848 7.30100011825562 6.66699981689453 7.09800004959106 8.89700031280518 7.35400009155273
-3.4e+38 -3.4e+38 -3.4e+38 -3.4e+38 -3.4e+38 23.9099998474121 26.1599998474121 26.9740009307861 27.8740005493164 27.882999420166 28.3980007171631 27.5839996337891 26.57200050354 24.3999996185303 23.9300003051758 21.6299991607666 21.7810001373291 20.6979999542236 15.9270000457764 11.5450000762939 10.2889995574951 15.2410001754761 17.5970001220703 17.5189990997314 12.8369998931885 10.53600025177 9.88000011444092 7.89400005340576 6.10500001907349 5.23600006103516 4.9520001411438 4.97599983215332 5.21199989318848 5.40199995040894 6.03399991989136 6.98099994659424 6.99200010299683 6.69899988174438 6.39099979400635 6.46700000762939 6.33099985122681 6.71299982070923 7.75299978256226 9.22399997711182 9.82299995422363 8.04699993133545
-3.4e+38 -3.4e+38 -3.4e+38 -3.4e+38 -3.4e+38 23.757999420166 27.4440002441406 29.6469993591309 31.2810001373291 32.3470001220703 31.7180004119873 30.2740001678467 26.4529991149902 22.9009990692139 23.048999786377 21.7889995574951 22.1040000915527 20.0620002746582 19.0030002593994 14.956000328064 12.8269996643066 18.636999130249 19.8999996185303 16.8700008392334 13.7239999771118 10.1759996414185 9.5290002822876 7.68499994277954 6.0460000038147 12.7209997177124 6.2519998550415 5.13299989700317 5.28999996185303 6.71999979019165 6.14300012588501 5.92600011825562 6.33099985122681 5.86100006103516 5.78399991989136 5.57600021362305 5.19799995422363 6.32399988174438 7.36999988555908 8.83399963378906 9.1569995880127 8.98299980163574
-3.4e+38 -3.4e+38 -3.4e+38 -3.4e+38 -3.4e+38 25.5109996795654 28.951000213623 29.9360008239746 31.4179992675781 32.7120018005371 32.6189994812012 31.3479995727539 29.3460006713867 27.7229995727539 25.9099998474121 23.80299949646 22.1539993286133 22.6149997711182 21.8810005187988 20.8360004425049 21.5879993438721 21.4270000457764 21.431999206543 18.9629993438721 15.3059997558594 9.78400039672852 13.5769996643066 16.382999420166 18.4599990844727 17.9190006256104 11.710000038147 9.19900035858154 7.64499998092651 7.89200019836426 4.98799991607666 4.63000011444092 4.39099979400635 5.00500011444092 5.38100004196167 5.09999990463257 4.83599996566772 5.2020001411438 5.74200010299683 7.28900003433228 8.30200004577637 8.75899982452393
-3.4e+38 -3.4e+38 -3.4e+38 -3.4e+38 -3.4e+38 -3.4e+38 28.9179992675781 30.9720001220703 33.0909996032715 33.6870002746582 33.7939987182617 31.007999420166 30.2439994812012 29.6569995880127 27.7520008087158 22.8150005340576 22.3810005187988 23.8379993438721 23.7560005187988 22.8250007629395 22.5610008239746 20.7880001068115 20.7369995117188 17.9899997711182 16.6529998779297 16.628999710083 17.6000003814697 18.1590003967285 17.492000579834 16.4640007019043 11.9099998474121 9.8769998550415 9.37100028991699 7.13299989700317 4.40399980545044 4.5789999961853 4.20699977874756 4.73400020599365 5.06199979782104 4.99399995803833 4.83900022506714 4.45900011062622 4.88800001144409 5.71000003814697 6.63500022888184 7.10599994659424
-3.4e+38 -3.4e+38 -3.4e+38 -3.4e+38 -3.4e+38 -3.4e+38 28.9139995574951 31.4400005340576 33.1139984130859 33.4879989624023 33.2630004882812 31.4969997406006 30.2180004119873 28.1019992828369 24.7329998016357 22.6830005645752 21.6730003356934 23.5450000762939 24.4570007324219 23.9060001373291 21.5729999542236 19.3419990539551 19.3560009002686 18.2049999237061 17.6509990692139 18.261999130249 18.1439990997314 18.0970001220703 16.1909999847412 14.7690000534058 11.043999671936 10.7620000839233 10.2569999694824 7.90999984741211 6.26800012588501 5.46199989318848 3.53399991989136 4.24599981307983 4.7810001373291 4.95900011062622 5.08900022506714 5.01900005340576 4.55800008773804 5.0310001373291 5.21199989318848 4.54199981689453
-3.4e+38 -3.4e+38 -3.4e+38 -3.4e+38 -3.4e+38 -3.4e+38 -3.4e+38 31.1040000915527 32.1590003967285 32.5540008544922 32.0200004577637 30.8950004577637 29.8910007476807 28.2789993286133 25.0340003967285 23.0400009155273 22.4099998474121 21.2350006103516 22.9990005493164 23.5869998931885 21.9860000610352 20.048999786377 19.2299995422363 19.2639999389648 19.3209991455078 19.4099998474121 19.0480003356934 18.4160003662109 17.5419998168945 12.3500003814697 11.0659999847412 9.68599987030029 9.71599960327148 8.1870002746582 6.07299995422363 3.88199996948242 2.25200009346008 3.07399988174438 4.30000019073486 4.71999979019165 4.80900001525879 4.15700006484985 3.21000003814697 3.79800009727478 3.65100002288818 3.54500007629395
-3.4e+38 -3.4e+38 -3.4e+38 -3.4e+38 -3.4e+38 -3.4e+38 -3.4e+38 29.2910003662109 30.4290008544922 30.9829998016357 30.7409992218018 29.2789993286133 28.9060001373291 26.7569999694824 24.8400001525879 22.4400005340576 20.117000579834 19.9710006713867 21.5130004882812 22.5139999389648 21.988000869751 21.1499996185303 19.8500003814697 19.7600002288818 19.5330009460449 18.8549995422363 18.4610004425049 18.2399997711182 13.2209997177124 10.66100025177 8.94499969482422 8.43299961090088 8.36100006103516 8.01599979400635 6.28800010681152 4.81099987030029 2.20700001716614 1.64300000667572 3.34699988365173 3.85400009155273 3.9760000705719 3.82699990272522 3.1340000629425 3.05599999427795 3.03800010681152 2.88100004196167
-3.4e+38 -3.4e+38 -3.4e+38 -3.4e+38 -3.4e+38 -3.4e+38 -3.4e+38 -3.4e+38 28.7299995422363 29.6730003356934 28.988000869751 27.6679992675781 26.931999206543 25.4060001373291 21.8929996490479 20.0659999847412 19.3859996795654 19.1630001068115 19.1569995880127 21.4060001373291 21.7880001068115 21.5209999084473 20.6989994049072 20.3600006103516 19.3990001678467 18.3640003204346 17.94700050354 17.9610004425049 8.5310001373291 8.56599998474121 7.68300008773804 7.12099981307983 6.72800016403198 5.36499977111816 4.5479998588562 3.0699999332428 0.925000011920929 0.882000029087067 1.76800000667572 2.46199989318848 2.94000005722046 3.25200009346008 3.16400003433228 3.94300007820129 3.91599988937378 3.0220000743866
-3.4e+38 -3.4e+38 -3.4e+38 -3.4e+38 -3.4e+38 -3.4e+38 -3.4e+38 -3.4e+38 28.0610008239746 27.8619995117188 27.298999786377 25.6439990997314 24.7940006256104 22.8850002288818 20.8250007629395 19.3729991912842 19.1149997711182 19.056999206543 18.8600006103516 19.9869995117188 20.2959995269775 19.9850006103516 21.2259998321533 20.7360000610352 19.9360008239746 17.511999130249 17.4379997253418 15.0200004577637 6.41800022125244 6.63000011444092 6.17799997329712 4.61600017547607 4.92199993133545 3.98600006103516 3.25799989700317 2.27099990844727 1.70000004768372 2.37800002098083 2.34999990463257 2.53200006484985 3.17499995231628 3.33599996566772 3.13299989700317 3.90599989891052 4.31099987030029 5.40100002288818
-3.4e+38 -3.4e+38 -3.4e+38 -3.4e+38 -3.4e+38 -3.4e+38 -3.4e+38 -3.4e+38 -3.4e+38 24.9740009307861 24.9750003814697 23.9029998779297 23.4729995727539 22.9500007629395 21.2360000610352 18.2889995574951 18.3099994659424 18.5090007781982 18.7630004882812 19.4780006408691 18.7649993896484 17.6229991912842 20.2520008087158 19.8269996643066 18.6730003356934 15.7969999313354 12.9809999465942 8.7180004119873 5.19799995422363 5.30399990081787 4.71600008010864 4.55100011825562 4.44999980926514 4.16400003433228 3.64100003242493 3.08500003814697 2.67199993133545 3.98300004005432 4.17399978637695 3.25600004196167 4.31199979782104 4.42799997329712 3.31800007820129 3.49200010299683 4.24900007247925 4.97599983215332
-3.4e+38 -3.4e+38 -3.4e+38 -3.4e+38 -3.4e+38 -3.4e+38 -3.4e+38 -3.4e+38 -3.4e+38 23.6270008087158 23.2029991149902 22.8470001220703 21.7280006408691 20.4500007629395 16.5699996948242 15.2040004730225 16.2290000915527 16.7350006103516 16.8959999084473 17.55299949646 15.9079999923706 17.1529998779297 18.0629997253418 17.5650005340576 16.681999206543 12.6850004196167 6.55399990081787 6.24300003051758 5.56899976730347 5.54500007629395 5.19799995422363 4.77699995040894 5.2480001449585 5.63500022888184 4.81500005722046 3.65100002288818 2.99699997901917 3.9300000667572 4.63299989700317 4.43400001525879 5.00899982452393 4.80499982833862 3.59200000762939 3.32100009918213 3.50099992752075 3.40199995040894
