02_asc_chm-r50m/BR220Q.asc
NCOLS 200 
NROWS 200 
XLLCORNER 533445.5 
YLLCORNER 5297805 
CELLSIZE 0.5 
NODATA_value -3.4e+38 
[rows 80 to 99 of 200, columns 0 to 45 of 200]
-3.4e+38 -3.4e+38 -3.4e+38 28.7600002288818 28.1630001068115 24.8640003204346 26.6909999847412 26.556999206543 25.3899993896484 16.1350002288818 17.0550003051758 17.7140007019043 20.05299949646 19.7999992370605 16.9400005340576 13.1599998474121 13.9930000305176 17.4090003967285 18.7199993133545 22.4659996032715 22.1609992980957 22.5060005187988 22.943000793457 23.5849990844727 23.7280006408691 23.0979995727539 23.0259990692139 22.5750007629395 22.5820007324219 21.7000007629395 21.2569999694824 19.4419994354248 21.5629997253418 23.8050003051758 25.9209995269775 24.8279991149902 26.6060009002686 26.6569995880127 25.4120006561279 25.2670001983643 26.6639995574951 27.4409999847412 27.9330005645752 26.1499996185303 20.8279991149902 18.7950000762939
-3.4e+38 -3.4e+38 -3.4e+38 25.2080001831055 27.5990009307861 28.0620002746582 27.117000579834 26.9799995422363 26.0230007171631 25.30299949646 23.9689998626709 22.9570007324219 20.1520004272461 19.8159999847412 20.5209999084473 18.1749992370605 20.9220008850098 18.5739994049072 18.3990001678467 25.7709999084473 23.3990001678467 22.7919998168945 23.3110008239746 23.4629993438721 23.4529991149902 23.628999710083 23.3969993591309 22.9130001068115 22.3889999389648 22.5790004730225 20.1089992523193 18.4869995117188 23.0049991607666 24.2180004119873 25.1499996185303 24.326000213623 24.8059997558594 23.8110008239746 22.6399993896484 25.2119998931885 26.4589996337891 27.2980003356934 28.242000579834 27.1480007171631 22.4720001220703 19.1849994659424
-3.4e+38 -3.4e+38 27.5480003356934 21.7779998779297 27.3250007629395 28.011999130249 26.9409999847412 27.7759990692139 28.0480003356934 26.0109996795654 26.3619995117188 26.9659996032715 25.7310009002686 22.5370006561279 22.757999420166 24.6280002593994 25.8719997406006 21.2019996643066 23.193000793457 26.992000579834 25.5639991760254 24.2700004577637 24.1459999084473 23.8770008087158 23.7509994506836 24.1000003814697 24.4230003356934 23.9650001525879 22.9370002746582 22.378999710083 20.7700004577637 17.1140003204346 17.1429996490479 18.2759990692139 21.6569995880127 24.068000793457 23.173999786377 21.7800006866455 21.5179996490479 24.6909999847412 26.0799999237061 26.7789993286133 27.6879997253418 27.6709995269775 23.7070007324219 17.5909996032715
-3.4e+38 -3.4e+38 30.3560009002686 22.7159996032715 26.8719997406006 28.4640007019043 27.6200008392334 29.1679992675781 29.5650005340576 27.693000793457 26.7719993591309 27.2689990997314 27.5599994659424 27.7810001373291 27.4370002746582 28.2199993133545 29.5890007019043 28.367000579834 28.3430004119873 28.0629997253418 27.1240005493164 24.9780006408691 24.7229995727539 25.1200008392334 24.6860008239746 23.9069995880127 24.1770000457764 23.9330005645752 22.8810005187988 21.628999710083 20.326000213623 16.6879997253418 16.4619998931885 15.1450004577637 19.3099994659424 23.2830009460449 22.1200008392334 20.7929992675781 21.1009998321533 22.7320003509521 25.9500007629395 26.5769996643066 26.8500003814697 26.7609996795654 25.7900009155273 16.6459999084473
-3.4e+38 -3.4e+38 27.7269992828369 30.0820007324219 30.1700000762939 30.0830001831055 30.2080001831055 30.4479999542236 29.5170001983643 27.9979991912842 27.326000213623 27.4759998321533 28.7590007781982 29.386999130249 29.4589996337891 29.75 30.05299949646 30.4120006561279 29.9459991455078 28.9160003662109 29.1609992980957 26.0520000457764 24.5949993133545 24.5200004577637 24.0370006561279 23.5939998626709 23.6060009002686 23.2339992523193 22.2350006103516 19.8549995422363 19.2789993286133 18.5669994354248 15.2180004119873 15.0719995498657 17.8449993133545 19.25 19.0939998626709 20.701000213623 20.4260005950928 19.0249996185303 22.2229995727539 26.3279991149902 26.4839992523193 26.4540004730225 21.5149993896484 15.4919996261597
-3.4e+38 -3.4e+38 29.1240005493164 30.5690002441406 30.8680000305176 30.9850006103516 30.7220001220703 30.7210006713867 29.9619998931885 28.3560009002686 27.5540008544922 28.4270000457764 29.3920001983643 30.0410003662109 30.0650005340576 30.0839996337891 30.4020004272461 30.5990009307861 29.5189990997314 26.9969997406006 26.9529991149902 23.576000213623 24.5340003967285 24.0410003662109 23.7350006103516 23.6550006866455 23.5480003356934 22.9300003051758 22.2800006866455 20.488000869751 19.1870002746582 19.0380001068115 16.0349998474121 14.8450002670288 12.2370004653931 11.8479995727539 12.7270002365112 16.9139995574951 13.3570003509521 15.2620000839233 16.6959991455078 20.6110000610352 20.7509994506836 20.5470008850098 17.7290000915527 15.0200004577637
-3.4e+38 -3.4e+38 24.4370002746582 30.1019992828369 30.8509998321533 31.2840003967285 31.7169990539551 31.7119998931885 31.0520000457764 30.1800003051758 29.7870006561279 29.6420001983643 30.2649993896484 30.548999786377 30.6979999542236 30.5100002288818 30.5100002288818 30.2439994812012 29.9990005493164 27.7019996643066 24.121000289917 22.6529998779297 24.9580001831055 23.8589992523193 23.5160007476807 23.4039993286133 23.7019996643066 23.7810001373291 22.681999206543 21.6949996948242 20.7310009002686 19.9769992828369 19.32200050354 17.3959999084473 13.0989999771118 11.5869998931885 11.5909996032715 8.29800033569336 7.43599987030029 9.48299980163574 11.0500001907349 10.4160003662109 10.4729995727539 11.8959999084473 14.2340002059937 14.5120000839233
-3.4e+38 -3.4e+38 28.5849990844727 30.9850006103516 32.1940002441406 32.8580017089844 32.7820014953613 32.1580009460449 32.0699996948242 31.7719993591309 30.3099994659424 30.318000793457 30.5849990844727 30.9720001220703 31.0879993438721 31.1480007171631 30.9640007019043 30.3999996185303 29.9120006561279 29.3840007781982 27.9680004119873 26.3540000915527 25.5930004119873 25.0639991760254 24.8600006103516 24.1889991760254 25.8159999847412 26.4090003967285 25.6840000152588 22.6599998474121 21.9829998016357 22.7269992828369 20.8600006103516 17.4340000152588 12.0500001907349 11.9280004501343 8.27499961853027 6.00299978256226 5.43800020217896 8.93400001525879 9.96700000762939 9.64500045776367 9.88799953460693 10.3900003433228 13.085000038147 13.8920001983643
-3.4e+38 -3.4e+38 29.8759994506836 30.7110004425049 32.2319984436035 32.9710006713867 32.5449981689453 31.5359992980957 31.7560005187988 31.2110004425049 30.0349998474121 30.1909999847412 30.4950008392334 30.6669998168945 30.7889995574951 30.7450008392334 30.568000793457 30.2509994506836 29.6760005950928 28.6410007476807 27.996000289917 25.8859996795654 26.0270004272461 25.8400001525879 25.7450008392334 26.0629997253418 27.6469993591309 28.2070007324219 28.0480003356934 26.3729991912842 26.6679992675781 25.9580001831055 22.9300003051758 18.3950004577637 15.9420003890991 12.4890003204346 5.24399995803833 3.03200006484985 3.24900007247925 4.88800001144409 8.06900024414062 7.22300004959106 9.08500003814697 10.0920000076294 11.3199996948242 12.7040004730225
-3.4e+38 23.4349994659424 29.2369995117188 30.8439998626709 31.6219997406006 32.0139999389648 30.8419990539551 30.5230007171631 30.3250007629395 29.3379993438721 28.2159996032715 28.3430004119873 29.2639999389648 30.318000793457 30.5240001678467 30.5109996795654 30.4440002441406 30.2479991912842 29.1009998321533 27.3659992218018 26.8150005340576 27.0429992675781 26.8759994506836 26.4389991760254 26.0750007629395 26.2299995422363 28.4629993438721 28.8719997406006 28.6730003356934 28.6609992980957 28.6520004272461 27.6319999694824 25.7259998321533 22.7409992218018 19.7290000915527 17.5970001220703 7.49399995803833 2.8050000667572 2.95499992370605 4.3439998626709 4.96199989318848 5.49900007247925 8.18000030517578 9.36999988555908 9.11499977111816 8.0019998550415
-3.4e+38 27.9190006256104 27.9950008392334 30.4610004425049 30.3889999389648 30.6350002288818 30.4610004425049 29.9839992523193 29.2569999694824 27.673999786377 25.8840007781982 25.9330005645752 26.7350006103516 28.6550006866455 29.1900005340576 29.2819995880127 29.6840000152588 29.798999786377 28.2649993896484 27.5960006713867 26.7280006408691 27.1599998474121 28.4099998474121 26.6189994812012 25.9869995117188 26.5330009460449 28.863000869751 29.7719993591309 29.3780002593994 28.7240009307861 28.738000869751 27.9039993286133 25.5869998931885 22.6979999542236 20.5869998931885 14.5019998550415 8.3149995803833 4.20599985122681 4.25699996948242 4.69099998474121 5.27199983596802 5.44299983978271 5.63600015640259 5.74599981307983 6.14300012588501 6.59000015258789
-3.4e+38 26.8290004730225 27.818000793457 28.7029991149902 29.3880004882812 29.8579998016357 30.1270008087158 28.548999786377 28.5499992370605 27.7709999084473 25.7840003967285 25.367000579834 25.5939998626709 27.5960006713867 27.4139995574951 28.056999206543 28.5869998931885 28.3040008544922 27.9720001220703 27.6989994049072 27.57200050354 28.4669990539551 29.4249992370605 29.0300006866455 27.0860004425049 27.2549991607666 30.1790008544922 31.4419994354248 30.8050003051758 30.0049991607666 28.8990001678467 27.7469997406006 27.1350002288818 24.7889995574951 20.9519996643066 12.7320003509521 11.5710000991821 6.33799982070923 6.30800008773804 5.94899988174438 5.91200017929077 5.7350001335144 5.59899997711182 5.7480001449585 5.87900018692017 6.03499984741211
-3.4e+38 26.8299999237061 26.8040008544922 27.3719997406006 28.4270000457764 29.1299991607666 28.1459999084473 26.5419998168945 27.0429992675781 28.0009994506836 27.2520008087158 25.886999130249 26.0219993591309 27.2740001678467 27.3129997253418 27.9640007019043 28.3589992523193 28.3600006103516 29.2649993896484 28.4810009002686 27.9519996643066 29.2549991607666 29.746000289917 29.931999206543 28.4740009307861 27.3379993438721 29.5009994506836 30.9619998931885 30.5279998779297 29.0459995269775 27.7800006866455 26.8640003204346 24.7889995574951 22.2779998779297 17.2940006256104 13.0590000152588 10.201000213623 8.19600009918213 7.86800003051758 7.375 6.81599998474121 6.45100021362305 5.61800003051758 5.86199998855591 5.97399997711182 6.06500005722046
-3.4e+38 25.451000213623 25.6399993896484 26.1040000915527 26.6940002441406 27.0799999237061 26.8449993133545 25.5540008544922 25.8689994812012 27.3379993438721 26.9720001220703 25.3020000457764 24.8840007781982 26.9409999847412 26.8059997558594 27.9710006713867 28.5230007171631 28.4009990692139 29.8519992828369 30.4580001831055 30.5200004577637 30.8659992218018 30.8439998626709 30.3549995422363 29.5139999389648 27.7280006408691 27.5669994354248 28.6389999389648 27.9080009460449 27.7049999237061 27.4169998168945 26.6560001373291 24.1800003051758 21.9939994812012 20.8390007019043 17.8600006103516 12.1590003967285 9.79699993133545 9.28400039672852 8.11100006103516 8.08899974822998 7.69600009918213 6.72499990463257 5.91499996185303 5.9850001335144 6.04699993133545
-3.4e+38 24.2740001678467 24.5170001983643 25.6580009460449 25.6439990997314 25.7679996490479 25.1340007781982 25.0909996032715 25.4200000762939 25.9850006103516 25.6180000305176 24.7900009155273 24.7360000610352 25.5349998474121 26.8159999847412 28.1280002593994 28.8759994506836 28.7639999389648 29.4249992370605 30.1350002288818 30.4759998321533 30.9850006103516 31.0069999694824 29.6730003356934 29.8799991607666 29.3010005950928 28.9090003967285 26.5909996032715 27.4799995422363 27.4160003662109 27.32200050354 27.2590007781982 25.8309993743896 23.7159996032715 23.5450000762939 18.1749992370605 11.8450002670288 12.2510004043579 11.125 11.8380002975464 10.3339996337891 8.06400012969971 7.90700006484985 6.69399976730347 5.82800006866455 6.07999992370605
-3.4e+38 24.375 25.5170001983643 25.9160003662109 25.7469997406006 25.3910007476807 25.0960006713867 24.9449996948242 24.0639991760254 24.8579998016357 24.9009990692139 24.0590000152588 23.8190002441406 23.6299991607666 26.3369998931885 27.7910003662109 28.4139995574951 29.0790004730225 29.6180000305176 30.2360000610352 30.9720001220703 30.8279991149902 29.7399997711182 28.931999206543 29.2590007781982 29.1580009460449 28.8799991607666 25.5890007019043 26.4400005340576 26.076000213623 28.7070007324219 28.2229995727539 27.5109996795654 27.0249996185303 27.8950004577637 21.9669990539551 14.1700000762939 13.9139995574951 12.6619997024536 12.0059995651245 12.1759996414185 11.8299999237061 7.40199995040894 6.38500022888184 6.15700006484985 6.30700016021729
-3.4e+38 26.9860000610352 27.1410007476807 26.2119998931885 26.1840000152588 25.9740009307861 25.7959995269775 25.07200050354 23.5930004119873 22.931999206543 23.4890003204346 23.2929992675781 23.2059993743896 23.9839992523193 26.6639995574951 27.3250007629395 27.8479995727539 29.1800003051758 30.30299949646 31.1749992370605 31.4659996032715 31.1359996795654 29.5839996337891 29.0949993133545 29.0109996795654 28.4820003509521 27.8509998321533 25.3479995727539 24.6299991607666 25.2450008392334 28.4729995727539 29.4969997406006 28.6270008087158 28.7220001220703 28.8239994049072 28.2140007019043 18.0659999847412 15.3520002365112 14.7670001983643 12.4530000686646 11.875 11.503999710083 10.1309995651245 5.80499982833862 7.0310001373291 7.29699993133545
-3.4e+38 28.3360004425049 27.8419990539551 26.6669998168945 26.1480007171631 25.9080009460449 25.8290004730225 25.2390003204346 23.7950000762939 21.4899997711182 21.2259998321533 22.5 23.1070003509521 24.6560001373291 26.3139991760254 26.4759998321533 28.3400001525879 29.80299949646 30.5189990997314 31.2320003509521 31.2630004882812 29.5949993133545 29.0300006866455 28.9589996337891 28.6100006103516 27.4729995727539 26.4839992523193 25.3209991455078 24.5790004730225 27.7819995880127 30.1420001983643 30.5259990692139 30.2259998321533 30.0559997558594 29.4419994354248 30.2819995880127 24.1569995880127 20.8150005340576 15.1300001144409 14.7679996490479 12.1920003890991 11.4289999008179 10.8299999237061 9.26500034332275 9.3129997253418 10.8570003509521
-3.4e+38 28.8199996948242 28.9080009460449 28.3719997406006 27.1480007171631 25.9020004272461 25.9409999847412 25.6580009460449 24.1770000457764 21.94700050354 22.5820007324219 23.1119995117188 23.5020008087158 24.693000793457 25.6720008850098 25.9099998474121 27.8850002288818 29.2399997711182 29.8250007629395 30.9300003051758 30.2819995880127 29.2910003662109 29.0990009307861 28.7119998931885 28.693000793457 27.6660003662109 27.1140003204346 26.3579998016357 25.3239994049072 29.7660007476807 30.3400001525879 31.0559997558594 31.621000289917 31.6720008850098 30.8199996948242 30.6900005340576 30.6940002441406 27.1539993286133 21.181999206543 14.0819997787476 12.4729995727539 12.2639999389648 12.3929996490479 12.253999710083 12.5699996948242 14.585000038147
-3.4e+38 29.0690002441406 29.3040008544922 28.8980007171631 28.4829998016357 27.4810009002686 26.4459991455078 26.0650005340576 24.5259990692139 24.3379993438721 24.3509998321533 23.7759990692139 23.7390003204346 23.4050006866455 24.8209991455078 25.363000869751 27.0739994049072 27.7409992218018 28.5900001525879 30.19700050354 29.5370006561279 29.0960006713867 28.7950000762939 28.2950000762939 28.1669998168945 27.69700050354 27.4249992370605 27.1770000457764 26.6539993286133 28.5090007781982 30.1730003356934 31.2070007324219 31.6900005340576 31.4249992370605 30.7369995117188 30.6660003662109 29.1860008239746 25.8129997253418 26.1340007781982 16.4340000152588 13.4370002746582 13.2399997711182 13.4200000762939 13.7740001678467 14.0270004272461 15.9549999237061
