02_asc_chm-r50m/BR222A.asc
NCOLS 201 
NROWS 201 
XLLCORNER 553596.5 
YLLCORNER 5276034.5 
CELLSIZE 0.5 
NODATA_value -3.4e+38 
[rows 60 to 79 of 201, columns 46 to 91 of 201]
25.492000579834 24.8640003204346 23.3010005950928 21.0750007629395 20.007999420166 19.0750007629395 15.914999961853 13.8879995346069 10.9739999771118 6.13299989700317 4.98000001907349 5.0789999961853 5.57600021362305 6.16800022125244 6.38700008392334 5.9980001449585 4.90700006484985 2.51799988746643 3.85899996757507 13.0159997940063 25.0020008087158 28.8640003204346 31.128999710083 36.4410018920898 38.023998260498 40.8549995422363 41.4720001220703 42.9930000305176 42.6710014343262 42.3240013122559 42.2290000915527 42.0089988708496 41.4010009765625 39.0040016174316 34.640998840332 30.3880004882812 13.6499996185303 6.82299995422363 7.03599977493286 7.3270001411438 6.73099994659424 5.02899980545044 4.46299982070923 4.35799980163574 2.56200003623962 1.78400003910065
26.6219997406006 26.5769996643066 23.5100002288818 21.2119998931885 20.0610008239746 17.6089992523193 13.043999671936 12.8430004119873 10.9930000305176 6.10300016403198 4.67899990081787 5.50600004196167 6.10300016403198 6.44899988174438 6.31400012969971 6.10799980163574 4.88500022888184 2.5220000743866 3.09800004959106 4.70699977874756 5.61600017547607 27.2229995727539 28.8579998016357 31.5890007019043 36.0620002746582 36.7639999389648 37.1310005187988 40.5419998168945 40.5870018005371 41.1629981994629 40.8559989929199 40.1879997253418 38.1370010375977 35.5270004272461 32.7729988098145 24.5249996185303 12.2430000305176 5.62599992752075 6.21500015258789 6.10300016403198 5.38299989700317 5.05999994277954 4.18200016021729 3.83699989318848 1.5809999704361 1.48199999332428
26.9309997558594 26.3159999847412 22.9130001068115 22.076000213623 19.4729995727539 17.9360008239746 15.5649995803833 10.2600002288818 7.50400018692017 5.27899980545044 4.82800006866455 6.13299989700317 6.65799999237061 6.59100008010864 6.39799976348877 6.27299976348877 5.66800022125244 3.50300002098083 2.81100010871887 4.35099983215332 4.57299995422363 17.8139991760254 28.1399993896484 29.2929992675781 32.1529998779297 33.2449989318848 33.5660018920898 37.5690002441406 38.0559997558594 39.9189987182617 40.1990013122559 36.4889984130859 34.8019981384277 30.4290008544922 27.2310009002686 16.3090000152588 3.15400004386902 4.31599998474121 4.90799999237061 4.72100019454956 4.30800008773804 4.44299983978271 3.16000008583069 2.57299995422363 0.853999972343445 0.740000009536743
27.0230007171631 25.0849990844727 24.1609992980957 23.1889991760254 18.0139999389648 17.0130004882812 16.3950004577637 7.34299993515015 5.10300016403198 5.15000009536743 5.09700012207031 6.31799983978271 7.11999988555908 6.66099977493286 6.22100019454956 6.27600002288818 6.36299991607666 4.08400011062622 3.15899991989136 3.56200003623962 3.45799994468689 3.15000009536743 9.05300045013428 17.701000213623 23.4659996032715 30.3269996643066 30.863000869751 35.5859985351562 36.5579986572266 36.4189987182617 31.5610008239746 30.1299991607666 28.7229995727539 22.5550003051758 17.3150005340576 0.994000017642975 0.851000010967255 2.80100011825562 3.6159999370575 3.76300001144409 3.34200000762939 2.73300004005432 1.682000041008 0.630999982357025 0.483999997377396 0.467000007629395
25.8899993896484 25.1870002746582 25.2019996643066 21.4260005950928 17.1270008087158 15.7620000839233 14.2220001220703 14.1009998321533 4.2480001449585 4.19700002670288 4.51800012588501 3.8510000705719 5.59899997711182 6.29699993133545 5.76300001144409 5.14599990844727 3.78900003433228 2.72900009155273 3.09500002861023 3.13000011444092 2.87599992752075 2.69899988174438 2.25500011444092 3.18600010871887 3.54200005531311 14.2469997406006 28.3400001525879 32.8779983520508 32.7109985351562 29.9850006103516 22.4839992523193 22.4389991760254 20.0949993133545 14.3970003128052 8.3769998550415 2.35700011253357 0.749000012874603 0.712000012397766 1.51499998569489 1.99199998378754 1.46200001239777 1.34099996089935 0.855000019073486 0.370000004768372 0.261999994516373 0.439000010490417
26.5380001068115 24.8579998016357 22.5349998474121 20.0240001678467 16.6380004882812 13.8879995346069 9.93200016021729 5.0770001411438 3.58100008964539 3.28200006484985 3.13499999046326 2.6159999370575 3.38599991798401 5.30999994277954 4.57999992370605 3.31399989128113 2.53500008583069 1.81400001049042 2.36199998855591 2.09599995613098 2.2720000743866 2.40599989891052 2.49600005149841 2.93799996376038 3.15300011634827 2.78500008583069 18.0860004425049 27.9799995422363 20.128999710083 18.1159992218018 15.7709999084473 18.7649993896484 16.5419998168945 12.8120002746582 7.92899990081787 2.47199988365173 0.514999985694885 0.47299998998642 0.699000000953674 0.89300000667572 1.08800005912781 1.09800004959106 0.832000017166138 0.347000002861023 0.300999999046326 0.414000004529953
24.8470001220703 19.7590007781982 14.9029998779297 13.1490001678467 12.3179998397827 10.0129995346069 7.43200016021729 4.57000017166138 3.13000011444092 3.20099997520447 3.33200001716614 3.31900000572205 4.03200006484985 3.97199988365173 3.19600009918213 0.705999970436096 1.21899998188019 1.03999996185303 1.42799997329712 1.48699998855591 1.68099999427795 2.35599994659424 2.77600002288818 2.79500007629395 2.86700010299683 2.67499995231628 17.3209991455078 19.625 4.6230001449585 1.76499998569489 1.44500005245209 5.80800008773804 3.16300010681152 0.528999984264374 0.430000007152557 0.263999998569489 0.261999994516373 0.27700001001358 0.230000004172325 0.654999971389771 0.904999971389771 0.736000001430511 0.700999975204468 0.323000013828278 0.375 0.695999979972839
18.568000793457 18.7749996185303 12.2110004425049 9.27799987792969 7.15999984741211 5.43800020217896 4.71500015258789 4.57499980926514 3.4449999332428 3.39299988746643 3.63800001144409 3.83699989318848 2.97399997711182 1.96200001239777 1.69099998474121 1.61500000953674 1.317999958992 1.16999995708466 2.02999997138977 1.91100001335144 1.82599997520447 2.41300010681152 2.58599996566772 2.66700005531311 2.67899990081787 2.70900011062622 2.73600006103516 2.25600004196167 1.56900000572205 1.69099998474121 1.49000000953674 1.14300000667572 0.978999972343445 0.806999981403351 0.635999977588654 0.465000003576279 0.42399999499321 0.368999987840652 0.53600001335144 0.813000023365021 0.839999973773956 0.796000003814697 0.630999982357025 0.335999995470047 0.657000005245209 0.978999972343445
11.1009998321533 12.5729999542236 10.164999961853 8.94499969482422 6.77299976348877 4.62799978256226 4.02199983596802 3.79399991035461 3.60899996757507 3.70300006866455 3.72900009155273 3.90100002288818 3.70499992370605 1.63100004196167 1.58700001239777 1.70899999141693 1.90400004386902 1.93799996376038 2.5239999294281 2.33100008964539 2.0090000629425 2.01699995994568 2.35700011253357 2.26399993896484 2.35800004005432 2.45499992370605 2.15899991989136 1.51800000667572 1.00399994850159 1.51300001144409 1.68599998950958 1.44400000572205 1.19200003147125 1.00899994373322 0.837000012397766 0.755999982357025 0.619000017642975 0.820999979972839 1.12600004673004 0.930999994277954 0.653999984264374 0.739000022411346 1.31500005722046 0.989000022411346 1.02799999713898 1.2610000371933
9.97200012207031 10.2069997787476 10.1379995346069 5.78299999237061 4.50400018692017 3.47300004959106 3.76900005340576 3.96300005912781 4.01200008392334 4.05000019073486 3.84599995613098 3.79999995231628 2.27099990844727 1.36800003051758 1.03900003433228 1.75999999046326 2.26200008392334 2.00999999046326 2.25399994850159 1.98599994182587 2.01300001144409 2.04900002479553 2.09400010108948 1.8639999628067 2.08100008964539 1.85199999809265 1.83899998664856 1.45700001716614 0.976000010967255 1.40199995040894 1.24300003051758 1.1139999628067 1.20200002193451 1.25499999523163 1.03799998760223 0.953000009059906 0.819000005722046 1.09700000286102 1.49199998378754 1.27199995517731 0.744000017642975 1.40299999713898 2.41300010681152 2.11199998855591 1.71599996089935 2.03999996185303
9.90999984741211 9.94099998474121 7.93300008773804 2.62100005149841 2.68300008773804 3.09800004959106 3.67899990081787 3.97099995613098 4.12400007247925 3.74499988555908 3.24000000953674 2.11199998855591 1.557000041008 1.06599998474121 0.820999979972839 1.44900000095367 2.03900003433228 1.69200003147125 1.59700000286102 1.35399997234344 1.36500000953674 1.94500005245209 1.25899994373322 1.46300005912781 4.90000009536743 4.83199977874756 1.682000041008 1.55999994277954 0.930999994277954 0.944999992847443 0.328999996185303 0.532999992370605 0.666999995708466 0.795000016689301 1.00899994373322 1.25999999046326 2.20499992370605 2.77099990844727 2.71099996566772 0.966000020503998 2.56500005722046 3.14800000190735 3.38000011444092 3.22300004959106 2.58699989318848 6.63100004196167
9.45100021362305 8.88700008392334 6.04300022125244 3.56299996376038 3.92000007629395 3.92799997329712 4.47200012207031 3.2960000038147 2.54800009727478 2.69300007820129 1.76400005817413 1.59099996089935 1.82200002670288 1.24399995803833 1.11099994182587 1.13900005817413 1.23099994659424 1.16700005531311 1.10199999809265 1.15499997138977 1.02799999713898 1.57099997997284 0.981000006198883 3.82399988174438 8.5310001373291 10.085000038147 9.44900035858154 3.90899991989136 9.03499984741211 7.06899976730347 1.37100005149841 0.640999972820282 1.16600000858307 0.78600001335144 1.07599997520447 1.45000004768372 5.15100002288818 7.07499980926514 6.68599987030029 2.97099995613098 3.42499995231628 4.14400005340576 3.90899991989136 3.90100002288818 7.18900012969971 10.4130001068115
9.45899963378906 8.76900005340576 8.26599979400635 7.86600017547607 6.40399980545044 7.30299997329712 7.5149998664856 2.96900010108948 1.03799998760223 0.916999995708466 1.20299994945526 1.67900002002716 2.03600001335144 1.70299994945526 1.49100005626678 1.15600001811981 1.72300004959106 1.41799998283386 1.35000002384186 1.24600005149841 0.950999975204468 1.19900000095367 1.25 10.4469995498657 14.3409996032715 14.8900003433228 14.956000328064 14.7729997634888 13.3809995651245 14.2119998931885 10.0769996643066 7.66300010681152 9.03800010681152 6.31199979782104 1.87100005149841 3.11100006103516 5.8769998550415 8.25899982452393 8.02000045776367 7.36499977111816 5.82100009918213 6.31799983978271 6.59000015258789 6.05100011825562 9.20899963378906 11.4540004730225
10.9700002670288 10.3140001296997 10.0469999313354 10.746000289917 9.49400043487549 8.78800010681152 8.14400005340576 3.95600008964539 0.384999990463257 0.582000017166138 0.947000026702881 1.62999999523163 2.07599997520447 2.51500010490417 4.05800008773804 3.97499990463257 3.82500004768372 3.66599988937378 1.46300005912781 1.4099999666214 1.11699998378754 1.16600000858307 5.60699987411499 13.6389999389648 14.9879999160767 15.5790004730225 16.5709991455078 15.9989995956421 14.6920003890991 15.3380002975464 15.9930000305176 15.0369997024536 12.4650001525879 10.7700004577637 6.44799995422363 7.33799982070923 8.68200016021729 8.58600044250488 8.34200000762939 9.43000030517578 7.81300020217896 8.33300018310547 8.05500030517578 7.40199995040894 10.8509998321533 12.460000038147
12.4689998626709 12.3620004653931 12.0329999923706 11.8830003738403 11.6879997253418 10.6300001144409 10.4139995574951 8.33399963378906 2.54399991035461 0.446999996900558 0.850000023841858 1.51800000667572 1.84399998188019 3.07399988174438 4.82200002670288 5.51599979400635 6.79199981689453 5.99100017547607 4.84100008010864 2.37899994850159 2.7039999961853 7.375 12.1350002288818 15.3380002975464 15.5620002746582 17.1009998321533 18.0690002441406 17.0690002441406 15.1099996566772 15.7270002365112 15.8819999694824 15.8540000915527 15.7119998931885 11.0329999923706 10.7690000534058 10.3470001220703 10.3559999465942 11.3579998016357 12.7390003204346 20.3540000915527 21.4950008392334 14.7930002212524 11.4980001449585 11.4689998626709 12.9930000305176 12.6540002822876
13.9390001296997 14.2040004730225 12.7889995574951 12.6350002288818 12.7880001068115 11.8780002593994 11.2790002822876 11.0570001602173 2.94400000572205 0.391000002622604 0.593999981880188 0.995000004768372 2.22099995613098 4.12599992752075 5.64099979400635 6.99399995803833 7.87400007247925 7.59200000762939 7.34499979019165 5.48999977111816 5.98699998855591 11.3599996566772 15.5389995574951 17.0769996643066 17.7959995269775 18.3199996948242 18.511999130249 17.556999206543 15.5900001525879 17.2789993286133 17.3190002441406 16.1399993896484 16.0970001220703 14.3090000152588 11.9610004425049 13.0080003738403 21.238000869751 21.136999130249 22.9899997711182 27.568000793457 27.2779998779297 21.8799991607666 14.6219997406006 13.1750001907349 12.9010000228882 12.7569999694824
15.4610004425049 15.6490001678467 14.3579998016357 14.3909997940063 13.706000328064 12.7229995727539 11.7180004119873 11.375 6.70699977874756 0.505999982357025 0.31700000166893 1.87100005149841 4.49300003051758 6.16900014877319 7.13199996948242 7.76000022888184 7.92399978637695 7.87099981307983 8.64599990844727 8.61499977111816 10.3280000686646 14.6169996261597 19.2479991912842 20.6000003814697 19.2159996032715 19.30299949646 20.371000289917 20.3939990997314 19.488000869751 18.2709999084473 19.2609996795654 18.7320003509521 18.3090000152588 26.488000869751 25.7329998016357 28.7880001068115 31.0610008239746 28.67799949646 29.0270004272461 30.136999130249 30.1550006866455 29.048999786377 22.2700004577637 19.4150009155273 14.9420003890991 13.4370002746582
15.8479995727539 16.1509990692139 15.8319997787476 15.3030004501343 14.789999961853 14.0930004119873 12.9849996566772 10.960000038147 8.60599994659424 4.23799991607666 0.351999998092651 4.59800004959106 6.77400016784668 7.85300016403198 7.92399978637695 8.05900001525879 8.4680004119873 9.08100032806396 11.7229995727539 14.0080003738403 15.6129999160767 18.3500003814697 21.5270004272461 21.7269992828369 20.9160003662109 21.1560001373291 22.1870002746582 22.2819995880127 22.3250007629395 20.673999786377 20.613000869751 21.7560005187988 24.2609996795654 35.2089996337891 35.257999420166 33.6479988098145 33.5419998168945 33.1730003356934 32.423999786377 34.8699989318848 34.992000579834 34.882999420166 31.5799999237061 23.8920001983643 21.007999420166 20.4029998779297
16.8320007324219 17.2189998626709 16.4990005493164 15.8990001678467 15.7519998550415 13.8280000686646 12.539999961853 10.6560001373291 10.0100002288818 5.79400014877319 1.6360000371933 5.26399993896484 7.76700019836426 8.26799964904785 9.65799999237061 9.73499965667725 9.96199989318848 10.6859998703003 15.2340002059937 19.2479991912842 20.3659992218018 22.0049991607666 21.5919990539551 22.5599994659424 22.761999130249 22.8980007171631 23.0240001678467 23.1490001678467 23.6229991912842 23.6299991607666 27.4020004272461 29.496000289917 30.3470001220703 36.4220008850098 36.5929985046387 35.6049995422363 38.0830001831055 38.1380004882812 38.7200012207031 39.7669982910156 40.9070014953613 40.8810005187988 42.6769981384277 38.5639991760254 30.5909996032715 23.2310009002686
16.8150005340576 16.9650001525879 16.6399993896484 15.5670003890991 15.1549997329712 13.4799995422363 12.3459997177124 10.5989999771118 9.96500015258789 2.46000003814697 6.40700006484985 5.84299993515015 8.26099967956543 9.96399974822998 10.7620000839233 10.5559997558594 10.7299995422363 14.6669998168945 18.1679992675781 22.0410003662109 23.1520004272461 23.3920001983643 22.8250007629395 22.6900005340576 23.1650009155273 23.056999206543 23.4139995574951 23.8460006713867 24.2369995117188 24.4169998168945 26.423999786377 34.2630004882812 37.3230018615723 37.7109985351562 37.4020004272461 37.7179985046387 39.6069984436035 43.5880012512207 44.9529991149902 45.0870018005371 43.3139991760254 43.234001159668 43.0200004577637 42.5009994506836 39.1829986572266 34.4160003662109
