02_asc_chm-r50m/BR221H.asc
NCOLS 200 
NROWS 200 
XLLCORNER 547729 
YLLCORNER 5283275.5 
CELLSIZE 0.5 
NODATA_value -3.4e+38 
[rows 140 to 159 of 200, columns 0 to 45 of 200]
-3.4e+38 -3.4e+38 -3.4e+38 -3.4e+38 -3.4e+38 -3.4e+38 -3.4e+38 -3.4e+38 -3.4e+38 -3.4e+38 30.636999130249 29.2810001373291 27.7229995727539 25.9069995880127 23.1620006561279 22.3250007629395 21.4489994049072 18.7080001831055 17.9699993133545 17.386999130249 16.0160007476807 1.34800004959106 1.95700001716614 2.21900010108948 2.31900000572205 2.17300009727478 2.27600002288818 3.77900004386902 4.84299993515015 6.49399995803833 6.41800022125244 7.95900011062622 9.84500026702881 11.293999671936 11.0150003433228 9.84099960327148 9.1560001373291 8.0930004119873 8.28299999237061 8.70100021362305 9.05399990081787 8.9040002822876 9.3120002746582 10.0600004196167 10.5799999237061 11.8959999084473
-3.4e+38 -3.4e+38 -3.4e+38 -3.4e+38 -3.4e+38 -3.4e+38 -3.4e+38 -3.4e+38 -3.4e+38 -3.4e+38 30.9750003814697 31.1270008087158 31.0289993286133 27.257999420166 22.2549991607666 22.5030002593994 21.7749996185303 18.8610000610352 18.4039993286133 17.8649997711182 12.4379997253418 2.64599990844727 1.65699994564056 1.4650000333786 1.73500001430511 1.98300004005432 2.36899995803833 3.97099995613098 4.80100011825562 5.84000015258789 6.12799978256226 7.09999990463257 8.47500038146973 9.13099956512451 9.34000015258789 8.44900035858154 8.16899967193604 7.84800004959106 8.54100036621094 8.99300003051758 9.42800045013428 10.2320003509521 10.2530002593994 10.7329998016357 11.0609998703003 11.1379995346069
-3.4e+38 -3.4e+38 -3.4e+38 -3.4e+38 -3.4e+38 -3.4e+38 -3.4e+38 -3.4e+38 -3.4e+38 -3.4e+38 -3.4e+38 31.0779991149902 30.8309993743896 27.1009998321533 22.2560005187988 22.6439990997314 22.4379997253418 19.8020000457764 18.2959995269775 15.4779996871948 9.73200035095215 7.15500020980835 1.08000004291534 1.18499994277954 1.41499996185303 1.45299994945526 2.26099991798401 3.14299988746643 4.08699989318848 5.19700002670288 5.74200010299683 6.30499982833862 6.78200006484985 7.11299991607666 7.50299978256226 7.67700004577637 7.12599992752075 6.46999979019165 8.09500026702881 9.32299995422363 10.2419996261597 11.3629999160767 11.3000001907349 11.2849998474121 11.3760004043579 11.9759998321533
-3.4e+38 -3.4e+38 -3.4e+38 -3.4e+38 -3.4e+38 -3.4e+38 -3.4e+38 -3.4e+38 -3.4e+38 -3.4e+38 -3.4e+38 29.6140003204346 28.5200004577637 25.7290000915527 23.1459999084473 22.6989994049072 22.2070007324219 21.5170001983643 17.8920001983643 15.3439998626709 14.1230001449585 2.93499994277954 1.03100001811981 1.1599999666214 1.16100001335144 1.3639999628067 2.24000000953674 3.0239999294281 3.4300000667572 4.53499984741211 4.99900007247925 5.09700012207031 5.4539999961853 6.04699993133545 6.08900022506714 6.44500017166138 5.76999998092651 6.44999980926514 7.96400022506714 9.79599952697754 11.1180000305176 11.9840002059937 12.4040002822876 10.956000328064 11.2259998321533 11.5819997787476
-3.4e+38 -3.4e+38 -3.4e+38 -3.4e+38 -3.4e+38 -3.4e+38 -3.4e+38 -3.4e+38 -3.4e+38 -3.4e+38 -3.4e+38 -3.4e+38 26.988000869751 25.7240009307861 22.8430004119873 21.8229999542236 20.8269996643066 21.0330009460449 16.7490005493164 16.2800006866455 16.113000869751 10.121000289917 1.46000003814697 1.04999995231628 0.919000029563904 1.90100002288818 3.58400011062622 3.9210000038147 3.80900001525879 3.59800004959106 3.56699991226196 3.90499997138977 4.40299987792969 4.94099998474121 5.10099983215332 5.48799991607666 5.77799987792969 6.27099990844727 7.99700021743774 10.289999961853 11.2270002365112 11.9329996109009 12.4940004348755 11.1459999084473 10.6540002822876 10.8210000991821
-3.4e+38 -3.4e+38 -3.4e+38 -3.4e+38 -3.4e+38 -3.4e+38 -3.4e+38 -3.4e+38 -3.4e+38 -3.4e+38 -3.4e+38 -3.4e+38 25.8159999847412 23.6979999542236 22.9629993438721 21.7029991149902 20.7360000610352 19.701000213623 17.8349990844727 16.1919994354248 16.0279998779297 2.71199989318848 2.44000005722046 1.79900002479553 1.3289999961853 2.92199993133545 4.13800001144409 4.35900020599365 4.05200004577637 3.59500002861023 3.04399991035461 3.13800001144409 3.18099999427795 4.38299989700317 4.73099994659424 5.24499988555908 5.78800010681152 6.23000001907349 8.2819995880127 10.0729999542236 10.8520002365112 11.5270004272461 12 11.3050003051758 10.4980001449585 10.6660003662109
-3.4e+38 -3.4e+38 -3.4e+38 -3.4e+38 -3.4e+38 -3.4e+38 -3.4e+38 -3.4e+38 -3.4e+38 -3.4e+38 -3.4e+38 -3.4e+38 -3.4e+38 23.363000869751 22.5890007019043 21.7159996032715 20.3479995727539 19.3509998321533 17.9750003814697 16.1180000305176 12.4899997711182 2.80800008773804 2.88199996948242 3.00300002098083 3.23300004005432 3.80800008773804 3.8970000743866 4.07999992370605 4.73199987411499 4.66800022125244 2.52600002288818 2.47699999809265 2.18799996376038 3.4909999370575 4.32200002670288 5.02400016784668 5.49900007247925 6.26100015640259 7.2350001335144 8.63500022888184 9.94699954986572 10.4259996414185 10.7799997329712 10.3240003585815 9.88399982452393 10.3649997711182
-3.4e+38 -3.4e+38 -3.4e+38 -3.4e+38 -3.4e+38 -3.4e+38 -3.4e+38 -3.4e+38 -3.4e+38 -3.4e+38 -3.4e+38 -3.4e+38 -3.4e+38 22.9249992370605 22.2029991149902 21.326000213623 20.0160007476807 18.3519992828369 17.2129993438721 16.2240009307861 12.3450002670288 3.1029999256134 3.22499990463257 3.3659999370575 3.65700006484985 3.64199995994568 3.42199993133545 4.03599977493286 5.09499979019165 5.13500022888184 3.78999996185303 2.27099990844727 2.74600005149841 3.61800003051758 4.09200000762939 4.83799982070923 5.33300018310547 6.01599979400635 6.98299980163574 7.86199998855591 9.5319995880127 9.92500019073486 10.3509998321533 10.1840000152588 10.2720003128052 10.4650001525879
-3.4e+38 -3.4e+38 -3.4e+38 -3.4e+38 -3.4e+38 -3.4e+38 -3.4e+38 -3.4e+38 -3.4e+38 -3.4e+38 -3.4e+38 -3.4e+38 -3.4e+38 -3.4e+38 21.1380004882812 20.1280002593994 20.2269992828369 17.0750007629395 16.6979999542236 16.2689990997314 11.2679996490479 3.3970000743866 4.4520001411438 4.63000011444092 4.45900011062622 3.90199995040894 3.45000004768372 3.52300000190735 4.85799980163574 4.92199993133545 3.96600008010864 1.85199999809265 1.99199998378754 3.25600004196167 4.1230001449585 4.85200023651123 5.15500020980835 5.86100006103516 6.96999979019165 7.80000019073486 9.11800003051758 9.80300045013428 10.1300001144409 10.1750001907349 9.80500030517578 10.4680004119873
-3.4e+38 -3.4e+38 -3.4e+38 -3.4e+38 -3.4e+38 -3.4e+38 -3.4e+38 -3.4e+38 -3.4e+38 -3.4e+38 -3.4e+38 -3.4e+38 -3.4e+38 -3.4e+38 18.8990001678467 18.992000579834 18.8139991760254 15.8620004653931 15.5509996414185 14.3500003814697 8.54300022125244 3.96000003814697 4.41400003433228 5.4060001373291 5.49499988555908 5.13100004196167 4.27099990844727 3.82599997520447 4.97300004959106 4.70499992370605 4.17600011825562 2.62899994850159 1.88999998569489 2.78900003433228 4.13199996948242 4.80299997329712 5.10400009155273 5.30999994277954 5.89099979400635 6.94799995422363 8.5620002746582 9.31599998474121 9.86699962615967 8.86800003051758 8.88500022888184 9.96000003814697
-339999999999999996123846586046231871488.000000000000000 -3.4e+38 -3.4e+38 -3.4e+38 -3.4e+38 -3.4e+38 -3.4e+38 -3.4e+38 -3.4e+38 -3.4e+38 -3.4e+38 -3.4e+38 -3.4e+38 -3.4e+38 -3.4e+38 16.7999992370605 16.8999996185303 14.3059997558594 10.5059995651245 9.4709997177124 7.95499992370605 8.18099975585938 8.40200042724609 7.46999979019165 6.79400014877319 10.3030004501343 11.6949996948242 7.94299983978271 5.68599987030029 5.61499977111816 4.15100002288818 3.20499992370605 3.03200006484985 3.51500010490417 3.87100005149841 4.33699989318848 4.8600001335144 5.03499984741211 5.34899997711182 6.7519998550415 7.77799987792969 8.77799987792969 8.92399978637695 8.1870002746582 8.25599956512451 9.05900001525879
-3.4e+38 -3.4e+38 -3.4e+38 -3.4e+38 -3.4e+38 -3.4e+38 -3.4e+38 -3.4e+38 -3.4e+38 -3.4e+38 -3.4e+38 -3.4e+38 -3.4e+38 -3.4e+38 -3.4e+38 16.1560001373291 15.6569995880127 15.3190002441406 11.1660003662109 9.33500003814697 10.5719995498657 10.9219999313354 10.5080003738403 10.1199998855591 9.28299999237061 12.0260000228882 12.2829999923706 12.0799999237061 8.84000015258789 7.78299999237061 5.3730001449585 3.31299996376038 3.23300004005432 3.22000002861023 3.12100005149841 3.46099996566772 3.95000004768372 3.9760000705719 3.67400002479553 6.03700017929077 6.77799987792969 8.05399990081787 8.52999973297119 8.44999980926514 7.92700004577637 8.20699977874756
-3.4e+38 -3.4e+38 -3.4e+38 -3.4e+38 -3.4e+38 -3.4e+38 -3.4e+38 -3.4e+38 -3.4e+38 -3.4e+38 -3.4e+38 -3.4e+38 -3.4e+38 -3.4e+38 -3.4e+38 -3.4e+38 15.7150001525879 15.4169998168945 13.4630002975464 11.7379999160767 11.5430002212524 11.8129997253418 12.3339996337891 12.1730003356934 12.0819997787476 12.2220001220703 12.2959995269775 11.4460000991821 11.0860004425049 10.5290002822876 7.87799978256226 6.11800003051758 3.04099988937378 3.07399988174438 3.17700004577637 3.38299989700317 3.51699995994568 3.33299994468689 3.05999994277954 5.01200008392334 6.1100001335144 6.89300012588501 7.88800001144409 7.81699991226196 7.70300006866455 7.47100019454956
-3.4e+38 -3.4e+38 -3.4e+38 -3.4e+38 -3.4e+38 -3.4e+38 -3.4e+38 -3.4e+38 -3.4e+38 -3.4e+38 -3.4e+38 -3.4e+38 -3.4e+38 -3.4e+38 -3.4e+38 -3.4e+38 13.9779996871948 12.9779996871948 12.0380001068115 11.8079996109009 11.8809995651245 12.0950002670288 12.8059997558594 12.9849996566772 12.3479995727539 12.7170000076294 13.6099996566772 11.7019996643066 10.8620004653931 10.2049999237061 8.39799976348877 6.70900011062622 3.29800009727478 2.88100004196167 2.86199998855591 2.99900007247925 2.82599997520447 2.63800001144409 2.54399991035461 4.19199991226196 5.52699995040894 5.8289999961853 6.54500007629395 6.43499994277954 6.9229998588562 7.30499982833862
-3.4e+38 -3.4e+38 -3.4e+38 -3.4e+38 -3.4e+38 -3.4e+38 -3.4e+38 -3.4e+38 -3.4e+38 -3.4e+38 -3.4e+38 -3.4e+38 -3.4e+38 -3.4e+38 -3.4e+38 -3.4e+38 -3.4e+38 12.9449996948242 12.923999786377 13.3579998016357 13.5780000686646 12.918999671936 13.0450000762939 13.503999710083 13.6230001449585 14.625 15.4729995727539 11.8059997558594 10.9270000457764 10.8199996948242 9.16600036621094 6.51900005340576 4.18900012969971 2.81800007820129 2.95099997520447 2.99900007247925 2.69199991226196 2.06500005722046 1.817999958992 2.45600008964539 4.10599994659424 5.44700002670288 5.5149998664856 5.48199987411499 6.27899980545044 6.30499982833862
-3.4e+38 -3.4e+38 -3.4e+38 -3.4e+38 -3.4e+38 -3.4e+38 -3.4e+38 -3.4e+38 -3.4e+38 -3.4e+38 -3.4e+38 -3.4e+38 -3.4e+38 -3.4e+38 -3.4e+38 -3.4e+38 -3.4e+38 13.3940000534058 13.7469997406006 14.0600004196167 13.6549997329712 13.5120000839233 13.6370000839233 14.9219999313354 15.710000038147 16.2080001831055 16.625 13.4449996948242 11.3730001449585 11.5229997634888 10.8719997406006 7.88899993896484 6.06199979782104 3.35800004005432 2.96199989318848 3.21099996566772 2.90599989891052 2.11800003051758 2.13800001144409 2.17499995231628 3.34299993515015 4.20699977874756 4.60200023651123 4.70599985122681 4.67799997329712 4.53900003433228
-3.4e+38 -3.4e+38 -3.4e+38 -3.4e+38 -3.4e+38 -3.4e+38 -3.4e+38 -3.4e+38 -3.4e+38 -3.4e+38 -3.4e+38 -3.4e+38 -3.4e+38 -3.4e+38 -3.4e+38 -3.4e+38 -3.4e+38 -3.4e+38 14.371000289917 14.5279998779297 14.3280000686646 14.1169996261597 14.4180002212524 15.7200002670288 16.6800003051758 17.6159992218018 17.5349998474121 14.5559997558594 13.0159997940063 13.6090002059937 13.8959999084473 10.5109996795654 7.53700017929077 4.4539999961853 2.46000003814697 3.07999992370605 2.98000001907349 2.48699998855591 2.31100010871887 2.00500011444092 1.92599999904633 2.01500010490417 3.20799994468689 3.50600004196167 3.89299988746643 4.67000007629395
-3.4e+38 -3.4e+38 -3.4e+38 -3.4e+38 -3.4e+38 -3.4e+38 -3.4e+38 -3.4e+38 -3.4e+38 -3.4e+38 -3.4e+38 -3.4e+38 -3.4e+38 -3.4e+38 -3.4e+38 -3.4e+38 -3.4e+38 -3.4e+38 14.7849998474121 15.2419996261597 15.3739995956421 14.1850004196167 14.1560001373291 15.1499996185303 16.2970008850098 17.1569995880127 17.1490001678467 15.3050003051758 14.1129999160767 13.2329998016357 13.5349998474121 8.02299976348877 5.89200019836426 1.89600002765656 1.92200005054474 2.17400002479553 2.11100006103516 2.12700009346008 1.85300004482269 1.54100000858307 1.60300004482269 1.79999995231628 2.53500008583069 2.97099995613098 4.14300012588501 5.00899982452393
-3.4e+38 -3.4e+38 -3.4e+38 -3.4e+38 -3.4e+38 -3.4e+38 -3.4e+38 -3.4e+38 -3.4e+38 -3.4e+38 -3.4e+38 -3.4e+38 -3.4e+38 -3.4e+38 -3.4e+38 -3.4e+38 -3.4e+38 -3.4e+38 -3.4e+38 15.2550001144409 15 14.0069999694824 13.7790002822876 14.581000328064 15.798999786377 16.0919990539551 16.2339992523193 15.3879995346069 14.9340000152588 12.5719995498657 12.8360004425049 6.12400007247925 3.65400004386902 1.69500005245209 1.76999998092651 2.17600011825562 2.14100003242493 1.75399994850159 0.832000017166138 0.654999971389771 1.11699998378754 1.56200003623962 1.77900004386902 2.45900011062622 3.84299993515015 4.7189998626709
-3.4e+38 -3.4e+38 -3.4e+38 -3.4e+38 -3.4e+38 -3.4e+38 -3.4e+38 -3.4e+38 -3.4e+38 -3.4e+38 -3.4e+38 -3.4e+38 -3.4e+38 -3.4e+38 -3.4e+38 -3.4e+38 -3.4e+38 -3.4e+38 -3.4e+38 -3.4e+38 14.9460000991821 14.1199998855591 13.956000328064 13.6169996261597 14.2819995880127 14.6459999084473 15.2620000839233 13.9350004196167 13.2159996032715 12.0050001144409 12.0290002822876 8.9069995880127 4.16099977493286 3.6340000629425 3.20300006866455 2.87100005149841 2.84500002861023 2.49799990653992 1.28400003910065 0.962999999523163 1.63999998569489 1.40299999713898 1.3639999628067 2.5090000629425 3.66899991035461 4.07000017166138
