02_asc_chm-r50m/BR221E.asc
NCOLS 200 
NROWS 199 
XLLCORNER 530302.5 
YLLCORNER 5291126.5 
CELLSIZE 0.5 
NODATA_value -3.4e+38 
[rows 60 to 79 of 199, columns 92 to 137 of 200]
24.3719997406006 26.3640003204346 26.871000289917 27.6499996185303 27.7299995422363 28.0669994354248 26.8880004882812 23.4060001373291 13.3999996185303 12.4940004348755 9.7180004119873 6.62799978256226 5.38500022888184 4.19000005722046 3.15599989891052 2.23799991607666 2.52900004386902 3.56500005722046 3.2409999370575 3.53699994087219 2.35599994659424 2.16000008583069 2.25699996948242 2.60199999809265 3.21199989318848 3.78200006484985 5.10200023651123 6.31099987030029 8.57800006866455 20.57200050354 21.9750003814697 16.0429992675781 14.4680004119873 9.65299987792969 16.4150009155273 10.9650001525879 10.4340000152588 10.5279998779297 11.0380001068115 9.88199996948242 22.3899993896484 25.6860008239746 21.9109992980957 18.7390003204346 20.3920001983643 21.7350006103516
23.7600002288818 25.4629993438721 26.2509994506836 25.871000289917 25.6240005493164 26.0340003967285 25.1229991912842 24.7819995880127 16.1159992218018 12.3400001525879 12.0579996109009 7.81400012969971 5.36800003051758 4.13000011444092 3.73900008201599 4.27400016784668 4.7020001411438 4.1399998664856 3.13100004196167 3.41799998283386 3.42600011825562 2.71300005912781 2.48200011253357 2.44400000572205 2.71300005912781 3.38800001144409 3.6949999332428 5.2519998550415 12.0080003738403 25.4810009002686 29.2849998474121 28.3199996948242 26.8409996032715 30.1580009460449 25.7509994506836 18.0440006256104 12.1730003356934 10.2670001983643 10.2329998016357 14.496000289917 25.9160003662109 26.3910007476807 26.1490001678467 21.2749996185303 20.0149993896484 21.1229991912842
21.4419994354248 23.7999992370605 24.2649993896484 24.5189990997314 24.4160003662109 23.6730003356934 24.5160007476807 22.0639991760254 14.2049999237061 12.0170001983643 11.7670001983643 8.64999961853027 5.5789999961853 4.58599996566772 4.20599985122681 4.52899980545044 4.46799993515015 4.29199981689453 3.7590000629425 3.56200003623962 3.56200003623962 3.20000004768372 2.44799995422363 2.375 2.30900001525879 2.46799993515015 7.28399991989136 10.4569997787476 20.9340000152588 29.0809993743896 31.5949993133545 31.9860000610352 31.9080009460449 31.2549991607666 30.8610000610352 27.3719997406006 18.0359992980957 14.9350004196167 18.3279991149902 22.6609992980957 29 29.007999420166 26.4969997406006 24.07200050354 20.5090007781982 20.1609992980957
19.2140007019043 21.9419994354248 22.1110000610352 21.1949996948242 22.3959999084473 20.7310009002686 22.0149993896484 17.6319999694824 9.20800018310547 9.64700031280518 8.53899955749512 7.00299978256226 6.34299993515015 5.42000007629395 4.90700006484985 5.00600004196167 5.00299978256226 3.65199995040894 3.84200000762939 3.80999994277954 3.74600005149841 3.46700000762939 2.29299998283386 2.34999990463257 2.47199988365173 14.8549995422363 27.2229995727539 29.6569995880127 29.7070007324219 31.6809997558594 32.9440002441406 33.5620002746582 33.0880012512207 31.8400001525879 31.3700008392334 31.1399993896484 26.9839992523193 26.3390007019043 24.3540000915527 27.5610008239746 30.9640007019043 30.253999710083 28.0340003967285 26.9790000915527 20.6760005950928 20.4330005645752
16.9839992523193 17.3419990539551 16.6469993591309 17.1040000915527 19.8110008239746 17.8169994354248 16.8819999694824 11.7720003128052 7.09999990463257 7.39900016784668 7.61499977111816 7.5149998664856 7.18400001525879 6.54500007629395 6.09999990463257 6.39099979400635 6.39900016784668 3.96799993515015 3.63100004196167 3.93099999427795 3.87199997901917 3.48600006103516 2.24699997901917 2.59500002861023 17.2819995880127 25.5879993438721 27.2000007629395 31.0550003051758 33.2280006408691 34.3089981079102 33.7890014648438 33.7159996032715 33.5260009765625 32.6500015258789 31.7980003356934 30.5750007629395 29.4519996643066 28.6490001678467 26.7080001831055 28.2639999389648 30.7639999389648 31.2719993591309 30.4270000457764 28.8570003509521 23.6650009155273 20.5799999237061
14.3439998626709 14.5559997558594 14.5220003128052 14.2320003509521 15.746000289917 15.6090002059937 11.5659999847412 7.95900011062622 9.20899963378906 8.44499969482422 8.24600028991699 7.26100015640259 7.27099990844727 6.8769998550415 6.55800008773804 6.82399988174438 10.2779998779297 11.3159999847412 5.84999990463257 6.82100009918213 3.84200000762939 3.38700008392334 2.24499988555908 13.4429998397827 24.2450008392334 25.8339996337891 28.5540008544922 33.2229995727539 34.9910011291504 35.423999786377 35.2150001525879 33.7789993286133 33.6769981384277 32.8880004882812 32.1990013122559 30.8589992523193 29.8759994506836 30.4519996643066 28.8910007476807 30.4750003814697 31.7000007629395 32.0830001831055 31.5100002288818 29.0590000152588 28.6599998474121 22.7549991607666
11.081000328064 14.2829999923706 14.1859998703003 13.7489995956421 13.8850002288818 12.996000289917 8.2790002822876 11.378999710083 12.5640001296997 11.4700002670288 12.9440002441406 12.9770002365112 9.57499980926514 7.77199983596802 9.58800029754639 9.51200008392334 16.0249996185303 16.4109992980957 16.8369998931885 10.6709995269775 5.14799976348877 4.86600017547607 5.24700021743774 8.52499961853027 24.617000579834 27.2719993591309 29.996000289917 32.8849983215332 35.1559982299805 35.7519989013672 36.1669998168945 35.8330001831055 34.6879997253418 34.1339988708496 33.798999786377 32.7150001525879 30.625 30.5130004882812 31.3850002288818 31.9090003967285 32.4720001220703 32.5730018615723 32.2970008850098 31.0909996032715 31.003999710083 28.6599998474121
11.0369997024536 14.246000289917 14.2790002822876 14.7580003738403 14.3549995422363 12.8000001907349 9.14900016784668 11.8100004196167 14.3000001907349 14.8009996414185 15.7510004043579 15.8760004043579 15.8100004196167 12.8690004348755 13.7910003662109 15.0109996795654 15.8909997940063 16.3490009307861 16.8349990844727 16.7469997406006 14.2340002059937 10.6619997024536 10.3970003128052 10.6219997406006 21.242000579834 29.0230007171631 31.943000793457 33.9090003967285 35.2459983825684 36.6049995422363 37.1199989318848 37.2249984741211 36.7039985656738 34.5110015869141 34.0929985046387 33.3849983215332 31.9150009155273 30.2660007476807 31.6019992828369 31.9839992523193 32.5180015563965 32.7229995727539 32.8190002441406 32.5699996948242 31.9570007324219 29.8980007171631
15.4899997711182 14.0970001220703 15.5659999847412 15.4460000991821 14.6099996566772 15.1169996261597 14.7390003204346 14.8159999847412 15.0050001144409 15.2410001754761 15.5270004272461 15.5670003890991 15.4670000076294 14.7840003967285 14.4700002670288 15.3579998016357 15.6899995803833 16.2549991607666 16.738000869751 16.931999206543 16.6809997558594 14.8479995727539 14.7849998474121 13.4659996032715 24.3010005950928 31.511999130249 33.3289985656738 33.4710006713867 35.068000793457 36.4500007629395 36.7919998168945 37.0470008850098 36.6059989929199 35.3530006408691 33.7159996032715 33.0299987792969 32.3580017089844 31.9039993286133 32.0040016174316 32.734001159668 33.2690010070801 33.1860008239746 33.0190010070801 32.8279991149902 32.1520004272461 31.2290000915527
17.2900009155273 15.1339998245239 16.1650009155273 16.7469997406006 17.9689998626709 18.1019992828369 17.4629993438721 14.9569997787476 14.6110000610352 15.1569995880127 15.3540000915527 15.4250001907349 15.7159996032715 15.6219997406006 15.0749998092651 15.168999671936 15.8190002441406 16.2870006561279 16.7870006561279 17.3600006103516 18.363000869751 18.3309993743896 17.1429996490479 17.1849994659424 24.6350002288818 28.1560001373291 32.5589981079102 33.7919998168945 35.1059989929199 36.2980003356934 36.7509994506836 36.9220008850098 36.4869995117188 34.9550018310547 32.8629989624023 32.2809982299805 31.9099998474121 31.9969997406006 32.548999786377 33.3470001220703 33.8779983520508 33.640998840332 33.1619987487793 32.8040008544922 32.6669998168945 34.1180000305176
19.4799995422363 16.9330005645752 17.7509994506836 18.9810009002686 18.9689998626709 18.3859996795654 16.8139991760254 14.0799999237061 14.7740001678467 15.456000328064 15.5480003356934 15.5319995880127 16.5370006561279 16.1949996948242 14.5170001983643 14.2840003967285 16.3640003204346 16.5739994049072 16.7800006866455 17.42799949646 18.4330005645752 18.8500003814697 19.4570007324219 21.8589992523193 23.7250003814697 27.5990009307861 32.4490013122559 33.3899993896484 34.3419990539551 35.6650009155273 36.2140007019043 36.1290016174316 36.0270004272461 35.806999206543 32.6570014953613 31.8309993743896 31.3659992218018 31.738000869751 32.4830017089844 33.2389984130859 33.7000007629395 33.6370010375977 32.7459983825684 32.2830009460449 32.1399993896484 34.8880004882812
23.9780006408691 20.4659996032715 19.5580005645752 19.7390003204346 19.261999130249 18.3050003051758 17.4699993133545 14.3830003738403 14.548999786377 15.6630001068115 15.7279996871948 15.7040004730225 17.2220001220703 17.3560009002686 16.9650001525879 14.6459999084473 16.0300006866455 17.2360000610352 17.2259998321533 17.3110008239746 18.1299991607666 18.3999996185303 18.2409992218018 21.1949996948242 23.7439994812012 28.9529991149902 30.9570007324219 32.5270004272461 33.4309997558594 34.7249984741211 35.1510009765625 35.0180015563965 34.9140014648438 33.9799995422363 32.1699981689453 31.6049995422363 31.2870006561279 31.1709995269775 31.9860000610352 32.7830009460449 33.2159996032715 33.0209999084473 32.2770004272461 31.6119995117188 31.7439994812012 34.4790000915527
25.5559997558594 21.2180004119873 19.673999786377 19.9200000762939 19.4909992218018 18.3530006408691 18.3560009002686 16.3570003509521 13.9949998855591 15.21399974823 17.9890003204346 18.2240009307861 17.7929992675781 18.3150005340576 20.5209999084473 20.7900009155273 21.6959991455078 19.9389991760254 18.4169998168945 17.753999710083 17.5090007781982 17.382999420166 17.246000289917 18.3059997558594 22.503999710083 26.7169990539551 29.4890003204346 31.1669998168945 31.681999206543 32.8839988708496 33.757999420166 33.8919982910156 33.6440010070801 32.8800010681152 31.4650001525879 31.5270004272461 30.931999206543 30.6389999389648 30.9969997406006 31.9500007629395 32.1349983215332 32.1110000610352 32.1920013427734 31.3120002746582 31.0189990997314 34.8759994506836
26.5799999237061 21.6499996185303 19.6909999847412 20.1019992828369 19.9699993133545 19.3050003051758 18.3509998321533 17.2210006713867 14.8739995956421 17.5310001373291 24.4769992828369 26.6749992370605 27.0580005645752 23.4930000305176 25.0030002593994 26.7530002593994 26.7189998626709 26.7000007629395 23.9599990844727 18.6040000915527 18.0219993591309 17.0219993591309 16.9850006103516 14.8549995422363 14.6000003814697 24.9479999542236 26.0990009307861 28.8719997406006 30.3110008239746 31.2560005187988 32.3530006408691 33.193000793457 32.7290000915527 31.9869995117188 31.0300006866455 28.3409996032715 26.3859996795654 26.6100006103516 30.5069999694824 30.8700008392334 30.9489994049072 31.2880001068115 31.3369998931885 30.5729999542236 29.6439990997314 33.1529998779297
30.4090003967285 24.617000579834 19.113000869751 19.681999206543 19.6469993591309 18.7689990997314 17.8110008239746 17.1539993286133 20.5559997558594 25.443000793457 28.3589992523193 28.3959999084473 29.5650005340576 29.2490005493164 29.261999130249 29.0809993743896 28.7649993896484 28.2970008850098 26.9650001525879 23.2339992523193 19.503999710083 16.923999786377 16.5830001831055 9.72000026702881 3.81100010871887 10.0480003356934 24.0319995880127 26.9610004425049 28.3759994506836 29.5690002441406 30.3269996643066 31.3129997253418 30.8239994049072 30.7360000610352 27.6809997558594 21.9640007019043 17.1870002746582 16.0629997253418 29.3110008239746 30.1800003051758 30.0849990844727 30.2369995117188 30.1690006256104 30.1319999694824 30.371000289917 33.4329986572266
32.0270004272461 24.0879993438721 17.8889999389648 19.0750007629395 19.0939998626709 17.8430004119873 17.4930000305176 16.7859992980957 23.6760005950928 28.4769992828369 29.4599990844727 29.2719993591309 30.2689990997314 31.0860004425049 30.9519996643066 30.4489994049072 29.7399997711182 28.8589992523193 26.8190002441406 22.742000579834 19.4389991760254 17.4740009307861 16.326000213623 14.6120004653931 8.90799999237061 1.68599998950958 16.1979999542236 22.7310009002686 26.0839996337891 26.7089996337891 27.246000289917 28.5330009460449 27.617000579834 27.2719993591309 20.1200008392334 9.86100006103516 4.96700000762939 11.4399995803833 26.8500003814697 29.4080009460449 29.3099994659424 28.6180000305176 22.6480007171631 23.7259998321533 27.1599998474121 34.273998260498
27.1439990997314 20.9379997253418 18.1509990692139 18.548999786377 18.5690002441406 18.1840000152588 17.5699996948242 23.3159999847412 27.6770000457764 29.5979995727539 30.3500003814697 30.7670001983643 31.3110008239746 31.5979995727539 31.1690006256104 30.8740005493164 30.3110008239746 28.9969997406006 26.6580009460449 19.7259998321533 17.9689998626709 17.2029991149902 16.8209991455078 13.6400003433228 8.47000026702881 1.97899997234344 10.9370002746582 13.4490003585815 17.2129993438721 25.7670001983643 26.4570007324219 25.4479999542236 23.5049991607666 23.6499996185303 24.5540008544922 16.6830005645752 19.6399993896484 22.3449993133545 27.2430000305176 28.5 28.7259998321533 27.117000579834 18.3229999542236 16.5049991607666 20.1089992523193 28.7450008392334
22.6949996948242 19.1450004577637 18.0690002441406 18.4860000610352 18.3369998931885 17.5949993133545 19.367000579834 24.6630001068115 28.7880001068115 30.0440006256104 30.8250007629395 31.4419994354248 31.7670001983643 31.7880001068115 31.507999420166 31.1830005645752 30.5289993286133 29.0499992370605 26.2469997406006 23.2830009460449 18.5629997253418 17.1949996948242 13.7969999313354 9.13899993896484 5.40100002288818 1.60000002384186 1.79799997806549 2.08800005912781 5.86700010299683 16.3250007629395 16.4099998474121 23.1420001983643 23.4540004730225 23.6709995269775 26.8199996948242 29.0779991149902 29.0520000457764 27.048999786377 27.878999710083 28.4409999847412 28.8479995727539 27.1760005950928 22.7560005187988 19.9689998626709 21.863000869751 28.1550006866455
21.4020004272461 17.7049999237061 18.128999710083 18.6870002746582 18.7350006103516 19.07200050354 19.7110004425049 23.9839992523193 28.6499996185303 30.1509990692139 31.1049995422363 31.7649993896484 32.4010009765625 32.5999984741211 31.8759994506836 31.6389999389648 31.1340007781982 29.1599998474121 28.8509998321533 27.4230003356934 18.0520000457764 17.8390007019043 14.7959995269775 5.36700010299683 2.92899990081787 2.89400005340576 2.40199995040894 1.95099997520447 2.63499999046326 2.87700009346008 2.16700005531311 8.09099960327148 24.1709995269775 26.6159992218018 27.9720001220703 28.9729995727539 29.0270004272461 29.5750007629395 29.3969993591309 28.7299995422363 28.8959999084473 28.2390003204346 25.8780002593994 25.7240009307861 24.0330009460449 22.8299999237061
18.7870006561279 17.492000579834 18.0370006561279 19.0520000457764 18.8889999389648 19.3850002288818 19.9249992370605 25.6940002441406 28.8010005950928 29.9680004119873 30.9689998626709 31.5429992675781 32.4710006713867 32.8660011291504 32.193000793457 31.5669994354248 30.9599990844727 29.6800003051758 28.6760005950928 24.7819995880127 18.9449996948242 18.2159996032715 15.7959995269775 3.86999988555908 3.56699991226196 3.23399996757507 4.46799993515015 3.8289999961853 3.61299991607666 3.31800007820129 1.65600001811981 5.74700021743774 20.7299995422363 27.0400009155273 28.548999786377 29.9300003051758 30.0389995574951 30.2520008087158 29.7000007629395 29.2759990692139 28.9009990692139 28.7819995880127 26.0610008239746 25.8199996948242 25.2800006866455 22.8330001831055
