02_asc_chm-r50m/BR222A.asc
NCOLS 201 
NROWS 201 
XLLCORNER 553596.5 
YLLCORNER 5276034.5 
CELLSIZE 0.5 
NODATA_value -3.4e+38 
[rows 180 to 199 of 201, columns 92 to 137 of 201]
7.44099998474121 4.52299976348877 3.46900010108948 1.96000003814697 0.689999997615814 3.03900003433228 4.35599994659424 4.33500003814697 14.1359996795654 14.1569995880127 15.9350004196167 17.2670001983643 14.6239995956421 17.0450000762939 15.4750003814697 13.7040004730225 6.92899990081787 7.30700016021729 7.36199998855591 7.18100023269653 6.83799982070923 6.93599987030029 7.1710000038147 7.69000005722046 7.74399995803833 7.17500019073486 6.59800004959106 5.57800006866455 4.68499994277954 4.19700002670288 3.2590000629425 2.2409999370575 0.610000014305115 0.582000017166138 0.635999977588654 1.08399999141693 1.97500002384186 2.01099991798401 3.24499988555908 4.03800010681152 4.87200021743774 4.73000001907349 6.19399976730347 7.45599985122681 14.3950004577637 18.7789993286133
6.62200021743774 4.47900009155273 3.91100001335144 3.04099988937378 1.68900001049042 1.62399995326996 3.99499988555908 4.24100017547607 4.40799999237061 5.3439998626709 6.35099983215332 3.33500003814697 2.52800011634827 4.9850001335144 3.73499989509583 4.07100009918213 6.68699979782104 6.50400018692017 6.73699998855591 6.75600004196167 6.45499992370605 6.06799983978271 6.06599998474121 6.30200004577637 6.45100021362305 6.81699991226196 7.0770001411438 6.13199996948242 5.09700012207031 5.63299989700317 5.59800004959106 4.93499994277954 3.15799999237061 0.700999975204468 0.776000022888184 2.33100008964539 3.11199998855591 3.09500002861023 4.19700002670288 5.19299983978271 4.8600001335144 4.81599998474121 5.9210000038147 6.79199981689453 13.8629999160767 20.3299999237061
6.84499979019165 4.61499977111816 3.54999995231628 2.39800000190735 1.20899999141693 1.01600003242493 2.36500000953674 3.50300002098083 3.89000010490417 3.76300001144409 3.26300001144409 2.51699995994568 1.63499999046326 0.950999975204468 0.211999997496605 3.52600002288818 5.51900005340576 5.625 6.11800003051758 6.11499977111816 5.875 5.80299997329712 5.67899990081787 6.0479998588562 6.79899978637695 7.42500019073486 7.47599983215332 7.64099979400635 8.97799968719482 7.72200012207031 7.80100011825562 5.52099990844727 4.61999988555908 2.40499997138977 2.77099990844727 3.27099990844727 3.34400010108948 3.4300000667572 4.43100023269653 5.35500001907349 4.93400001525879 5.01200008392334 6.04500007629395 7.04199981689453 10.2819995880127 14.6719999313354
6.61899995803833 3.14100003242493 2.4539999961853 0.964999973773956 0.456000000238419 0.246999993920326 0.179000005125999 1.37399995326996 4.24200010299683 3.88800001144409 2.21799993515015 1.24899995326996 0.736999988555908 0.28999999165535 1.13900005817413 4.73199987411499 5.06199979782104 5.20300006866455 5.59899997711182 5.85099983215332 5.77500009536743 5.6710000038147 5.51300001144409 6.41099977493286 7.21299982070923 8.82600021362305 8.99899959564209 9.54399967193604 10.8509998321533 9.31999969482422 8.01099967956543 6.01599979400635 3.72399997711182 2.55299997329712 2.85199999809265 3.40499997138977 3.51600003242493 3.91799998283386 4.10900020599365 5.02899980545044 5.44999980926514 6.74700021743774 7.46500015258789 7.56300020217896 9.93099975585938 13.46399974823
6.30900001525879 0.519999980926514 0.486999988555908 0.744000017642975 2.50699996948242 0.279000014066696 2.45700001716614 4.60500001907349 6.7480001449585 5.35200023651123 2.37899994850159 0.229000002145767 0.252999991178513 1.22800004482269 3.02900004386902 4.82999992370605 5.16200017929077 5.36999988555908 5.65999984741211 5.58699989318848 5.65299987792969 5.44700002670288 6.07299995422363 7.01700019836426 7.54099988937378 9.26000022888184 10.5080003738403 10.9040002822876 11.2829999923706 10.3159999847412 9.3100004196167 7.80600023269653 5.5149998664856 3.79999995231628 3.03600001335144 3.65799999237061 3.74000000953674 4.59200000762939 4.57299995422363 5.18200016021729 6.72100019454956 7.59499979019165 7.73999977111816 8.07100009918213 9.35799980163574 11.8129997253418
4.00400018692017 0.596000015735626 6.14300012588501 7.72200012207031 8.65799999237061 4.02199983596802 6.98799991607666 9.51099967956543 7.8270001411438 6.7350001335144 5.44700002670288 3.08100008964539 1.27900004386902 1.35899996757507 3.89000010490417 4.80900001525879 5.34200000762939 5.53800010681152 5.52699995040894 5.28499984741211 5.73799991607666 5.71500015258789 6.09999990463257 7.11499977111816 8.27499961853027 9.58399963378906 10.6680002212524 11.5620002746582 11.9980001449585 11.3450002670288 10.4320001602173 8.93000030517578 5.61399984359741 5.13700008392334 4.5789999961853 5.41900014877319 6.27299976348877 6.42199993133545 6.26100015640259 6.9980001449585 7.60799980163574 7.80800008773804 7.66900014877319 8.02799987792969 7.98199987411499 10.4390001296997
2.14800000190735 1.51999998092651 8.84700012207031 11.1239995956421 11.1829996109009 11.3100004196167 10.871000289917 9.94099998474121 8.8430004119873 8.02099990844727 6.36100006103516 5.09899997711182 3.95300006866455 3.36100006103516 4.8439998626709 5.33699989318848 5.6269998550415 5.48999977111816 5.25500011444092 5.2979998588562 5.14099979400635 5.69500017166138 5.57800006866455 6.34800004959106 7.75400018692017 9.02299976348877 10.8479995727539 11.7629995346069 11.8690004348755 11.5120000839233 10.4910001754761 8.48499965667725 7.80700016021729 5.55399990081787 5.89900016784668 6.71299982070923 7.18900012969971 7.44999980926514 7.58799982070923 7.73099994659424 7.33900022506714 7.60500001907349 7.4980001449585 7.33799982070923 7.51700019836426 7.12599992752075
0.742999970912933 0.742999970912933 10.6759996414185 10.5979995727539 11.246000289917 11.6510000228882 11.2290000915527 10.2279996871948 9.18299961090088 7.79099988937378 6.72700023651123 5.92199993133545 4.86899995803833 4.7979998588562 5.7649998664856 6.16200017929077 5.88000011444092 5.32999992370605 4.83799982070923 4.15199995040894 3.21399998664856 5.30200004577637 5.39499998092651 5.69199991226196 6.94000005722046 8.13799953460693 9.74499988555908 10.9200000762939 10.8369998931885 10.6829996109009 9.1540002822876 7.58300018310547 6.87599992752075 5.8899998664856 6.27199983596802 6.89099979400635 7.6399998664856 8.2180004119873 8.41399955749512 8.0310001373291 7.41699981689453 7.26700019836426 7.52299976348877 7.42700004577637 7.31300020217896 6.73899984359741
1.08200001716614 8.875 11.1660003662109 11.0380001068115 12.4479999542236 12.8800001144409 12.0570001602173 11.3199996948242 8.79500007629395 8.20100021362305 7.5789999961853 6.29699993133545 4.90899991989136 5.36199998855591 6.0310001373291 5.96999979019165 5.55999994277954 4.9210000038147 4.11800003051758 3.90700006484985 3.52300000190735 4.23799991607666 5.20599985122681 5.44099998474121 6.68599987030029 7.48400020599365 8.44499969482422 9.30099964141846 8.32999992370605 7.99900007247925 6.5310001373291 6.625 6.06300020217896 5.90999984741211 6.1100001335144 6.54300022125244 7.67899990081787 8.13300037384033 7.84999990463257 7.49900007247925 6.93699979782104 7.23799991607666 7.88700008392334 7.98099994659424 7.72499990463257 7.34499979019165
0.958999991416931 7.88600015640259 12.3570003509521 13.0050001144409 14.1549997329712 13.5649995803833 12.8109998703003 11.7930002212524 9.58199977874756 8.41499996185303 8.11100006103516 7.56799983978271 5.13299989700317 4.89099979400635 5.43400001525879 5.56400012969971 6.60900020599365 6.21799993515015 4.85900020599365 3.83299994468689 3.83999991416931 4.03999996185303 5.05399990081787 5.13600015640259 5.77400016784668 6.50099992752075 6.71500015258789 7.6230001449585 5.94299983978271 5.75699996948242 5.94999980926514 6.08599996566772 5.58300018310547 5.35799980163574 5.72700023651123 6.08199977874756 6.79300022125244 7.47700023651123 7.43800020217896 7.22599983215332 7.01300001144409 6.83500003814697 7.82200002670288 9.33699989318848 9.31900024414062 7.81400012969971
1.04700005054474 0.926999986171722 8.35400009155273 13.8649997711182 14.4930000305176 13.8149995803833 12.9289999008179 11.9449996948242 11.1129999160767 9.02000045776367 8.19200038909912 7.87599992752075 6.67000007629395 5.2979998588562 7.83900022506714 10.246000289917 10.085000038147 10.4499998092651 8.65799999237061 4.80499982833862 4.5019998550415 4.86100006103516 4.66400003433228 4.74100017547607 4.81699991226196 4.7810001373291 4.96700000762939 5.09499979019165 5.50799989700317 5.26100015640259 5.55700016021729 5.6729998588562 6.6100001335144 6.35699987411499 5.44799995422363 5.71700000762939 6.60900020599365 7.25299978256226 7.73000001907349 7.7189998626709 7.42999982833862 6.96000003814697 8.28699970245361 9.5290002822876 9.46599960327148 6.82000017166138
0.837000012397766 0.72299998998642 12.1029996871948 13.3959999084473 13.5749998092651 13.1700000762939 12.7069997787476 12.0710000991821 10.4530000686646 9.03600025177002 8.2819995880127 8.60999965667725 7.80000019073486 9.27200031280518 10.3299999237061 11.2489995956421 11.3590002059937 11.3889999389648 10.3020000457764 6.77400016784668 5.40199995040894 5.50500011444092 4.88399982452393 4.61800003051758 3.67700004577637 3.00699996948242 3.43899989128113 3.70900011062622 4.93200016021729 5.34800004959106 5.66200017929077 5.90500020980835 7.08900022506714 7.39499998092651 5.63000011444092 5.57000017166138 6.42000007629395 7.01999998092651 7.60900020599365 7.30200004577637 6.82399988174438 7.18400001525879 7.31699991226196 7.97700023651123 7.36800003051758 5.91599988937378
1.37100005149841 1.10699999332428 7.1399998664856 11.2910003662109 12.4029998779297 12.1829996109009 12.0860004425049 10.9340000152588 9.07800006866455 8.24400043487549 9.05900001525879 9.8430004119873 9.83699989318848 10.4020004272461 10.4790000915527 11.6029996871948 12.0229997634888 11.7159996032715 11.0520000457764 8.81099987030029 6.17199993133545 5.91099977493286 5.20300006866455 4.68699979782104 4.24499988555908 3.78200006484985 3.21000003814697 3.85199999809265 4.59800004959106 5.13700008392334 5.63800001144409 6.23600006103516 7.52600002288818 8.10099983215332 7.37400007247925 6.06599998474121 5.84499979019165 5.98000001907349 6.79199981689453 6.7519998550415 5.67399978637695 6.73400020599365 7.16099977493286 5.61499977111816 5.58699989318848 5.85099983215332
3.12599992752075 0.898999989032745 6.69600009918213 10.0900001525879 10.0279998779297 10.5260000228882 10.664999961853 10.1280002593994 8.55500030517578 8.6850004196167 9.14999961853027 9.85999965667725 10.3280000686646 10.3559999465942 11.3280000686646 12.0030002593994 11.9259996414185 11.2530002593994 10.6999998092651 9.95300006866455 7.01100015640259 5.95499992370605 6.3769998550415 5.93300008773804 5.14499998092651 4.09000015258789 3.32200002670288 4.41300010681152 4.36600017547607 4.79899978637695 5.48400020599365 6.10699987411499 7.01999998092651 7.15799999237061 6.61700010299683 5.82999992370605 4.92899990081787 4.85099983215332 5.14099979400635 5.39099979400635 5.33099985122681 6.24599981307983 6.63600015640259 5.4850001335144 -3.4e+38 -3.4e+38
3.61899995803833 2.3050000667572 4.92999982833862 7.68800020217896 9.00100040435791 8.9040002822876 7.98699998855591 8.08600044250488 7.79899978637695 8.53600025177002 9.66300010681152 9.82100009918213 9.45100021362305 9.86900043487549 10.456000328064 11.4530000686646 11.3999996185303 10.8479995727539 10.6450004577637 9.58300018310547 6.7189998626709 6.86600017547607 6.91900014877319 6.69199991226196 6.25099992752075 5.59600019454956 5.14400005340576 4.41800022125244 3.9300000667572 4.41400003433228 5.16699981689453 5.82299995422363 6.12400007247925 5.75600004196167 6.42399978637695 5.49900007247925 4.71199989318848 4.7189998626709 5.73199987411499 5.10500001907349 5.01300001144409 5.18599987030029 -3.4e+38 -3.4e+38 -3.4e+38 -3.4e+38
4.73600006103516 2.60800004005432 2.00099992752075 2.84100008010864 5.46799993515015 6.07000017166138 4.37400007247925 5.50899982452393 7.07499980926514 8.10499954223633 8.82600021362305 7.80399990081787 7.46099996566772 8.55399990081787 9.33800029754639 10.4200000762939 10.9440002441406 10.8940000534058 10.4949998855591 9.7810001373291 6.57200002670288 6.52500009536743 6.99200010299683 6.93900012969971 6.67999982833862 5.95100021362305 5.48000001907349 4.55600023269653 3.15199995040894 3.63599991798401 5.01599979400635 5.43800020217896 5.51399993896484 4.78200006484985 4.88899993896484 5.07999992370605 5.33300018310547 6.92399978637695 6.48000001907349 -3.4e+38 -3.4e+38 -3.4e+38 -3.4e+38 -3.4e+38 -3.4e+38 -3.4e+38
5.25 3.42300009727478 1.96000003814697 0.825999975204468 1.14400005340576 2.83100008964539 0.930999994277954 2.82599997520447 5.58300018310547 6.74700021743774 6.91499996185303 6.0310001373291 6.03399991989136 8.69400024414062 9.33399963378906 10.375 10.7720003128052 10.8070001602173 10.0939998626709 8.12100028991699 5.8600001335144 6.32200002670288 6.93400001525879 6.95300006866455 6.51700019836426 5.5019998550415 5.40199995040894 5.03200006484985 3.81100010871887 3.26999998092651 4.94799995422363 5.1710000038147 5.09899997711182 5.22100019454956 6.23899984359741 -3.4e+38 -3.4e+38 -3.4e+38 -3.4e+38 -3.4e+38 -3.4e+38 -3.4e+38 -3.4e+38 -3.4e+38 -3.4e+38 -3.4e+38
8.66199970245361 2.66199994087219 1.71099996566772 1.04100000858307 1.22599995136261 1.22000002861023 0.924000024795532 0.841000020503998 3.81599998474121 5.77299976348877 6.05100011825562 5.69799995422363 6.28299999237061 6.36499977111816 7.65100002288818 9.60700035095215 9.77299976348877 10.0410003662109 9.57600021362305 6.43200016021729 5.29400014877319 6.41699981689453 7.23000001907349 6.63100004196167 5.90399980545044 5.27099990844727 5.34100008010864 4.66300010681152 5.23199987411499 -3.4e+38 -3.4e+38 -3.4e+38 -3.4e+38 -3.4e+38 -3.4e+38 -3.4e+38 -3.4e+38 -3.4e+38 -3.4e+38 -3.4e+38 -3.4e+38 -3.4e+38 -3.4e+38 -3.4e+38 -3.4e+38 -3.4e+38
8.96300029754639 2.89000010490417 1.31599998474121 1.13999998569489 1.22699999809265 1.09399998188019 0.931999981403351 1.27600002288818 1.80799996852875 3.16899991035461 4.09000015258789 4.31099987030029 3.28600001335144 2.3510000705719 2.97199988365173 5.79199981689453 6.65899991989136 7.1230001449585 8.38599967956543 6.19099998474121 7.12099981307983 7.02600002288818 4.53000020980835 -3.4e+38 -3.4e+38 -3.4e+38 -3.4e+38 -3.4e+38 -3.4e+38 -3.4e+38 -3.4e+38 -3.4e+38 -3.4e+38 -3.4e+38 -3.4e+38 -3.4e+38 -3.4e+38 -3.4e+38 -3.4e+38 -3.4e+38 -3.4e+38 -3.4e+38 -3.4e+38 -3.4e+38 -3.4e+38 -3.4e+38
-3.4e+38 11.1850004196167 7.25299978256226 3.17700004577637 1.1139999628067 0.944000005722046 0.908999979496002 1.24399995803833 2.26399993896484 2.58200001716614 2.38499999046326 2.51600003242493 2.29500007629395 1.79900002479553 1.45099997520447 2.64499998092651 2.6470000743866 -3.4e+38 -3.4e+38 -3.4e+38 -3.4e+38 -3.4e+38 -3.4e+38 -3.4e+38 -3.4e+38 -3.4e+38 -3.4e+38 -3.4e+38 -3.4e+38 -3.4e+38 -3.4e+38 -3.4e+38 -3.4e+38 -3.4e+38 -3.4e+38 -3.4e+38 -3.4e+38 -3.4e+38 -3.4e+38 -3.4e+38 -3.4e+38 -3.4e+38 -3.4e+38 -3.4e+38 -3.4e+38 -3.4e+38
