02_asc_chm-r50m/BR22XA.asc
NCOLS 201 
NROWS 201 
XLLCORNER 550783.5 
YLLCORNER 5279245.5 
CELLSIZE 0.5 
NODATA_value -3.4e+38 
[rows 140 to 159 of 201, columns 92 to 137 of 201]
24.3330001831055 21.5249996185303 18.5690002441406 15.5939998626709 12.03600025177 10.3739995956421 11.3430004119873 11.8400001525879 13.2130002975464 13.628999710083 13.1230001449585 17.451000213623 19.7859992980957 20.0349998474121 20.07200050354 19.8540000915527 19.6529998779297 18.8379993438721 14.6719999313354 12.5559997558594 12.1230001449585 12.8500003814697 20.742000579834 24.806999206543 25.996000289917 27.6009998321533 28.1319999694824 28.1889991760254 27.1450004577637 24.5869998931885 17.556999206543 6.84700012207031 6.75500011444092 7.40700006484985 8.56099987030029 8.1850004196167 8.28600025177002 7.98899984359741 7.65000009536743 7.82499980926514 7.79099988937378 9.35700035095215 19.125 22.1979999542236 21.7830009460449 19.7789993286133
22.2609996795654 19.4300003051758 17.9349994659424 17.0559997558594 15.0159997940063 10.7629995346069 11.0100002288818 12.0620002746582 12.5220003128052 12.7180004119873 14.4530000686646 18.0370006561279 20.2549991607666 20.4689998626709 20.5380001068115 20.1860008239746 19.94700050354 19.2479991912842 16.2689990997314 13.4399995803833 11.4390001296997 10.8870000839233 16.9610004425049 20.7110004425049 24.0130004882812 26.5879993438721 25.8080005645752 26.0100002288818 24.9020004272461 24.2840003967285 16.996000289917 6.1399998664856 3.6710000038147 4.29199981689453 7.21299982070923 8.16399955749512 8.15299987792969 8.16399955749512 7.87599992752075 7.98000001907349 7.75500011444092 7.26399993896484 13.7309999465942 16.863000869751 9.32900047302246 4.81899976730347
20.548999786377 18.136999130249 16.30299949646 14.875 11.5649995803833 10.0480003356934 11.1510000228882 11.585000038147 14.0839996337891 13.9370002746582 16.4640007019043 19.4440002441406 22.0179996490479 20.6040000915527 20.7910003662109 20.6019992828369 20.2859992980957 19.4249992370605 17.0659999847412 12.1540002822876 10.0500001907349 10.8690004348755 16.7369995117188 19.8920001983643 22.2770004272461 23.5559997558594 20.7910003662109 21.1429996490479 22.9029998779297 21.25 15.9969997406006 4.08799982070923 3.59500002861023 3.51500010490417 6.37900018692017 7.125 8.25300025939941 8.42099952697754 8.39299964904785 8.33600044250488 7.82800006866455 7.42600011825562 7.43699979782104 9.11499977111816 6.38500022888184 4.21199989318848
17.3479995727539 15.0509996414185 14.0220003128052 12.0970001220703 9.61600017547607 13.9980001449585 15.1230001449585 15.9870004653931 17.0470008850098 16.7029991149902 18.9580001831055 22.621000289917 23.1639995574951 21.2789993286133 20.7560005187988 20.4650001525879 19.8910007476807 17.9799995422363 15.08899974823 19.1009998321533 16.8159999847412 20.5330009460449 21.5300006866455 18.8339996337891 17.8980007171631 16.9950008392334 15.8280000686646 15.6619997024536 18.9309997558594 18.5729999542236 16.3010005950928 6.60500001907349 4.13000011444092 3.58500003814697 3.57800006866455 4.86299991607666 7.8600001335144 8.61699962615967 8.62800025939941 8.02299976348877 7.60699987411499 7.56599998474121 7.71700000762939 7.78000020980835 7.375 6.11700010299683
13.9750003814697 13.8529996871948 13.7639999389648 10.4099998474121 7.15000009536743 15.3479995727539 17.9139995574951 18.5319995880127 20.1879997253418 22.5709991455078 24.7250003814697 25.326000213623 23.2689990997314 21.2159996032715 20.076000213623 19.8309993743896 19.423999786377 20.1389999389648 21.3799991607666 23.7320003509521 25.0909996032715 25.9740009307861 24.6830005645752 21.2630004882812 16.3269996643066 14.9980001449585 14.3909997940063 14.0579996109009 12.21399974823 11.5749998092651 12.2379999160767 10.9879999160767 4.47700023651123 4.05800008773804 3.62800002098083 3.97900009155273 4.58799982070923 6.63399982452393 8.22399997711182 7.15799999237061 6.93100023269653 15.4119997024536 11.5500001907349 10.3590002059937 16.4810009002686 12.9420003890991
10.4759998321533 10.6529998779297 10.7790002822876 9.74600028991699 7.41900014877319 13.6219997406006 19.1319999694824 21.8470001220703 23.8150005340576 25.5900001525879 26.3279991149902 27.0069999694824 26.5230007171631 21.9589996337891 20.1149997711182 20.3390007019043 20.4519996643066 21.5690002441406 24.1690006256104 25.0270004272461 26.0629997253418 26.628999710083 26.4260005950928 25.2870006561279 23.7409992218018 21.2490005493164 15.6920003890991 13.5909996032715 11.9460000991821 12.2580003738403 15.4709997177124 18.6459999084473 17.5860004425049 18.6770000457764 14.8870000839233 14.7040004730225 4.50699996948242 3.77999997138977 7.42600011825562 12.3649997711182 19.4680004119873 19.4909992218018 17.3250007629395 14.6129999160767 17.7670001983643 18.1949996948242
4.48699998855591 3.4909999370575 3.49300003051758 5.85300016403198 9.16800022125244 11.298999786377 21.2929992675781 25.6480007171631 26.1720008850098 26.9570007324219 27.2269992828369 27.2210006713867 27.3020000457764 27.17799949646 22.9209995269775 22.5610008239746 23.0310001373291 22.007999420166 24.7749996185303 26.9549999237061 27.7099990844727 27.7530002593994 27.6909999847412 25.7240009307861 24.6749992370605 22.2849998474121 20.9220008850098 13.6049995422363 12.2110004425049 11.378999710083 16.7029991149902 21.9680004119873 22.5370006561279 22.7479991912842 22.4440002441406 16.7749996185303 3.78600001335144 3.71199989318848 9.16100025177002 15.1870002746582 19.4009990692139 19.5419998168945 20.0729999542236 19.6310005187988 18.7749996185303 18.4930000305176
9.59500026702881 6.44999980926514 6.78700017929077 8.64400005340576 12.9940004348755 15.9390001296997 25.2569999694824 26.1070003509521 26.9500007629395 27.7019996643066 27.798999786377 27.8369998931885 27.6049995422363 27.451000213623 26.2840003967285 24.113000869751 23.9839992523193 25.2950000762939 26.7250003814697 28.3110008239746 28.5340003967285 28.4379997253418 28.0739994049072 27.0610008239746 26.1879997253418 19.4270000457764 14.2620000839233 12.8039999008179 12.5819997787476 17.7350006103516 21.8880004882812 23.4640007019043 23.3780002593994 23.5820007324219 23.1200008392334 15.6669998168945 4.01700019836426 4.62099981307983 11.4270000457764 17.9120006561279 22.0510005950928 22.8610000610352 23.068000793457 22.2350006103516 19.8899993896484 19.5620002746582
13.1350002288818 14.1890001296997 8.56099987030029 9.91699981689453 14.3240003585815 21.2070007324219 24.3969993591309 25.9300003051758 26.7259998321533 27.7250003814697 28.3320007324219 28.55299949646 28.4290008544922 27.7709999084473 26.8920001983643 25.0979995727539 24.9799995422363 26.4640007019043 27.19700050354 28.0209999084473 28.5919990539551 29.0179996490479 28.9489994049072 28.3980007171631 26.9519996643066 20.3889999389648 13.1440000534058 10.246000289917 9.9680004119873 14.0629997253418 21.9869995117188 23.8250007629395 23.9990005493164 24.2119998931885 24.2670001983643 20.5809993743896 11.4580001831055 6.17700004577637 11.7080001831055 20.7779998779297 24.6700000762939 27.0909996032715 26.8409996032715 26.7749996185303 24.3239994049072 23.6849994659424
21.6149997711182 20.3799991607666 12.7950000762939 11.6879997253418 17.1089992523193 22.9220008850098 23.863000869751 25.8880004882812 27.0279998779297 27.863000869751 28.1569995880127 28.5020008087158 28.5170001983643 27.9729995727539 27.1790008544922 26 26.068000793457 26.6720008850098 27.2779998779297 27.8719997406006 28.7639999389648 29.4130001068115 28.9909992218018 27.8939990997314 26.298999786377 19.7320003509521 11.914999961853 5.79300022125244 6.67000007629395 5.85500001907349 17.8349990844727 23.9769992828369 24.3999996185303 24.7859992980957 24.8379993438721 22.2409992218018 17.9150009155273 18.2929992675781 21.5130004882812 24.9699993133545 27.05299949646 27.6879997253418 27.7360000610352 27.1630001068115 26.7070007324219 26.32200050354
22.4710006713867 19.8490009307861 15.3900003433228 17.3020000457764 20.9549999237061 22.326000213623 23.136999130249 24.2779998779297 26.5739994049072 27.2450008392334 27.7240009307861 27.8640003204346 27.7509994506836 26.6270008087158 25.4899997711182 25.7169990539551 25.8589992523193 26.3369998931885 26.9969997406006 26.8719997406006 27.7819995880127 28.8500003814697 28.3810005187988 27.8209991455078 26.3490009307861 23.6270008087158 21.2590007781982 17.8419990539551 7.69099998474121 12.5780000686646 23.5790004730225 24.2080001831055 24.5440006256104 24.4720001220703 24.318000793457 23.0020008087158 20.056999206543 23.943000793457 26.0450000762939 26.1119995117188 27.3110008239746 27.9640007019043 27.8719997406006 27.7369995117188 27.0669994354248 26.7119998931885
24.753999710083 22.8470001220703 18.9580001831055 18.4440002441406 21.9379997253418 23.0620002746582 23.9820003509521 24.625 25.1030006408691 25.7649993896484 24.8379993438721 25.4349994659424 25.3059997558594 24.8470001220703 24.5639991760254 24.6599998474121 24.6840000152588 24.9090003967285 25.1889991760254 25.3040008544922 26.4190006256104 27.507999420166 27.6499996185303 26.8819999694824 25.0389995574951 23.382999420166 23.0849990844727 23.2360000610352 22.2399997711182 19.8950004577637 22.5540008544922 23.2849998474121 23.882999420166 23.7329998016357 23.371000289917 21.621000289917 21.818000793457 24.8199996948242 26.5109996795654 26.9599990844727 27.3910007476807 28.0349998474121 28.7169990539551 28.4990005493164 28.05299949646 27.5510005950928
24.7859992980957 24.0009994506836 21.8610000610352 21.9850006103516 22.8659992218018 23.9729995727539 24.8910007476807 25.19700050354 24.6660003662109 23.7530002593994 19.0990009307861 20.1919994354248 20.4300003051758 21.9179992675781 23.3460006713867 23.3190002441406 23.2240009307861 24.4519996643066 25.2830009460449 25.6009998321533 26.6940002441406 26.6100006103516 26.0809993743896 25.0879993438721 24.1280002593994 24.4680004119873 24.4729995727539 24.2029991149902 23.3360004425049 22.0109996795654 21.9699993133545 22.0900001525879 22.9529991149902 22.2070007324219 21.2490005493164 21.8150005340576 22.6809997558594 25.1100006103516 26.806999206543 27.2609996795654 29.0520000457764 29.4050006866455 29.5330009460449 29.1849994659424 28.8680000305176 28.2240009307861
25.5219993591309 25.1310005187988 23.673999786377 23.7280006408691 23.8700008392334 24.6940002441406 25.4890003204346 26.4139995574951 26.1800003051758 25.681999206543 23.113000869751 21.4179992675781 19.4029998779297 20.9479999542236 22.1469993591309 22.3309993743896 22.5 24.7560005187988 25.5900001525879 26.5809993743896 26.9650001525879 26.9169998168945 25.42799949646 24.0209999084473 23.8729991912842 24.8479995727539 25.5270004272461 26.0209999084473 25.6520004272461 23.7399997711182 22.5230007171631 22.4270000457764 21.6609992980957 20.9309997558594 22.0470008850098 22.8110008239746 23.878999710083 25.7129993438721 26.9270000457764 28.0470008850098 29.3199996948242 29.8379993438721 30.4580001831055 29.9720001220703 29.1870002746582 28.423999786377
26.0279998779297 25.4459991455078 24.488000869751 22.9890003204346 24.1650009155273 25.8199996948242 26.613000869751 27.2840003967285 27.3509998321533 26.0639991760254 24.1599998474121 22.3129997253418 19.7080001831055 19.5209999084473 21.3080005645752 22.3920001983643 22.2980003356934 24.4519996643066 26.7509994506836 27.6189994812012 27.1560001373291 26.8899993896484 26.2630004882812 25.121000289917 24.9979991912842 25.6529998779297 26.8299999237061 27.4519996643066 28.003999710083 26.746000289917 23.4160003662109 23.2730007171631 22.128999710083 21.1420001983643 23.2299995422363 23.382999420166 24.7649993896484 26.7709999084473 27.0779991149902 28.2310009002686 29.0179996490479 29.9449996948242 30.3460006713867 30.1240005493164 29.2089996337891 28.3400001525879
26.011999130249 24.5520000457764 23.757999420166 23.9419994354248 24.0459995269775 25.2679996490479 26.2900009155273 26.6690006256104 26.7129993438721 25.7339992523193 23.0750007629395 20.6049995422363 18.7110004425049 18.6410007476807 20.4529991149902 23.2360000610352 24.3279991149902 27.1569995880127 29.3129997253418 29.6539993286133 29.2819995880127 28.1480007171631 27.1140003204346 26.746000289917 26.1480007171631 26.5069999694824 27.7000007629395 27.9930000305176 28.4039993286133 28.2870006561279 26.1909999847412 25.7180004119873 24.7040004730225 21.8810005187988 23.367000579834 24.6319999694824 25.6599998474121 26.9699993133545 27.2210006713867 28.136999130249 28.8339996337891 29.1840000152588 29.503999710083 29.1940002441406 28.5370006561279 27.8719997406006
25.8050003051758 24.0690002441406 22.8600006103516 22.0139999389648 23.5060005187988 24.5020008087158 24.9839992523193 25.7360000610352 25.4899997711182 24.242000579834 22.0020008087158 19.8339996337891 18.42799949646 18.4459991455078 23.0540008544922 25.2959995269775 27.0639991760254 29.6469993591309 30.2189998626709 30.5209999084473 30.6989994049072 30.0370006561279 29.0149993896484 28.6340007781982 28.056999206543 27.3680000305176 28.3169994354248 28.7749996185303 28.9769992828369 28.3439998626709 27.0590000152588 26.2229995727539 25.5049991607666 23.6229991912842 23.8290004730225 25.3209991455078 26.0300006866455 26.8589992523193 27.7609996795654 28.4169998168945 28.6359996795654 28.318000793457 28.367000579834 28.4899997711182 28.117000579834 26.8700008392334
25.5389995574951 24.2980003356934 23.4500007629395 20.2759990692139 21.4389991760254 22.4009990692139 22.7870006561279 23.9160003662109 23.621000289917 22.4389991760254 20.9899997711182 19.5699996948242 18.4200000762939 19.2819995880127 23.5960006713867 26.3309993743896 29.2119998931885 30.451000213623 30.996000289917 31.246000289917 31.0450000762939 30.6840000152588 30.2600002288818 29.2409992218018 28.2509994506836 28.7119998931885 28.875 29.4050006866455 29.6770000457764 29.0109996795654 27.943000793457 26.9759998321533 24.8819999694824 24.4689998626709 24.2789993286133 25.6270008087158 26.4680004119873 27.2759990692139 28.1219997406006 28.1849994659424 27.7709999084473 27.1650009155273 27.32200050354 27.5459995269775 27.1240005493164 26.4640007019043
25.201000213623 24.4529991149902 21.7789993286133 19.6459999084473 20.5629997253418 21.1410007476807 20.9029998779297 21.496000289917 21.496000289917 21.1700000762939 20.0890007019043 18.2689990997314 18.0820007324219 21.8279991149902 25.5919990539551 28.5459995269775 29.9409999847412 31.0669994354248 31.2830009460449 31.6620006561279 31.80299949646 31.3980007171631 30.6119995117188 29.4790000915527 28.5590000152588 27.9500007629395 28.628999710083 29.6469993591309 29.7430000305176 28.9449996948242 27.6679992675781 27.2900009155273 25.5970001220703 23.9109992980957 24.4950008392334 25.2719993591309 26.0030002593994 26.8169994354248 27.6310005187988 27.8010005950928 27.2819995880127 26.7870006561279 26.8819999694824 26.8169994354248 25.6000003814697 24.556999206543
23.9869995117188 22.7940006256104 20.4990005493164 19.4060001373291 18.9990005493164 19.5319995880127 19.4489994049072 19.6219997406006 19.5380001068115 18.3859996795654 15.1590003967285 16.4050006866455 16.5890007019043 22.6900005340576 25.6380004882812 28.2299995422363 29.806999206543 31.3740005493164 31.9370002746582 32.351001739502 32.6959991455078 32.1020011901855 31.0279998779297 29.7859992980957 29.8229999542236 28.4780006408691 28.2199993133545 29.0779991149902 28.826000213623 28.257999420166 26.8719997406006 25.9820003509521 24.6319999694824 22.7250003814697 23.9729995727539 24.92799949646 25.3980007171631 25.8379993438721 26.7049999237061 26.7630004882812 26.7199993133545 26.1459999084473 25.9950008392334 24.92799949646 24.7269992828369 22.9669990539551
