02_asc_chm-r50m/BR221A.asc
NCOLS 201 
NROWS 200 
XLLCORNER 532171 
YLLCORNER 5306815.5 
CELLSIZE 0.5 
NODATA_value -3.4e+38 
[rows 140 to 159 of 200, columns 138 to 183 of 201]
26.3369998931885 27.1459999084473 27.8659992218018 28.25 27.8780002593994 27.0650005340576 27.2730007171631 25.7630004882812 22.9829998016357 22.5200004577637 18.1679992675781 18.0370006561279 14.8660001754761 5.79099988937378 2.48499989509583 5.15399980545044 9.67599964141846 11.8959999084473 12.0909996032715 12.6359996795654 13.3219995498657 15.25 16.3360004425049 16.2740001678467 15.8819999694824 15.0710000991821 14.6789999008179 13.0249996185303 7.92199993133545 18.4200000762939 20.5909996032715 27.7830009460449 28.2520008087158 29.6270008087158 30.1539993286133 29.2830009460449 28.75 28.5259990692139 26.9249992370605 25.1889991760254 24.8880004882812 22.1700000762939 21.0699996948242 16.0359992980957 3.91000008583069 1.75399994850159
25.7080001831055 25.8369998931885 25.9669990539551 24.9529991149902 24.8549995422363 24.5200004577637 23.7360000610352 23.5139999389648 22.7189998626709 21.7900009155273 20.8500003814697 18.818000793457 6.0310001373291 1.19200003147125 2.28299999237061 6.93900012969971 9.08699989318848 10.5209999084473 11.2810001373291 12.4849996566772 13.2609996795654 14.3620004653931 15.0380001068115 14.8170003890991 14.9280004501343 15.9180002212524 15.4309997558594 13.6300001144409 10.418999671936 10.2580003738403 10.7650003433228 23.6870002746582 27.9479999542236 29.5109996795654 31.0900001525879 30.8460006713867 29.4580001831055 29.048999786377 26.9179992675781 25.6599998474121 24.7229995727539 24.0979995727539 22.6270008087158 16.1079998016357 8.95600032806396 0.898000001907349
24.0359992980957 25.1809997558594 24.8050003051758 24.0209999084473 23.7070007324219 23.7220001220703 23.5839996337891 23.6900005340576 23.1110000610352 22.6380004882812 21.4540004730225 13.2729997634888 0.791000008583069 1.77600002288818 2.17899990081787 4.42600011825562 5.42799997329712 11.3170003890991 11.9460000991821 12.2760000228882 10.6479997634888 10.3909997940063 10.8170003890991 13.9139995574951 7.10900020599365 17.7950000762939 17.9990005493164 15.951000213623 14.0500001907349 17.4650001525879 20.4179992675781 26.8990001678467 28.5270004272461 29.8159999847412 30.878999710083 31.0990009307861 30.3050003051758 28.8680000305176 27.6389999389648 24.8549995422363 23.5480003356934 23.6669998168945 23.1940002441406 14.0629997253418 4.36399984359741 0.611000001430511
21.7740001678467 23.4419994354248 22.7880001068115 22.1180000305176 22.193000793457 23.4130001068115 23.8159999847412 23.7880001068115 23.9150009155273 23.4169998168945 22.1599998474121 18.4780006408691 4.64400005340576 6.72599983215332 3.75799989700317 3.07699990272522 2.31500005722046 10.4029998779297 12.7299995422363 10.3690004348755 6.42600011825562 4.04899978637695 9.25899982452393 13.835000038147 13.9670000076294 18.0009994506836 19.9440002441406 19.2639999389648 17.943000793457 26.3199996948242 28.5 27.2940006256104 27.67799949646 29.5149993896484 29.7709999084473 29.6560001373291 29.6709995269775 28.5860004425049 26.7399997711182 24.2600002288818 23.9090003967285 23.6770000457764 22.1620006561279 3.9909999370575 6.06699991226196 5.44399976730347
22.0330009460449 22.3740005493164 24.9440002441406 23.2689990997314 22.451000213623 24.3229999542236 24.5869998931885 24.4220008850098 24.6900005340576 24.2119998931885 23.1299991607666 22.7430000305176 18.0690002441406 11.5939998626709 10.3889999389648 8.41199970245361 7.30200004577637 9.39299964904785 13.9370002746582 13.0050001144409 4.02199983596802 2.43400001525879 13.6540002822876 13.8210000991821 13.9569997787476 17.4559993743896 20.1620006561279 20.2549991607666 20.3330001831055 27.5340003967285 26.9090003967285 24.3460006713867 25.8570003509521 27.7390003204346 28.2999992370605 28.5550003051758 28.1180000305176 27.6480007171631 26.4309997558594 25.4190006256104 24.1350002288818 21.7859992980957 19.6749992370605 13.6960000991821 10.0520000457764 9.89200019836426
24.8589992523193 24.6060009002686 26.5930004119873 24.8719997406006 24.0979995727539 25.1690006256104 25.4710006713867 25.2929992675781 25.4400005340576 25.55299949646 24.943000793457 23.1529998779297 19.2779998779297 11.6929998397827 13.4499998092651 12.6929998397827 12.2889995574951 13.8640003204346 14.1700000762939 13.78600025177 6.97900009155273 7.95599985122681 13.706000328064 14.4879999160767 13.9519996643066 17.25 21.44700050354 21.863000869751 22.121000289917 23.5939998626709 23.9669990539551 24.6590003967285 26.4260005950928 27.4009990692139 27.8470001220703 27.548999786377 26.8579998016357 25.6180000305176 24.7569999694824 24.5729999542236 24.0060005187988 21.4979991912842 16.3659992218018 16.7259998321533 12.1820001602173 10.3109998703003
28.5939998626709 26.2730007171631 26.3589992523193 26.2040004730225 25.7040004730225 25.9930000305176 26.8120002746582 27.5620002746582 27.2749996185303 26.7049999237061 25.5349998474121 23.8740005493164 21.7450008392334 16.056999206543 16.6259994506836 16.2630004882812 15.1499996185303 14.3690004348755 13.914999961853 14.8649997711182 11.164999961853 13.375 14.9499998092651 16.0799999237061 15.664999961853 20.0709991455078 24.0310001373291 24.9589996337891 25.2609996795654 24.9769992828369 25.1560001373291 26.0100002288818 26.3139991760254 27.326000213623 26.8999996185303 26.2660007476807 25.5440006256104 23.9370002746582 23.617000579834 23.7029991149902 23.261999130249 17.3799991607666 11.9910001754761 18.3129997253418 16.8840007781982 15.1470003128052
30.2490005493164 29.5330009460449 27.30299949646 25.8659992218018 25.8770008087158 26.7119998931885 27.9500007629395 28.4009990692139 28.2859992980957 27.443000793457 25.568000793457 23.9899997711182 22.7840003967285 20.871000289917 19.6420001983643 19.1979999542236 18.4680004119873 17.3850002288818 16.3819999694824 17.3449993133545 15.2349996566772 14.2510004043579 16.3910007476807 18.7089996337891 17.8360004425049 22.9150009155273 24.7140007019043 24.9200000762939 25.9370002746582 25.5939998626709 25.7719993591309 26.3530006408691 26.7810001373291 27.1919994354248 26.4610004425049 25.8880004882812 25.0249996185303 24.1650009155273 23.923999786377 22.8290004730225 21.7840003967285 20.9459991455078 19.878999710083 19.2999992370605 18.8430004119873 18.1849994659424
31.2169990539551 29.7320003509521 27.4120006561279 26.4349994659424 25.5750007629395 26.69700050354 27.6550006866455 28.3780002593994 28.2369995117188 27.0860004425049 25.1060009002686 23.5459995269775 22.4529991149902 21.0909996032715 20.9449996948242 20.9330005645752 20.4559993743896 18.5249996185303 17.8929996490479 18.5599994659424 17.488000869751 16.136999130249 19.386999130249 20.9379997253418 23.9939994812012 25.3190002441406 25.371000289917 26.1229991912842 26.2269992828369 25.9799995422363 26.3610000610352 26.6790008544922 27.0650005340576 27.2810001373291 26.4440002441406 25.6000003814697 25.011999130249 24.253999710083 23.3080005645752 21.9680004119873 21.7229995727539 21.9419994354248 21.242000579834 19.6889991760254 20.1189994812012 18.69700050354
30.6240005493164 28.761999130249 26.6770000457764 25.5709991455078 24.57200050354 25.8090000152588 27.2310009002686 27.7000007629395 27.5540008544922 26.3980007171631 25.4640007019043 23.7059993743896 21.3290004730225 21.2129993438721 20.9270000457764 21.2099990844727 21.0160007476807 19.0470008850098 18.4529991149902 18.9810009002686 20.55299949646 20.132999420166 21.1989994049072 21.9990005493164 25.753999710083 25.9699993133545 26.378999710083 26.4769992828369 26.6860008239746 27.1919994354248 27.0830001831055 27.056999206543 26.7889995574951 26.6690006256104 26.173999786377 25.121000289917 24.6079998016357 23.9930000305176 23.0659999847412 22.5939998626709 23.3460006713867 24.3560009002686 23.2450008392334 23.2609996795654 22.1909999847412 21.2119998931885
29.4810009002686 28.5699996948242 26.6760005950928 25.6310005187988 24.4829998016357 24.2119998931885 26.3020000457764 26.5620002746582 26.4820003509521 25.798999786377 24.4190006256104 23.5939998626709 21.4720001220703 20.6599998474121 20.5310001373291 20.5739994049072 20.3859996795654 19.181999206543 19.4009990692139 21.2730007171631 23.2019996643066 23.0669994354248 23.3349990844727 24.6700000762939 26.3439998626709 26.6940002441406 27.0300006866455 27.0659999847412 27.6660003662109 27.9449996948242 27.3299999237061 26.8250007629395 26.2929992675781 25.8139991760254 25.5259990692139 25.0450000762939 24.4150009155273 23.746000289917 23.2469997406006 23.0900001525879 25.6879997253418 26.3939990997314 25.7770004272461 25.0279998779297 23.8470001220703 22.3460006713867
28.2959995269775 26.5270004272461 24.576000213623 24.1100006103516 23.3409996032715 23.7250003814697 24.4090003967285 24.8369998931885 24.7880001068115 24.3050003051758 22.2430000305176 21.6240005493164 21.2789993286133 20.4230003356934 19.8840007781982 19.9220008850098 20.0249996185303 20.2450008392334 20.2900009155273 20.5820007324219 23.4459991455078 22.6979999542236 24.8449993133545 26.1770000457764 26.7569999694824 26.9820003509521 27.5109996795654 27.4810009002686 28.3659992218018 28.757999420166 28.1380004882812 27.2980003356934 26.0049991607666 25.4500007629395 24.6959991455078 24.0669994354248 23.4850006103516 22.9069995880127 23.1149997711182 23.8080005645752 26.1100006103516 26.867000579834 27.1450004577637 26.0599994659424 25.1569995880127 23.6539993286133
26.5659999847412 26.261999130249 21.1389999389648 21.2789993286133 21.9020004272461 22.2490005493164 22.7789993286133 23.8239994049072 23.9610004425049 23.0100002288818 21.7970008850098 21.3859996795654 21.3579998016357 21.378999710083 21.806999206543 20.9150009155273 19.5949993133545 19.951000213623 20.9890003204346 22.2509994506836 23.0069999694824 23.4130001068115 25.2469997406006 26.3099994659424 27.3950004577637 28.4839992523193 28.8880004882812 28.7779998779297 27.9200000762939 28.2830009460449 27.7560005187988 26.7479991912842 26.0550003051758 24.988000869751 24.5919990539551 23.9160003662109 23.1219997406006 23.2210006713867 23.5289993286133 25.2689990997314 26.8610000610352 28.4179992675781 28.386999130249 26.6849994659424 25.7339992523193 24.9200000762939
24.7730007171631 25.3299999237061 24.4419994354248 22.0209999084473 21.326000213623 21.8880004882812 21.9200000762939 21.4260005950928 22.3579998016357 22.0319995880127 20.9710006713867 21.6529998779297 21.6310005187988 21.8819999694824 22.003999710083 21.9529991149902 20.5400009155273 20.0909996032715 21.6830005645752 22.923999786377 23.6609992980957 24.5020008087158 25.5400009155273 26.8910007476807 27.7980003356934 28.7259998321533 29.2329998016357 28.7199993133545 27.7000007629395 27.2590007781982 26.6560001373291 26.5990009307861 26.3999996185303 26.2590007781982 25.4790000915527 24.6770000457764 23.9869995117188 23.6490001678467 23.9220008850098 25.8700008392334 27.9400005340576 29.3239994049072 28.9640007019043 27.0520000457764 27.2490005493164 25.0610008239746
22.4899997711182 25.7199993133545 26.201000213623 24.1340007781982 20.8880004882812 21.867000579834 20.4680004119873 21.2959995269775 22.3409996032715 22.386999130249 19.3500003814697 22.7590007781982 23.1049995422363 23.6560001373291 22.6490001678467 22.9640007019043 21.7049999237061 22.0370006561279 22.4839992523193 22.6749992370605 22.9330005645752 24.5750007629395 26.0429992675781 26.6599998474121 27.1770000457764 28.1889991760254 28.6720008850098 28.1189994812012 27.0470008850098 26.2910003662109 25.7870006561279 25.996000289917 26.2870006561279 26.6730003356934 26.2350006103516 25.0400009155273 22.9080009460449 23.3950004577637 24.1299991607666 25.246000289917 26.923999786377 28.2679996490479 27.9099998474121 27.0699996948242 25.2749996185303 24.5289993286133
20.7299995422363 24.6439990997314 26.738000869751 26.3759994506836 24.798999786377 24.8099994659424 21.386999130249 22.2089996337891 23.2070007324219 23.3649997711182 23.3330001831055 24.3950004577637 24.3619995117188 24.5189990997314 24.0869998931885 23.8419990539551 21.2430000305176 21.3980007171631 21.2509994506836 21.9939994812012 22.8920001983643 24.4459991455078 25.2240009307861 25.8600006103516 26.5160007476807 26.7590007781982 27.1959991455078 25.4599990844727 26.068000793457 25.6900005340576 25.0510005950928 24.4230003356934 25.2310009002686 26.7609996795654 25.7119998931885 24.5279998779297 22.2600002288818 21.6989994049072 22.8369998931885 24.2299995422363 25.6809997558594 26.5659999847412 26.5279998779297 25.9939994812012 24.1900005340576 -3.4e+38
20.742000579834 24.3209991455078 27.6529998779297 26.9710006713867 27.1550006866455 26.4750003814697 25.8439998626709 25.5450000762939 25.7999992370605 24.8640003204346 24.7840003967285 25.1809997558594 25.2269992828369 24.7250003814697 24.5189990997314 23.4039993286133 22.0100002288818 21.0179996490479 21.2569999694824 22.3279991149902 22.9659996032715 23.2430000305176 23.8689994812012 24.8859996795654 26.1410007476807 25.9689998626709 25.2630004882812 22.1159992218018 22.8950004577637 24.8379993438721 24.5990009307861 23.5049991607666 24.2849998474121 25.4780006408691 23.8379993438721 23.4680004119873 22.6560001373291 21.7189998626709 21.0389995574951 23.1770000457764 24.6439990997314 24.9629993438721 25.5639991760254 23.2360000610352 21.9619998931885 -3.4e+38
21.9519996643066 28.4050006866455 28.2439994812012 27.6630001068115 29.2520008087158 29.0750007629395 28.2439994812012 28.7870006561279 27.4540004730225 23.6380004882812 24.8409996032715 25.3600006103516 25.8799991607666 25.5370006561279 25.0049991607666 23.7859992980957 22.6940002441406 21.7129993438721 21.3859996795654 22.2490005493164 22.9559993743896 22.9939994812012 22.9080009460449 23.6049995422363 24.8470001220703 25.2789993286133 24.4039993286133 21.6119995117188 20.9139995574951 22.7689990997314 23.7080001831055 23.1790008544922 23.1009998321533 23.0209999084473 22.2099990844727 21.8400001525879 22.431999206543 21.7310009002686 20.0060005187988 20.2849998474121 22.5909996032715 23.5599994659424 22.6359996795654 21.242000579834 -3.4e+38 -3.4e+38
25.1350002288818 28.3999996185303 29.193000793457 29.7509994506836 32.1319999694824 31.8360004425049 30.0429992675781 29.6079998016357 28.5590000152588 25.1140003204346 24.5319995880127 25.6079998016357 25.8990001678467 25.3560009002686 25.2320003509521 24.9950008392334 24.1790008544922 23.6509990692139 23.4669990539551 23.3990001678467 24.113000869751 24.003999710083 23.4209995269775 23.8540000915527 22.6569995880127 23.8349990844727 24.3209991455078 21.9939994812012 20.5450000762939 22.2719993591309 21.5049991607666 21.7749996185303 21.386999130249 21.1700000762939 20.4990005493164 20.4009990692139 20.4440002441406 20.3680000305176 18.4050006866455 18.9969997406006 18.7360000610352 18.9839992523193 20.8449993133545 -3.4e+38 -3.4e+38 -3.4e+38
27.0340003967285 28.6639995574951 29.5319995880127 31.6760005950928 32.2569999694824 32.6980018615723 31.3899993896484 28.9869995117188 27.6989994049072 25.2929992675781 24.0550003051758 24.8290004730225 24.9729995727539 24.8950004577637 25.2609996795654 25.5520000457764 25.1660003662109 24.5429992675781 24.5049991607666 24.8439998626709 25.9669990539551 25.6620006561279 24.5359992980957 24.8099994659424 24.2520008087158 24.8120002746582 22.9039993286133 22.1340007781982 21.5879993438721 20.1790008544922 18.431999206543 20.9629993438721 19.7210006713867 20.2639999389648 19.5340003967285 20.1200008392334 19.7590007781982 17.6359996795654 15.7950000762939 16.5540008544922 19.3880004882812 19.7770004272461 17.3309993743896 -3.4e+38 -3.4e+38 -3.4e+38
