02_asc_chm-r50m/BR221X.asc
NCOLS 201 
NROWS 201 
XLLCORNER 525657 
YLLCORNER 5300981 
CELLSIZE 0.5 
NODATA_value -3.4e+38 
[rows 80 to 99 of 201, columns 0 to 45 of 201]
-3.4e+38 -3.4e+38 -3.4e+38 22.6730003356934 22.1380004882812 22.2099990844727 21.7800006866455 22.6539993286133 21.9979991912842 21.7759990692139 20.9610004425049 19.9130001068115 22.1590003967285 22.4379997253418 22.943000793457 23.386999130249 22.9479999542236 20.5009994506836 22.4729995727539 22.8980007171631 22.5380001068115 21.1630001068115 19.9790000915527 15.46399974823 15.7340002059937 17.2609996795654 12.3570003509521 3.72699999809265 2.56900000572205 3.09200000762939 4.17799997329712 4.36899995803833 5.4210000038147 5.50500011444092 5.52699995040894 5.18800020217896 4.86399984359741 6.65899991989136 7.43400001525879 7.43900012969971 7.77799987792969 8.5930004119873 7.08099985122681 7.34299993515015 6.89300012588501 6.34499979019165
-3.4e+38 -3.4e+38 -3.4e+38 22.7210006713867 21.9979991912842 21.6809997558594 22.8880004882812 22.6889991760254 21.6070003509521 21.2210006713867 20.5739994049072 21.6180000305176 23.2119998931885 23.6639995574951 23.3589992523193 23.0869998931885 22.1889991760254 19.4540004730225 21.8460006713867 22.7129993438721 21.9099998474121 20.0189990997314 19.2229995727539 18.8309993743896 18.2530002593994 17.6040000915527 17.625 12.7589998245239 3.07500004768372 3.03900003433228 3.71399998664856 4.17899990081787 5.00500011444092 5.76900005340576 5.67600011825562 5.15899991989136 5.72499990463257 6.48600006103516 7.19199991226196 8.19200038909912 8.25899982452393 8.1569995880127 7.48199987411499 7.31300020217896 7.02699995040894 6.52099990844727
-3.4e+38 -3.4e+38 -3.4e+38 24.701000213623 22.4750003814697 23.7740001678467 24.5179996490479 24.1030006408691 22.4440002441406 21.6690006256104 20.0100002288818 21.6770000457764 23.6219997406006 23.7299995422363 23.1180000305176 22.878999710083 22.9479999542236 22.693000793457 22.5009994506836 22.826000213623 21.0230007171631 19.4909992218018 18.8449993133545 18.4899997711182 18.2439994812012 17.875 17.6630001068115 14.1169996261597 2.26200008392334 2.31299996376038 3.4760000705719 3.77999997138977 4.43800020217896 5.20499992370605 6.01000022888184 5.31300020217896 5.33400011062622 6.36700010299683 8.22000026702881 9.47500038146973 9.53400039672852 8.55300045013428 8.5310001373291 8.17199993133545 7.85699987411499 7.20599985122681
-3.4e+38 -3.4e+38 -3.4e+38 24.1509990692139 20.2870006561279 24.318000793457 24.5359992980957 23.6070003509521 23.0230007171631 22.5620002746582 21.3449993133545 21.048999786377 24.0499992370605 23.8719997406006 23.2110004425049 22.9179992675781 22.871000289917 23.1429996490479 22.7999992370605 22.9009990692139 21.5559997558594 18.7099990844727 18.3579998016357 18.132999420166 18.8990001678467 18.1550006866455 14.8050003051758 12.3090000152588 4.31799983978271 2.31200003623962 3 3.20099997520447 4.23999977111816 5.63600015640259 6.8289999961853 6.85099983215332 6.90500020980835 6.85799980163574 8.33100032806396 9.01500034332275 9.04399967193604 8.7790002822876 6.72100019454956 8.23700046539307 8.31900024414062 8.0310001373291
-3.4e+38 -3.4e+38 -3.4e+38 22.6480007171631 23.1599998474121 25.8290004730225 26.4309997558594 25.7779998779297 25.4810009002686 23.5359992980957 22.3490009307861 23.3269996643066 24.0300006866455 23.8279991149902 25.69700050354 25.6319999694824 26.4209995269775 26.4109992980957 26.5319995880127 24.7759990692139 24.1019992828369 18.8990001678467 20.7660007476807 21.6860008239746 21.9780006408691 22.6229991912842 22.7290000915527 19.5620002746582 15.826000213623 4.06300020217896 2.71199989318848 3.70000004768372 4.49200010299683 6.7189998626709 8.21100044250488 8.24499988555908 7.97399997711182 7.72700023651123 7.69600009918213 7.70900011062622 7.54199981689453 7.35900020599365 6.2480001449585 7.82000017166138 8.14000034332275 8.08500003814697
-3.4e+38 -3.4e+38 -3.4e+38 28.5480003356934 27.6420001983643 27.3199996948242 27.923999786377 26.5729999542236 25.3859996795654 23.6650009155273 22.9659996032715 23.923999786377 24.6079998016357 23.8859996795654 25.3500003814697 26.6119995117188 27.306999206543 28.2360000610352 28.2980003356934 25.5069999694824 23.6590003967285 21.488000869751 21.7910003662109 22.7350006103516 23.6949996948242 24.3400001525879 22.5300006866455 20.32200050354 18.1959991455078 7.59999990463257 2.86100006103516 4.12400007247925 5.50099992752075 7.65799999237061 8.61100006103516 8.94099998474121 8.82400035858154 8.23799991607666 7.80100011825562 7.70499992370605 7.07200002670288 6.27600002288818 6.32399988174438 6.63700008392334 7.81199979782104 7.77600002288818
-3.4e+38 -3.4e+38 25.0550003051758 30.5270004272461 30.5610008239746 29.5429992675781 29.173999786377 27.048999786377 26.6700000762939 24.3589992523193 23.5750007629395 25.2290000915527 25.871000289917 25.7070007324219 26.0009994506836 28.2059993743896 28.6959991455078 28.6749992370605 27.4459991455078 25.3689994812012 23.076000213623 23.1760005950928 23.5200004577637 23.32200050354 24.19700050354 24.5790004730225 20.9370002746582 19.0510005950928 15.3299999237061 5.75 4.35099983215332 5.52500009536743 6.1560001373291 7.90299987792969 8.97599983215332 9.54100036621094 9.52799987792969 8.91100025177002 7.98400020599365 7.61600017547607 7.20900011062622 6.77799987792969 6.57299995422363 6.79300022125244 7.31799983978271 7.59700012207031
-3.4e+38 -3.4e+38 28.3419990539551 31.5909996032715 31.242000579834 30.4109992980957 29.492000579834 27.8799991607666 25.4899997711182 24.5830001831055 23.9580001831055 25.6420001983643 26.3530006408691 26.2840003967285 27.0020008087158 28.5200004577637 29.3099994659424 29.681999206543 28.2390003204346 26.2339992523193 25.2880001068115 25.6830005645752 25.2830009460449 24.4200000762939 24.136999130249 22.6860008239746 21.238000869751 18.1720008850098 17.6380004882812 3.23499989509583 4.70900011062622 6.73799991607666 7.55299997329712 8.55599975585938 8.91300010681152 9.63000011444092 10.0609998703003 9.42899990081787 8.4350004196167 7.46799993515015 7.18300008773804 7.59800004959106 7.24100017547607 7.20499992370605 7.46000003814697 6.65399980545044
-3.4e+38 -3.4e+38 31.3549995422363 31.6200008392334 31.3880004882812 30.488000869751 28.2049999237061 27.7290000915527 25.4540004730225 24.2639999389648 24.0240001678467 23.9950008392334 24.2299995422363 24.8379993438721 26.9069995880127 28.9389991760254 29.9419994354248 30.4559993743896 29.8020000457764 27.8400001525879 27.1319999694824 25.8589992523193 25.2569999694824 23.9820003509521 23.2049999237061 19.6860008239746 18.9829998016357 19.1040000915527 12.3090000152588 3.90000009536743 6.16599988937378 7.18300008773804 7.15899991989136 8.9680004119873 9.83399963378906 10.4420003890991 10.4020004272461 9.77499961853027 8.66800022125244 8.07800006866455 7.73799991607666 8.05200004577637 8.06400012969971 7.5789999961853 6.95499992370605 6.0939998626709
-3.4e+38 -3.4e+38 30.4759998321533 30.6380004882812 30.1280002593994 29.4489994049072 27.6389999389648 27.8099994659424 25.8719997406006 23.673999786377 23.7430000305176 23.636999130249 23.6919994354248 24.7159996032715 27.0750007629395 28.8530006408691 29.7250003814697 30.5069999694824 30.0550003051758 28.4130001068115 27.9479999542236 25.4950008392334 24.5830001831055 24.4939994812012 24.2800006866455 21.1630001068115 17.1410007476807 16.4570007324219 6.49100017547607 6.67899990081787 4.53000020980835 6.23799991607666 8.61999988555908 9.45600032806396 10.2360000610352 10.7779998779297 10.3769998550415 10.293999671936 9.07100009918213 8.4370002746582 8.25500011444092 8.06900024414062 7.875 7.22700023651123 6.68300008773804 6.2480001449585
-3.4e+38 -3.4e+38 28.7240009307861 28.8050003051758 29.0769996643066 28.4039993286133 28.1110000610352 27.0319995880127 25.3929996490479 23.4680004119873 23.07200050354 22.7329998016357 22.1079998016357 23.7889995574951 26.2980003356934 27.4419994354248 28.0279998779297 29.2770004272461 29.5480003356934 28.5510005950928 27.7709999084473 25.7199993133545 25.2649993896484 25.5559997558594 25.7110004425049 23.7870006561279 16.6030006408691 15.5769996643066 12.5200004577637 12.378999710083 8.40900039672852 6.29400014877319 8.59899997711182 9.49199962615967 10.3369998931885 10.8559999465942 10.3219995498657 10.6479997634888 10.375 8.93000030517578 8.625 8.05900001525879 7.15199995040894 6.47399997711182 6.06099987030029 5.7480001449585
-3.4e+38 -3.4e+38 27.5109996795654 27.8409996032715 27.3460006713867 27.1030006408691 26.9270000457764 24.1870002746582 23.1259994506836 22.0779991149902 21.5930004119873 20.3120002746582 19.4440002441406 20.5580005645752 24.1380004882812 25.753999710083 26.3400001525879 27.931999206543 27.8880004882812 26.4039993286133 26.003999710083 24.9839992523193 25.4389991760254 25.4650001525879 25.7849998474121 25.8840007781982 20.4820003509521 13.6669998168945 14.8020000457764 15.0649995803833 13.46399974823 7.81300020217896 8.32100009918213 9.4040002822876 10.5430002212524 11.9069995880127 12.1190004348755 11.4940004348755 11.2170000076294 11.6129999160767 10.6700000762939 8.32199954986572 6.75699996948242 6.06899976730347 5.70300006866455 4.84000015258789
-3.4e+38 -3.4e+38 28.4249992370605 27.0090007781982 25.6030006408691 25.2299995422363 25.4169998168945 23.42799949646 23.2299995422363 19.6200008392334 19.3269996643066 18.7180004119873 18.6790008544922 22.2759990692139 23.9050006866455 25.8129997253418 25.6879997253418 26.3600006103516 25.5209999084473 22.8269996643066 23.0179996490479 24.6319999694824 24.5620002746582 24.886999130249 23.9039993286133 23.6509990692139 21.5629997253418 14.3479995727539 14.1180000305176 10.2329998016357 7.59899997711182 6.08099985122681 8.44900035858154 10.5069999694824 11.2390003204346 12.8500003814697 12.8579998016357 12.1979999542236 12.0170001983643 11.8649997711182 11.3599996566772 9.24300003051758 8.11499977111816 6.07100009918213 5.43900012969971 4.23600006103516
-3.4e+38 28.9699993133545 29.1639995574951 27.6359996795654 25.4909992218018 25.4799995422363 25.0069999694824 22.5909996032715 21.1989994049072 18.0739994049072 18.3360004425049 15.9770002365112 16.871000289917 21.3199996948242 24.7520008087158 25.6900005340576 24.7399997711182 23.8819999694824 23.0639991760254 22.0300006866455 22.5279998779297 23.3680000305176 24.4769992828369 24.6639995574951 19.6709995269775 20.2099990844727 18.4160003662109 17.3819999694824 12.0989999771118 6.43900012969971 5.61800003051758 6.26700019836426 8.77099990844727 11.4350004196167 12.3629999160767 13.2819995880127 13.6359996795654 13.3100004196167 12.3599996566772 12.0640001296997 11.7589998245239 8.8439998626709 7.61999988555908 6.13899993896484 4.80200004577637 4.2020001411438
-3.4e+38 29.2849998474121 29.1410007476807 29.7269992828369 27.193000793457 25.9950008392334 24.6590003967285 21.8799991607666 20.2999992370605 15.6479997634888 16.0970001220703 13.0970001220703 13.8120002746582 19.1560001373291 23.2830009460449 23.6340007781982 22.9659996032715 22.3010005950928 22.8479995727539 22.6459999084473 21.4780006408691 21.3320007324219 24.0240001678467 22.0830001831055 18.9899997711182 17.8910007476807 18.011999130249 16.1259994506836 11.8999996185303 7.89400005340576 7.96700000762939 9.54300022125244 10.1879997253418 12.0100002288818 13.3450002670288 14.2659997940063 14.5059995651245 14.3020000457764 12.5369997024536 12.3339996337891 11.3640003204346 8.55399990081787 7.72499990463257 6.11499977111816 4.97300004959106 5.84299993515015
-3.4e+38 29.7670001983643 29.4559993743896 29.9379997253418 27.5979995727539 26.5450000762939 25.5209999084473 23.6420001983643 18.2670001983643 15.2530002593994 14.1599998474121 13.1379995346069 14.2299995422363 16.1149997711182 21.3759994506836 21.5139999389648 20.75 21.1830005645752 22.2520008087158 22.6609992980957 22.3169994354248 23.1749992370605 23.5860004425049 23.2210006713867 21.7959995269775 20.6030006408691 18.4820003509521 15.9840002059937 12.6569995880127 7.64799976348877 8.45499992370605 9.56900024414062 11.331000328064 11.7600002288818 12.5539999008179 13.8439998626709 14.168999671936 14.1090002059937 12.5349998474121 12.5699996948242 11.1890001296997 9.23499965667725 8.42099952697754 7.42000007629395 5.91200017929077 6.82000017166138
-3.4e+38 30.9160003662109 31.0270004272461 29.7339992523193 27.4659996032715 26.6580009460449 26.4489994049072 22.943000793457 18.9370002746582 15.7910003662109 15.3839998245239 13.1059999465942 13.576000213623 11.1079998016357 20.1790008544922 20.5820007324219 20.507999420166 21.8549995422363 22.3619995117188 23.4349994659424 22.992000579834 23.636999130249 23.5690002441406 23.07200050354 23.2779998779297 23.3419990539551 19.1989994049072 16.7290000915527 14.871000289917 9.73400020599365 7.03399991989136 7.82999992370605 11.0530004501343 10.2390003204346 12.0710000991821 13.2679996490479 13.664999961853 13.4630002975464 12.6700000762939 11.2569999694824 8.03499984741211 8.22700023651123 7.73000001907349 6.68599987030029 6.74499988555908 7.74100017547607
-3.4e+38 31.6790008544922 30.9589996337891 30.2709999084473 28.7029991149902 27.306999206543 26.9580001831055 20.8729991912842 20.5890007019043 18.7399997711182 15.7609996795654 14.1129999160767 13.3400001525879 15.7440004348755 19.0389995574951 19.636999130249 21.0869998931885 22.1889991760254 23.8460006713867 24.5370006561279 24.5830001831055 24.4029998779297 23.8579998016357 23.2509994506836 21.8500003814697 21.2169990539551 20.1070003509521 18.761999130249 17.5179996490479 10.2019996643066 7.5310001373291 7.75699996948242 9.14900016784668 9.79599952697754 11.4750003814697 11.7729997634888 12.5819997787476 12.5419998168945 11.1280002593994 9.63199996948242 7.59499979019165 7.70800018310547 7.70300006866455 5.97300004959106 7.1729998588562 8.02499961853027
-3.4e+38 32.0769996643066 30.2169990539551 29.8059997558594 28.7560005187988 27.6019992828369 26.1110000610352 24.5410003662109 22.8990001678467 21.6580009460449 15.4040002822876 14.753999710083 14.043999671936 13.5100002288818 15.6949996948242 19.5849990844727 22.193000793457 23.2530002593994 24.6900005340576 25.5349998474121 25.6529998779297 24.818000793457 24.9060001373291 23.923999786377 21.5189990997314 20.6420001983643 21.0750007629395 21.2290000915527 16.7439994812012 10.9079999923706 7.01399993896484 7.34899997711182 7.76200008392334 8.33500003814697 9.83199977874756 10.2189998626709 11.2419996261597 11.0880002975464 9.41399955749512 9.26099967956543 8.08500003814697 7.85599994659424 6.92000007629395 4.95100021362305 6.33300018310547 7.8270001411438
-3.4e+38 32.0989990234375 30.6310005187988 29.2129993438721 28.6299991607666 27.6459999084473 26.4790000915527 24.3490009307861 22.9689998626709 18.9899997711182 15.5869998931885 14.6090002059937 14.3109998703003 13.2889995574951 13.3339996337891 16.6529998779297 20.875 22.9220008850098 24.8729991912842 25.9810009002686 25.8560009002686 25.5109996795654 25.6030006408691 24.32200050354 21.4190006256104 20.1989994049072 20.6469993591309 17.1159992218018 11.3229999542236 9.42300033569336 8.43900012969971 8.05599975585938 7.78700017929077 8.01099967956543 9.44200038909912 9.87199974060059 8.83699989318848 9.66100025177002 9.29100036621094 8.80500030517578 8.08199977874756 7.40299987792969 5.78000020980835 5.26300001144409 6.33599996566772 7.64200019836426
