02_asc_chm-r50m/BR221H.asc
NCOLS 200 
NROWS 200 
XLLCORNER 547729 
YLLCORNER 5283275.5 
CELLSIZE 0.5 
NODATA_value -3.4e+38 
[rows 0 to 19 of 200, columns 92 to 137 of 200]
-3.4e+38 -3.4e+38 28.5860004425049 32.9140014648438 34.3919982910156 37.4560012817383 39.3170013427734 40.6459999084473 40.7589988708496 40.3450012207031 39.6220016479492 38.4780006408691 36.701000213623 34.939998626709 33.0330009460449 -3.4e+38 -3.4e+38 -3.4e+38 -3.4e+38 -3.4e+38 -3.4e+38 -3.4e+38 -3.4e+38 -3.4e+38 -3.4e+38 -3.4e+38 -3.4e+38 -3.4e+38 -3.4e+38 -3.4e+38 -3.4e+38 -3.4e+38 -3.4e+38 -3.4e+38 -3.4e+38 -3.4e+38 -3.4e+38 -3.4e+38 -3.4e+38 -3.4e+38 -3.4e+38 -3.4e+38 -3.4e+38 -3.4e+38 -3.4e+38 -3.4e+38
22.556999206543 22.492000579834 24.9050006866455 29.5930004119873 33.898998260498 36.5299987792969 38.226001739502 39.9269981384277 40.4189987182617 40.3680000305176 39.1220016479492 37.9459991455078 36.6450004577637 33.4269981384277 30.1469993591309 29.4659996032715 29.7070007324219 29.7369995117188 29.0890007019043 27.8999996185303 26.4209995269775 27.2199993133545 -3.4e+38 -3.4e+38 -3.4e+38 -3.4e+38 -3.4e+38 -3.4e+38 -3.4e+38 -3.4e+38 -3.4e+38 -3.4e+38 -3.4e+38 -3.4e+38 -3.4e+38 -3.4e+38 -3.4e+38 -3.4e+38 -3.4e+38 -3.4e+38 -3.4e+38 -3.4e+38 -3.4e+38 -3.4e+38 -3.4e+38 -3.4e+38
14.0710000991821 14.6370000839233 22.5669994354248 25.8159999847412 31.496000289917 35.1180000305176 36.9720001220703 38.5229988098145 39.4249992370605 39.3160018920898 38.5019989013672 37.2980003356934 36.1220016479492 32.9729995727539 28.806999206543 30.3810005187988 30.6049995422363 31.8579998016357 30.1529998779297 29.431999206543 28.7639999389648 27.3990001678467 27.8840007781982 19.5909996032715 23.0779991149902 22.1870002746582 27.3439998626709 28.9349994659424 -3.4e+38 -3.4e+38 -3.4e+38 -3.4e+38 -3.4e+38 -3.4e+38 -3.4e+38 -3.4e+38 -3.4e+38 -3.4e+38 -3.4e+38 -3.4e+38 -3.4e+38 -3.4e+38 -3.4e+38 -3.4e+38 -3.4e+38 -3.4e+38
11.1940002441406 9.97900009155273 18.9939994812012 26.9839992523193 29.4689998626709 33.4770011901855 35.1969985961914 37.6759986877441 38.1640014648438 38.6889991760254 37.6069984436035 36.3110008239746 35.7019996643066 33.1839981079102 31.1389999389648 31.8419990539551 32.9179992675781 33.7929992675781 32.0029983520508 30.9099998474121 29.3889999389648 29.0739994049072 28.6219997406006 15.0410003662109 7.98899984359741 21.2770004272461 27.8939990997314 29.7269992828369 29.94700050354 31.1569995880127 32.9819984436035 34.5800018310547 35.4669990539551 35.6339988708496 -3.4e+38 -3.4e+38 -3.4e+38 -3.4e+38 -3.4e+38 -3.4e+38 -3.4e+38 -3.4e+38 -3.4e+38 -3.4e+38 -3.4e+38 -3.4e+38
6.79099988937378 6.47499990463257 14.9169998168945 22.9309997558594 26.6359996795654 28.8010005950928 32.8129997253418 34.757999420166 35.9129981994629 35.6790008544922 34.6040000915527 34.6860008239746 30.9689998626709 30.6159992218018 31.3460006713867 33.1389999389648 34.4539985656738 34.734001159668 33.5040016174316 32.3930015563965 30.6590003967285 28.8719997406006 27.8589992523193 10.6999998092651 2.30299997329712 21.6830005645752 28.9120006561279 29.3449993133545 29.5060005187988 31.5419998168945 34.4580001831055 36.0019989013672 36.5779991149902 36.4580001831055 36.189998626709 36.0639991760254 35.3969993591309 33.8569984436035 32.189998626709 -3.4e+38 -3.4e+38 -3.4e+38 -3.4e+38 -3.4e+38 -3.4e+38 -3.4e+38
3.55699992179871 7.34499979019165 13.5089998245239 22.1609992980957 24.7959995269775 27.5739994049072 29.8649997711182 27.2250003814697 30.9599990844727 33.6180000305176 32.0060005187988 33.4449996948242 31.6229991912842 30.6989994049072 31.9939994812012 33.5960006713867 34.9080009460449 35.310001373291 34.0559997558594 33.0169982910156 31.1669998168945 29.1089992523193 27.2900009155273 19.9559993743896 5.69299983978271 20.9260005950928 28.4419994354248 28.8759994506836 29.0440006256104 31.2549991607666 33.7179985046387 35.2200012207031 36.6599998474121 36.5069999694824 35.9729995727539 35.6990013122559 33.9659996032715 32.9659996032715 31.9540004730225 31.7290000915527 28.6639995574951 -3.4e+38 -3.4e+38 -3.4e+38 -3.4e+38 -3.4e+38
3.60599994659424 3.01300001144409 10.0719995498657 14.1219997406006 15.3199996948242 21.1979999542236 16.8120002746582 19.6690006256104 23.375 29.0139999389648 25.8490009307861 29.9050006866455 30.3990001678467 28.7070007324219 31.5179996490479 33.2669982910156 34.0589981079102 34.4360008239746 33.0699996948242 32.2239990234375 31.3999996185303 29.1340007781982 27.1140003204346 21.7250003814697 23.8759994506836 30.0890007019043 29.0069999694824 28.7520008087158 28.7250003814697 31.94700050354 33.5379981994629 34.6399993896484 35.9560012817383 35.5810012817383 35.1920013427734 34.5050010681152 33.2350006103516 32.5870018005371 31.6599998474121 30.7910003662109 27.753999710083 30.07200050354 31.1389999389648 -3.4e+38 -3.4e+38 -3.4e+38
3.41400003433228 2.53800010681152 2.34100008010864 2.2739999294281 5.38000011444092 12.25 19.0869998931885 21.0650005340576 21.3540000915527 21.992000579834 19.8139991760254 23.3110008239746 26.1720008850098 27.8090000152588 30.2560005187988 32.0200004577637 32.7509994506836 32.6049995422363 31.1259994506836 31.0270004272461 31.2110004425049 29.3910007476807 27.57200050354 28.992000579834 31.3600006103516 31.1270008087158 30.67799949646 30.0240001678467 29.1849994659424 31.5179996490479 32.6230010986328 33.6570014953613 34.5779991149902 34.6189994812012 34.2229995727539 33.6389999389648 32.3650016784668 31.367000579834 30.75 30.738000869751 29.496000289917 30.1529998779297 33.3839988708496 34.9669990539551 36.3790016174316 -3.4e+38
2.45199990272522 2.29099988937378 2.21099996566772 2.14100003242493 2.27900004386902 4.15399980545044 15.9169998168945 14.3319997787476 15.1479997634888 6.79500007629395 7.43499994277954 9.84099960327148 19.4899997711182 27.6429996490479 28.9769992828369 29.8819999694824 30.6919994354248 30.3549995422363 30.5240001678467 30.6590003967285 30.1860008239746 29.6450004577637 27.8929996490479 28.7929992675781 31.8880004882812 31.4979991912842 31.0090007781982 31.0559997558594 30.742000579834 31.5100002288818 32.5009994506836 32.4000015258789 32.056999206543 32.5349998474121 32.8899993896484 32.2649993896484 31.5 30.7889995574951 30.7830009460449 30.8680000305176 30.6049995422363 30.2740001678467 34.2459983825684 35.8919982910156 36.0989990234375 37.9879989624023
2.43400001525879 2.45799994468689 2.12100005149841 2.23300004005432 2.30699992179871 2.59200000762939 5.22499990463257 2.12599992752075 2.14599990844727 1.72599995136261 5.24599981307983 10.6840000152588 19.3729991912842 26.2639999389648 27.5970001220703 28.6359996795654 28.5109996795654 29.9340000152588 30.4699993133545 29.69700050354 28.8129997253418 28.8090000152588 29.7569999694824 31.9799995422363 33.5349998474121 32.9440002441406 32.0209999084473 32.0499992370605 32.1879997253418 32.1959991455078 32.943000793457 31.8470001220703 30.5380001068115 30.6790008544922 31.2110004425049 31.4890003204346 30.9650001525879 30.9379997253418 31.6700000762939 31.8349990844727 31.5270004272461 30.9500007629395 33.7319984436035 35.4669990539551 36.2029991149902 36.318000793457
2.5220000743866 2.63199996948242 2.46199989318848 2.61500000953674 2.73499989509583 2.6800000667572 2.42700004577637 1.93299996852875 1.81500005722046 1.22699999809265 4.13100004196167 12.1140003204346 20.0979995727539 25.2129993438721 26.7040004730225 26.4610004425049 26.9349994659424 27.1569995880127 29.6469993591309 28.4260005950928 28.3850002288818 28.886999130249 29.8430004119873 32.859001159668 34.431999206543 33.8740005493164 33.4269981384277 33.3359985351562 32.6860008239746 33.5960006713867 34.5779991149902 33.8199996948242 31.1259994506836 30.1469993591309 29.9409999847412 30.2269992828369 30.2639999389648 30.3950004577637 31.8610000610352 32.492000579834 32.4599990844727 33.0880012512207 34.6619987487793 35.7200012207031 36.101001739502 36.5740013122559
2.96700000762939 3.05200004577637 2.99000000953674 2.75699996948242 2.68300008773804 2.50999999046326 2.20799994468689 1.86800003051758 1.65499997138977 1.38900005817413 3.59100008010864 11.1490001678467 18.5380001068115 19.9370002746582 23.4150009155273 23.2390003204346 26.318000793457 27.0650005340576 27.6989994049072 27.8509998321533 27.8589992523193 29.3449993133545 30.503999710083 33.6220016479492 34.4249992370605 34.2770004272461 33.8499984741211 35.9609985351562 36.1599998474121 36.1860008239746 36.6259994506836 35.4990005493164 32.6969985961914 30.4009990692139 29.4519996643066 29.5440006256104 29.1389999389648 29.7290000915527 32.5950012207031 35.5909996032715 36.3429985046387 37.2869987487793 37.2599983215332 37.1290016174316 36.6809997558594 36.1279983520508
6.66300010681152 8.14000034332275 5.97499990463257 2.67899990081787 2.27699995040894 1.58700001239777 1.57200002670288 1.50499999523163 1.55799996852875 1.41400003433228 3.28900003433228 8.06700038909912 8.38000011444092 8.69299983978271 14.5970001220703 22.80299949646 25.9459991455078 28.0790004730225 28.5459995269775 28.7980003356934 29.1280002593994 30.0219993591309 32.1870002746582 34.4480018615723 34.8429985046387 34.4560012817383 34.6160011291504 36.8569984436035 37.4290008544922 37.6599998474121 37.7330017089844 37.0629997253418 33.6910018920898 31.2029991149902 30.3500003814697 29.076000213623 28.7029991149902 29.9290008544922 33.8460006713867 36.7089996337891 37.9449996948242 38.1189994812012 38.2239990234375 37.9029998779297 37.2830009460449 36.1440010070801
17.5550003051758 19.5440006256104 16.8460006713867 5.50099992752075 2.59100008010864 1.51199996471405 1.25100004673004 1.40299999713898 1.30400002002716 1.14900004863739 0.842999994754791 2.94300007820129 4.70699977874756 6.46999979019165 10.4879999160767 18.6979999542236 25.9820003509521 27.7859992980957 29.5550003051758 29.9500007629395 30.242000579834 30.9069995880127 33.3160018920898 35.0950012207031 35.0190010070801 35.3769989013672 36.8250007629395 37.5099983215332 37.7120018005371 37.8030014038086 37.814998626709 37.7820014953613 34.5839996337891 31.201000213623 30.2940006256104 29.3470001220703 29.931999206543 33.5890007019043 35.3440017700195 36.7290000915527 38.1679992675781 39.1769981384277 39.5060005187988 39.1769981384277 38.818000793457 37.2779998779297
23.5499992370605 23.6760005950928 19.5139999389648 9.08300018310547 1.81700003147125 1.24699997901917 0.848999977111816 0.816999971866608 5.45699977874756 6.88600015640259 0.847000002861023 1.98800003528595 4.26599979400635 6.54400014877319 11.4870004653931 21.6580009460449 25.9489994049072 27.6590003967285 27.7169990539551 29.8910007476807 31.2390003204346 32.1230010986328 33.8230018615723 36 37.8339996337891 37.6240005493164 39.2509994506836 40.5130004882812 39.6990013122559 38.0029983520508 37.7779998779297 36.8009986877441 33.9749984741211 31.7070007324219 30.0559997558594 29.7119998931885 31.8120002746582 34.5670013427734 36.25 37.5200004577637 38.9799995422363 40.4650001525879 40.7410011291504 39.5349998474121 38.7669982910156 37.693000793457
25.3120002746582 25.9200000762939 25.7110004425049 22.0470008850098 3.85800004005432 0.510999977588654 0.437000006437302 10.293999671936 17.3770008087158 20.1049995422363 5.90000009536743 0.855000019073486 3.95499992370605 8.23299980163574 14.9370002746582 22.9029998779297 29.1770000457764 30.4440002441406 28.3449993133545 31.298999786377 32.9690017700195 32.7789993286133 35.6310005187988 38.0740013122559 40.1500015258789 40.1769981384277 41.0320014953613 41.3359985351562 40.8549995422363 39.3470001220703 39.125 38.3380012512207 35.9580001831055 34.015998840332 31.7749996185303 30.2439994812012 31.9890003204346 34.1759986877441 36.6679992675781 38.1180000305176 39.1240005493164 40.1399993896484 40.1030006408691 39.2789993286133 38.8479995727539 37.8779983520508
26.7950000762939 25.7189998626709 25.3139991760254 13.6120004653931 4.59299993515015 1.03600001335144 0.469999998807907 20.5380001068115 28.386999130249 27.068000793457 28.0949993133545 19.0830001831055 11.1999998092651 10.2589998245239 17.4529991149902 24.6480007171631 27.7180004119873 28.8850002288818 32.8969993591309 32.7369995117188 34.8110008239746 36.0639991760254 39.375 41.4080009460449 41.3310012817383 41.4410018920898 41.4910011291504 41.5029983520508 40.4449996948242 39.6710014343262 39.9029998779297 39.515998840332 37.2280006408691 36.4339981079102 32.6380004882812 31.1319999694824 30.9500007629395 33.898998260498 36.689998626709 37.9700012207031 38.451000213623 38.9049987792969 39.3569984436035 38.9959983825684 38.3019981384277 37.4389991760254
27.6259994506836 25.42799949646 24.3530006408691 14.1309995651245 19.0170001983643 25.2840003967285 20.8129997253418 30.5189990997314 32.0989990234375 31.3920001983643 32.0169982910156 28.9720001220703 27.3540000915527 21.7329998016357 21.5149993896484 22.2999992370605 18.8980007171631 27.4529991149902 32.5289993286133 34.2999992370605 36.5 38.1699981689453 40.3549995422363 41.4109992980957 42.6520004272461 42.7470016479492 41.8190002441406 41.5149993896484 40.4500007629395 39.632999420166 39.5859985351562 36.4669990539551 35.1459999084473 33.7760009765625 32.4029998779297 31.1700000762939 31 32.4420013427734 35.9020004272461 37.2480010986328 37.8810005187988 38.1199989318848 38.3959999084473 38.5260009765625 36.8569984436035 36.2029991149902
27.0230007171631 25.9069995880127 25.3400001525879 25.613000869751 27.4290008544922 27.4020004272461 31.82200050354 34.1940002441406 34.1980018615723 33.9449996948242 33.6749992370605 30.1730003356934 30.42799949646 28.7530002593994 28.3229999542236 25.4360008239746 26.882999420166 33.2280006408691 35.0919990539551 36.5069999694824 37.5660018920898 38.9790000915527 40.0099983215332 41.148998260498 43.0950012207031 42.8969993591309 42.0629997253418 41.556999206543 40.6959991455078 39.6839981079102 39.7130012512207 37.9259986877441 33.435001373291 33.4550018310547 32.6430015563965 31.6529998779297 31.3099994659424 31.1380004882812 31.9909992218018 34.2680015563965 35.0690002441406 36.5029983520508 37.1969985961914 37.7109985351562 36.0919990539551 35.4140014648438
25.5279998779297 25.386999130249 25.6119995117188 25.8490009307861 29.6809997558594 31.9669990539551 35.2910003662109 36.1150016784668 36.0289993286133 35.8779983520508 35.7080001831055 33.3409996032715 32.7809982299805 31.9589996337891 30.2800006866455 29.0590000152588 29.1310005187988 33.306999206543 34.3089981079102 36.685001373291 37.9799995422363 39.1889991760254 40.6339988708496 41.5419998168945 42.625 42.7350006103516 42.2680015563965 41.8540000915527 41.6910018920898 40.859001159668 40.3600006103516 38.4129981994629 33.6539993286133 32.9309997558594 32.9469985961914 31.8589992523193 31.5540008544922 30.3549995422363 26.4060001373291 28.2049999237061 29.9330005645752 33.0289993286133 34.6080017089844 35.0209999084473 32.5639991760254 30.1219997406006
