02_asc_chm-r50m/BR221E.asc
NCOLS 200 
NROWS 199 
XLLCORNER 530302.5 
YLLCORNER 5291126.5 
CELLSIZE 0.5 
NODATA_value -3.4e+38 
[rows 60 to 79 of 199, columns 0 to 45 of 200]
-3.4e+38 -3.4e+38 -3.4e+38 -3.4e+38 -3.4e+38 -3.4e+38 -3.4e+38 -3.4e+38 -3.4e+38 4.48600006103516 4.39200019836426 1.98800003528595 2.14599990844727 1.85399997234344 1.4559999704361 1.37399995326996 1.59500002861023 1.52300000190735 1.51600003242493 3.6470000743866 6.40799999237061 3.48399996757507 3.76600003242493 3.64199995994568 3.03299999237061 2.62199997901917 2.27099990844727 2.71099996566772 4.38899993896484 4.65100002288818 4.17600011825562 6.38100004196167 7.01000022888184 7.19000005722046 6.90000009536743 6.52199983596802 6.16599988937378 18.431999206543 30.2789993286133 31.94700050354 32.451000213623 32.9109992980957 33.3349990844727 33.0779991149902 32.1479988098145 30.8449993133545
-3.4e+38 -3.4e+38 -3.4e+38 -3.4e+38 -3.4e+38 -3.4e+38 -3.4e+38 -3.4e+38 -3.4e+38 6.7519998550415 2.75300002098083 2.78999996185303 2.38499999046326 1.74300003051758 1.40400004386902 1.30200004577637 6.58799982070923 4.90700006484985 17.5300006866455 20.4340000152588 16.1380004882812 6.26800012588501 6.61499977111816 2.91300010681152 2.54699993133545 2.43400001525879 2.7739999294281 3.00300002098083 4.76200008392334 5.31500005722046 5.40999984741211 6.05200004577637 6.625 6.72700023651123 6.40500020980835 6.71999979019165 17.1809997558594 28.0739994049072 30.4650001525879 32.2820014953613 32.2200012207031 33.1389999389648 33.435001373291 33.2249984741211 32.6650009155273 31.7390003204346
-3.4e+38 -3.4e+38 -3.4e+38 -3.4e+38 -3.4e+38 -3.4e+38 -3.4e+38 -3.4e+38 6.99399995803833 7.16699981689453 6.14300012588501 3.15799999237061 2.82599997520447 5.19299983978271 6.57000017166138 0.913999974727631 21.5109996795654 24.2229995727539 27.3850002288818 22.94700050354 22.8530006408691 14.4390001296997 15.8719997406006 5.02799987792969 2.04200005531311 1.86000001430511 0.958999991416931 3.54399991035461 4.64900016784668 5.23299980163574 5.30100011825562 5.67500019073486 6.10500001907349 6.30600023269653 6.26700019836426 6.7519998550415 17.7549991607666 29.3850002288818 31.7390003204346 32.7939987182617 33.2070007324219 34.3120002746582 34.5719985961914 33.5410003662109 33.0019989013672 31.3579998016357
-3.4e+38 -3.4e+38 -3.4e+38 -3.4e+38 -3.4e+38 -3.4e+38 -3.4e+38 -3.4e+38 6.89599990844727 7.09700012207031 6.05900001525879 2.84699988365173 4.57999992370605 9.57600021362305 11.1269998550415 5.04500007629395 29.7430000305176 29.6800003051758 28.1809997558594 24.0869998931885 23.8040008544922 23.9200000762939 20.2089996337891 1.60899996757507 1.33800005912781 1.02999997138977 3.17600011825562 4.33599996566772 4.66800022125244 5.06799983978271 5.12599992752075 5.16400003433228 5.91800022125244 6.28900003433228 6.5 6.69600009918213 10.5129995346069 30.7639999389648 31.1040000915527 32.359001159668 33.3160018920898 34.3230018615723 34.3059997558594 33.5519981384277 32.3429985046387 31.0960006713867
-3.4e+38 -3.4e+38 -3.4e+38 -3.4e+38 -3.4e+38 -3.4e+38 -3.4e+38 14.9899997711182 10.0410003662109 14.8640003204346 9.88500022888184 3.96399998664856 8.97200012207031 15.6599998474121 16.363000869751 26.4099998474121 29.548999786377 29.3889999389648 27.7970008850098 24.867000579834 24.4519996643066 24.3129997253418 15.0129995346069 0.941999971866608 1.83399999141693 4.46099996566772 3.82699990272522 4.81300020217896 5.46199989318848 5.14099979400635 5.1729998588562 5.25500011444092 5.77400016784668 6.36999988555908 6.43599987030029 6.19199991226196 21.3729991912842 29.6350002288818 31.7950000762939 32.4799995422363 32.9539985656738 33.2439994812012 33.2509994506836 33.0130004882812 32.5089988708496 31.7000007629395
-3.4e+38 -3.4e+38 -3.4e+38 -3.4e+38 -3.4e+38 -3.4e+38 -3.4e+38 18.3020000457764 18.7329998016357 21.7959995269775 18.7360000610352 6.89200019836426 5.45900011062622 11.3690004348755 18.75 27.2530002593994 29.6219997406006 29.2609996795654 28.0699996948242 27.375 25.2749996185303 23.9120006561279 12.0860004425049 6.60900020599365 7.99900007247925 4.36999988555908 3.91899991035461 4.85200023651123 5.68699979782104 5.64900016784668 5.3600001335144 6.33699989318848 6.32499980926514 6.64200019836426 6.39699983596802 9.89599990844727 25.2320003509521 30.8299999237061 31.7180004119873 32.3660011291504 32.6450004577637 32.7569999694824 32.609001159668 32.2449989318848 31.8910007476807 31.5930004119873
-3.4e+38 -3.4e+38 -3.4e+38 -3.4e+38 -3.4e+38 -3.4e+38 18.0590000152588 24.8169994354248 24.9500007629395 23.6840000152588 18.6469993591309 17.2169990539551 7.35500001907349 12.8149995803833 23.7730007171631 30.4139995574951 31.4990005493164 30.9829998016357 30.1070003509521 30.0699996948242 30.0550003051758 28.1560001373291 21.8449993133545 13.414999961853 7.50899982452393 1.98099994659424 3.73300004005432 5.59200000762939 6.08799982070923 7.17500019073486 7.90799999237061 8.39700031280518 7.77099990844727 7.32100009918213 5.4539999961853 11.5249996185303 23.1909999847412 27.4389991760254 29.0389995574951 31.3229999542236 32.0550003051758 32.1129989624023 32.0449981689453 31.7980003356934 31.5470008850098 30.7819995880127
-3.4e+38 -3.4e+38 -3.4e+38 -3.4e+38 -3.4e+38 -3.4e+38 19.9419994354248 27.0799999237061 27.0380001068115 25.0839996337891 20.363000869751 15.0900001525879 10.4209995269775 13.6029996871948 25.3959999084473 30.6560001373291 31.4589996337891 32.1030006408691 31.7770004272461 31.5830001831055 31.8980007171631 27.5330009460449 27.746000289917 21.8299999237061 11.3990001678467 2.82100009918213 3.73399996757507 7.92500019073486 6.4210000038147 8.73400020599365 9.04500007629395 9.00500011444092 8.61600017547607 7.63600015640259 4.9980001449585 11.0900001525879 18.2530002593994 21.681999206543 25.2169990539551 28.0060005187988 30.4309997558594 30.6979999542236 31.6770000457764 31.4209995269775 30.0189990997314 28.371000289917
-3.4e+38 -3.4e+38 -3.4e+38 -3.4e+38 -3.4e+38 18.1580009460449 27.1450004577637 26.8369998931885 26.8339996337891 23.1219997406006 17.8880004882812 10.5500001907349 8.50500011444092 21.003999710083 30.2549991607666 31.9589996337891 32.7000007629395 33.0120010375977 32.8660011291504 32.7459983825684 31.3169994354248 28.8899993896484 28.681999206543 20.8190002441406 18.9699993133545 0.822000026702881 5.77799987792969 8.75500011444092 8.64900016784668 8.67099952697754 8.80399990081787 8.88599967956543 8.78299999237061 8.55799961090088 6.70699977874756 16.7409992218018 19.8560009002686 18.5750007629395 22.8659992218018 26.3490009307861 27.6949996948242 28.6509990692139 30.1569995880127 30.1730003356934 27.5410003662109 26.6630001068115
-3.4e+38 -3.4e+38 -3.4e+38 -3.4e+38 -3.4e+38 21.5580005645752 29.5799999237061 27.9640007019043 25.6009998321533 22.3360004425049 17.2000007629395 12.1280002593994 16.1949996948242 28.0919990539551 30.2439994812012 33.0540008544922 33.2379989624023 33.3300018310547 33.1139984130859 32.2970008850098 30.5949993133545 28.7269992828369 27.5230007171631 24.6089992523193 18.4890003204346 7.31799983978271 6.1100001335144 8.71100044250488 8.6899995803833 8.55700016021729 8.94600009918213 8.875 8.11699962615967 7.23799991607666 11.7589998245239 20.9169998168945 22.2290000915527 22.9640007019043 25.7649993896484 26.8540000915527 26.9090003967285 27.9190006256104 28.7329998016357 28.0809993743896 25.7129993438721 24.3460006713867
-3.4e+38 -3.4e+38 -3.4e+38 -3.4e+38 -3.4e+38 30.886999130249 30.5510005950928 27.3509998321533 22.80299949646 19.3649997711182 15.5100002288818 10.121000289917 19.9440002441406 27.1679992675781 30.3369998931885 32.3219985961914 32.4949989318848 32.7729988098145 32.6570014953613 31.6580009460449 29.9190006256104 28.4489994049072 24.6520004272461 23.7639999389648 19.3780002593994 12.0019998550415 9.03499984741211 8.61800003051758 8.14799976348877 8.20499992370605 8.63599967956543 10.5539999008179 6.87599992752075 10.0790004730225 17.2740001678467 22.1450004577637 22.1749992370605 24.0669994354248 26.1310005187988 26.5769996643066 27.6229991912842 28.4209995269775 28.9750003814697 28.2849998474121 25.4729995727539 24.1499996185303
-3.4e+38 -3.4e+38 -3.4e+38 -3.4e+38 28.2310009002686 31.3680000305176 30.5160007476807 28.5699996948242 23.0060005187988 14.9090003967285 11.4790000915527 12.3970003128052 23.2099990844727 29.1219997406006 30.6860008239746 31.0540008544922 31.5049991607666 31.5949993133545 31.7919998168945 30.5349998474121 30.1319999694824 26.1490001678467 24.4409999847412 23.7290000915527 20.3619995117188 13.9230003356934 8.23900032043457 8.32299995422363 7.95599985122681 7.78200006484985 10.5159997940063 18.5629997253418 7.24100017547607 15.9219999313354 22.0970001220703 22.5550003051758 24.0499992370605 25.6949996948242 26.2959995269775 26.7910003662109 28.5499992370605 29.2180004119873 29.0709991455078 28.4150009155273 27.306999206543 25.3169994354248
-3.4e+38 -3.4e+38 -3.4e+38 -3.4e+38 29.2660007476807 30.9340000152588 30.4099998474121 28.242000579834 23.6159992218018 16.1420001983643 8.26399993896484 14.9069995880127 24.6949996948242 28.5380001068115 29.8880004882812 30.9930000305176 31.2240009307861 30.9349994659424 30.8020000457764 30.1520004272461 29.7670001983643 27.8619995117188 25.6450004577637 24.32200050354 22.1219997406006 13.3990001678467 7.60400009155273 8.14099979400635 8.19499969482422 14.164999961853 21.9360008239746 21.988000869751 15.9630002975464 21.8619995117188 22.2140007019043 23.1159992218018 24.7740001678467 26.0960006713867 26.4769992828369 27.1669998168945 29.1609992980957 29.8560009002686 29.6310005187988 28.8589992523193 27.8390007019043 26.4619998931885
-3.4e+38 -3.4e+38 -3.4e+38 -3.4e+38 21.2600002288818 30.3470001220703 30.2859992980957 27.7040004730225 19.0109996795654 10.4320001602173 7.35900020599365 16.2719993591309 25.3409996032715 28.6299991607666 29.242000579834 30.4009990692139 30.1149997711182 29.7169990539551 29.5189990997314 29.8339996337891 29.7019996643066 28.9190006256104 25.5090007781982 23.5869998931885 22.1650009155273 10.2720003128052 4.59600019454956 6.7350001335144 8.95199966430664 14.4180002212524 22.2940006256104 22.1879997253418 22.1459999084473 23.9619998931885 25.7819995880127 25.9500007629395 24.7549991607666 25.2730007171631 27.2679996490479 27.9769992828369 29.4230003356934 30.0160007476807 29.4489994049072 28.9839992523193 28.0860004425049 26.4829998016357
-3.4e+38 -3.4e+38 -3.4e+38 -3.4e+38 18.7119998931885 29.076000213623 29.5559997558594 25.2980003356934 20.3889999389648 9.55599975585938 4.5770001411438 9.43400001525879 21.8390007019043 25.8400001525879 26.9479999542236 28.7059993743896 28.8050003051758 28.3409996032715 27.8379993438721 28.6529998779297 27.1989994049072 26.132999420166 24.0030002593994 21.0160007476807 13.0699996948242 8.83300018310547 4.5 5.05200004577637 12.2130002975464 20.7919998168945 22.931999206543 24.6760005950928 25.1569995880127 26.6389999389648 28.1410007476807 28.2320003509521 26.9540004730225 26.3110008239746 26.4839992523193 28.4419994354248 28.5 29.3959999084473 28.9099998474121 28.2159996032715 27.1609992980957 25.3990001678467
-3.4e+38 -3.4e+38 -3.4e+38 -3.4e+38 24.7439994812012 27.5279998779297 28.0249996185303 21.9370002746582 17.6919994354248 12.2279996871948 5.80900001525879 5.10699987411499 16.8969993591309 22.5779991149902 23.7530002593994 26.3430004119873 27.7919998168945 27.6830005645752 26.6989994049072 24.8460006713867 22.2029991149902 20.0769996643066 20.6830005645752 14.3459997177124 5.96700000762939 6.76000022888184 4.55100011825562 15.3079996109009 23.6340007781982 23.9080009460449 24.55299949646 26.0790004730225 27.3819999694824 26.6959991455078 28.7870006561279 29.9750003814697 28.9300003051758 27.9769992828369 24.19700050354 26.6760005950928 27.0450000762939 27.3519992828369 27.628999710083 26.7029991149902 25.6340007781982 24.7980003356934
-3.4e+38 -3.4e+38 -3.4e+38 -3.4e+38 28.5809993743896 29.8379993438721 26.0610008239746 26.5419998168945 14.7089996337891 9.36999988555908 6.47499990463257 2.61899995803833 16.4009990692139 22.3390007019043 23.0599994659424 24.6860008239746 24.7189998626709 26.4209995269775 26.4190006256104 23.5069999694824 20.2129993438721 19.6889991760254 15.7849998474121 8.60700035095215 6.75899982452393 7.46000003814697 8.4379997253418 20.9220008850098 23.0769996643066 24.1700000762939 25.306999206543 26.0590000152588 29.7719993591309 30.3859996795654 30.1770000457764 30.7099990844727 29.9459991455078 29.3729991912842 25.7399997711182 25.5559997558594 25.2430000305176 25.3729991912842 25.882999420166 25.6599998474121 24.9549999237061 24.3519992828369
-3.4e+38 -3.4e+38 -3.4e+38 5.7519998550415 29.8649997711182 30.9659996032715 25.1420001983643 24.6299991607666 19.2059993743896 10.8690004348755 8.04899978637695 3.42000007629395 8.17800045013428 17.4629993438721 19.4519996643066 19.8540000915527 19.8980007171631 23.4979991912842 24.0300006866455 21.1749992370605 20.1180000305176 19.6889991760254 17.121000289917 12.2239999771118 7.54300022125244 7.32399988174438 13.9060001373291 22.1009998321533 22.5259990692139 26.0699996948242 28.8190002441406 31.7099990844727 32.0999984741211 32.2190017700195 31.9869995117188 31.931999206543 31.1630001068115 29.0849990844727 27.2159996032715 25.8479995727539 25.113000869751 25.4090003967285 25.4099998474121 25.117000579834 24.5170001983643 23.8649997711182
-3.4e+38 -3.4e+38 -3.4e+38 20.3120002746582 28.7569999694824 30.5629997253418 28.9950008392334 24.3369998931885 20.5300006866455 10.6780004501343 6.67899990081787 6.59600019454956 8.2209997177124 11.1789999008179 13.0790004730225 12.3970003128052 15.0780000686646 18.3819999694824 19.3279991149902 19.0020008087158 17.5049991607666 15.3610000610352 13.2650003433228 7.89599990844727 6.02600002288818 6.82299995422363 11.5469999313354 19.6480007171631 25.0890007019043 27.8799991607666 30.5330009460449 31.7099990844727 32.3059997558594 32.5190010070801 32.7760009765625 32.5950012207031 31.6240005493164 30.1849994659424 27.5550003051758 26.8080005645752 25.7189998626709 25.6909999847412 25.5970001220703 25.2450008392334 24.6879997253418 23.5400009155273
-3.4e+38 -3.4e+38 -3.4e+38 22.55299949646 25.5219993591309 28.3099994659424 27.5139999389648 24.0790004730225 20.7140007019043 10.2119998931885 6.57000017166138 7.05800008773804 9.15100002288818 11.3039999008179 12.0019998550415 12.1540002822876 12.8959999084473 15.6890001296997 16.4220008850098 15.1800003051758 11.9300003051758 7.69799995422363 4.77699995040894 4.93900012969971 5.85300016403198 8.14799976348877 11.8920001983643 18.2730007171631 27.2929992675781 29.2600002288818 31.1979999542236 31.7950000762939 32.5839996337891 32.765998840332 32.8040008544922 32.6599998474121 31.5459995269775 31.0699996948242 29.1909999847412 26.1410007476807 26.2059993743896 25.9330005645752 25.576000213623 24.9050006866455 24.4449996948242 23.7999992370605
