02_asc_chm-r50m/BR220Q.asc
NCOLS 200 
NROWS 200 
XLLCORNER 533445.5 
YLLCORNER 5297805 
CELLSIZE 0.5 
NODATA_value -3.4e+38 
[rows 160 to 179 of 200, columns 46 to 91 of 200]
28.67799949646 30.1490001678467 29.7469997406006 28.5069999694824 28.4370002746582 29.1229991912842 27.2479991912842 25.6860008239746 25.4160003662109 28.8290004730225 29.3509998321533 32.3400001525879 34.3199996948242 34.4379997253418 34.2169990539551 33.8790016174316 33.314998626709 33.0149993896484 31.5060005187988 30.1310005187988 30.1620006561279 30.6140003204346 30.9669990539551 30.7819995880127 30.4500007629395 30.0520000457764 28.3770008087158 28.4169998168945 29.4890003204346 32.0040016174316 32.3050003051758 31.8560009002686 30.6889991760254 29.2099990844727 29.0179996490479 28.8939990997314 28.5440006256104 28.996000289917 29.1840000152588 29.4099998474121 29.4230003356934 28.1900005340576 26.0319995880127 25.1919994354248 25.056999206543 20.2310009002686
30.996000289917 31.3649997711182 31.0729999542236 30.0739994049072 29.931999206543 29.5650005340576 28.2880001068115 28.2709999084473 25.4599990844727 28.2399997711182 28.6100006103516 28.3330001831055 32.0439987182617 32.8059997558594 31.7719993591309 31.136999130249 31.2199993133545 31.617000579834 30.0809993743896 28.6550006866455 29.511999130249 28.7259998321533 30.0659999847412 30.1949996948242 29.4790000915527 29.0540008544922 27.9680004119873 28.0359992980957 27.738000869751 31.238000869751 31.1639995574951 29.238000869751 26.3490009307861 26.761999130249 29.2140007019043 29.7520008087158 29.6919994354248 29.9950008392334 29.121000289917 29.1790008544922 30.0370006561279 30.0809993743896 29.3579998016357 26.576000213623 26.3449993133545 24.7910003662109
32.5550003051758 32.492000579834 31.8560009002686 30.9179992675781 31.0389995574951 30.2980003356934 29.3929996490479 29.261999130249 27.9799995422363 27.5620002746582 27.5739994049072 27.9860000610352 28.9190006256104 30.6229991912842 30.6620006561279 30.0249996185303 29.6149997711182 27.1669998168945 27.0860004425049 25.4220008850098 27.2609996795654 28.6940002441406 29.9890003204346 29.5949993133545 28.9710006713867 27.6219997406006 26.113000869751 26.75 25.0960006713867 28.3619995117188 29.6669998168945 28.0790004730225 25.1609992980957 26.4850006103516 29.117000579834 31.8649997711182 32.8839988708496 33.0919990539551 28.826000213623 29.136999130249 30.0049991607666 29.9650001525879 28.8199996948242 27.1280002593994 27.2609996795654 26.6509990692139
33.3400001525879 32.9370002746582 33.0289993286133 32.4869995117188 31.7789993286133 31.7630004882812 29.0790004730225 27.7220001220703 26.386999130249 25.8959999084473 26.8649997711182 27.5049991607666 23.5750007629395 25.9200000762939 27.5909996032715 26.3770008087158 25.7719993591309 23.7000007629395 23.4459991455078 22.1089992523193 23.2290000915527 26.7280006408691 28.3299999237061 27.8279991149902 27.7240009307861 25.8549995422363 23.5200004577637 23.4659996032715 23.2849998474121 24.4699993133545 26.2180004119873 26.6560001373291 26.4130001068115 29.4839992523193 31.0149993896484 32.2620010375977 32.8839988708496 32.5730018615723 30.8929996490479 30.7889995574951 30.3209991455078 29.8959999084473 28.5809993743896 27.3120002746582 26.9069995880127 25.628999710083
34.2649993896484 33.681999206543 33.1640014648438 32.773998260498 31.1359996795654 30.3540000915527 29.3680000305176 28.1560001373291 27.7229995727539 27.3419990539551 26.2569999694824 23.7660007476807 20.3729991912842 22.3479995727539 23.0470008850098 21.8159999847412 22.8050003051758 21.8950004577637 21.1849994659424 19.878999710083 19.9379997253418 20.806999206543 24.1840000152588 26.4459991455078 25.4360008239746 24.7360000610352 24.0779991149902 23.4290008544922 23.8729991912842 24.2980003356934 25.1189994812012 26.5590000152588 27.2530002593994 30.2070007324219 31.5650005340576 32.6180000305176 32.9850006103516 33.2360000610352 32.6949996948242 32.6389999389648 32.7319984436035 32.1479988098145 29.2770004272461 28.0690002441406 27.5979995727539 26.193000793457
34.6879997253418 34.851001739502 33.4049987792969 32.6959991455078 31.6389999389648 31.0139999389648 28.8980007171631 28.1019992828369 27.9540004730225 27.2870006561279 26.4230003356934 20.2639999389648 18.9599990844727 17.1730003356934 21.2759990692139 20.3519992828369 19.6000003814697 19.1299991607666 19.7600002288818 19.8700008392334 20.173999786377 21.2910003662109 24.128999710083 25.42799949646 25.2520008087158 25.1870002746582 25.2339992523193 25.4300003051758 26.1630001068115 26.3349990844727 26.6420001983643 26.8409996032715 28.0779991149902 30.8549995422363 32.265998840332 32.5379981994629 33.0289993286133 33.4099998474121 33.7169990539551 33.3899993896484 32.9140014648438 32.5050010681152 29.8560009002686 28.2339992523193 27.4120006561279 26.3610000610352
34.3610000610352 34.5190010070801 33.109001159668 32.1720008850098 31.7819995880127 31.2830009460449 30.3589992523193 29.0979995727539 27.1800003051758 26.701000213623 24.681999206543 18.6639995574951 17.6830005645752 18.431999206543 18.4680004119873 18.1639995574951 17.5139999389648 18.9909992218018 19.7240009307861 21.0599994659424 21.9489994049072 23.0340003967285 23.5610008239746 23.9290008544922 24.6730003356934 25.121000289917 25.5790004730225 26.2150001525879 26.7959995269775 26.9580001831055 27.201000213623 27.4519996643066 28.8899993896484 30.5139999389648 32.3370018005371 33.7400016784668 34.1949996948242 34.5270004272461 34.2449989318848 33.4410018920898 32.8730010986328 32.3120002746582 30.8770008087158 28.5629997253418 26.9309997558594 25.9559993743896
32.5730018615723 32.7919998168945 33.0229988098145 31.6350002288818 30.6259994506836 30.1770000457764 29.75 28.2000007629395 27.1159992218018 25.5060005187988 24.1490001678467 18.0020008087158 20.7019996643066 21.7639999389648 21.7819995880127 16.8110008239746 16.8950004577637 18.2889995574951 19.6520004272461 21.9400005340576 23.0830001831055 23.6590003967285 23.8199996948242 23.7110004425049 24.2250003814697 25.7749996185303 25.8050003051758 26.5790004730225 27.3899993896484 26.8759994506836 26.9839992523193 28.875 29.8129997253418 31.1770000457764 32.6450004577637 34.0289993286133 34.9780006408691 35.0009994506836 34.5480003356934 33.7820014953613 32.5229988098145 31.931999206543 31.3120002746582 29.4799995422363 28.8899993896484 25.7749996185303
30.7900009155273 31.6459999084473 31.3490009307861 30.9860000610352 29.7980003356934 29.386999130249 28.3889999389648 27.8579998016357 25.0020008087158 21.9389991760254 21.4230003356934 20.7299995422363 22.4829998016357 22.0869998931885 19.2059993743896 15.4499998092651 15.8229999542236 18.1310005187988 19.3409996032715 22.0069999694824 23.4629993438721 24.0049991607666 23.6849994659424 23.25 24.1469993591309 26.8519992828369 27.4780006408691 28.0149993896484 28.0919990539551 26.7029991149902 26.8540000915527 28.3610000610352 30.0020008087158 31.7220001220703 32.6419982910156 33.1580009460449 34.7190017700195 35.015998840332 34.5369987487793 33.9529991149902 32.3759994506836 31.2479991912842 30.8589992523193 29.4249992370605 28.7849998474121 26.3980007171631
30.1849994659424 30.3490009307861 30.2600002288818 29.7800006866455 28.2950000762939 27.94700050354 26.2119998931885 25.6280002593994 24.0550003051758 21.7630004882812 21.246000289917 22.931999206543 23.4139995574951 22.5470008850098 16.2250003814697 14.8549995422363 15.5290002822876 17.8419990539551 19.4529991149902 21.2089996337891 22.0200004577637 23.4109992980957 23.4720001220703 22.4069995880127 25.8460006713867 27.9699993133545 28.4169998168945 28.9449996948242 27.7940006256104 26.6870002746582 26.878999710083 26.7999992370605 29.4689998626709 31.1709995269775 32.2820014953613 32.3919982910156 34.0190010070801 34.0260009765625 33.9309997558594 33.5379981994629 32.4169998168945 31.0149993896484 30.2290000915527 29.1219997406006 28.8339996337891 28.3460006713867
27.2049999237061 27.5900001525879 27.7689990997314 28.8990001678467 28.0450000762939 27.4349994659424 26.923999786377 23.0230007171631 22.3159999847412 23.6030006408691 24.3470001220703 24.9810009002686 24.2590007781982 20.9190006256104 14.8620004653931 14.5530004501343 15.2360000610352 17.0470008850098 17.9950008392334 18.5410003662109 21.2269992828369 23.5300006866455 24.6100006103516 24.576000213623 26.2000007629395 27.9370002746582 28.7240009307861 29.0919990539551 28.6140003204346 27.4979991912842 27.2639999389648 27.0650005340576 26.7490005493164 28.7430000305176 31.5769996643066 32.0120010375977 32.6129989624023 32.7089996337891 32.5519981384277 32.5209999084473 31.5009994506836 30.4769992828369 29.2950000762939 28.6919994354248 28.8409996032715 30.0170001983643
24.2159996032715 24.7660007476807 25.5310001373291 27.8880004882812 27.9610004425049 26.9969997406006 26.6100006103516 25.5319995880127 24.0739994049072 24.6509990692139 25.5540008544922 25.3439998626709 24.6569995880127 22.7719993591309 14.8509998321533 14.9029998779297 15.9119997024536 14.6359996795654 15.9469995498657 15.6789999008179 21.0769996643066 24.3889999389648 24.4820003509521 24.863000869751 26.5939998626709 27.7140007019043 28.261999130249 28.7080001831055 28.2919998168945 28.1399993896484 27.6709995269775 26.4610004425049 24.753999710083 25.1439990997314 29.8040008544922 31.0690002441406 31.4309997558594 31.5139999389648 31.6030006408691 31.9950008392334 30.4990005493164 29.4799995422363 28.5090007781982 28.1480007171631 29.1490001678467 29.9120006561279
22.9990005493164 23.6529998779297 24.4799995422363 26.1389999389648 27.1539993286133 26.9370002746582 26.6420001983643 26.5429992675781 24.826000213623 25.7259998321533 25.9449996948242 25.798999786377 25.4300003051758 23.8080005645752 18.5289993286133 17.8610000610352 18.1439990997314 14.7259998321533 15.8999996185303 16.6620006561279 20.8229999542236 23.0960006713867 24.2259998321533 23.7180004119873 25.55299949646 27.1450004577637 27.2490005493164 27.7549991607666 28.0219993591309 27.9290008544922 26.5400009155273 24.6830005645752 24.6159992218018 25.0590000152588 28.3040008544922 29.3269996643066 29.0249996185303 29.2740001678467 29.6270008087158 29.7180004119873 29.6019992828369 28.5610008239746 26.7439994812012 26.8080005645752 28.25 28.8159999847412
22.1790008544922 22.5930004119873 23.0429992675781 23.7000007629395 26.7859992980957 27.048999786377 27.0060005187988 27.2430000305176 27.7259998321533 28.2730007171631 27.5690002441406 27.0270004272461 27.4740009307861 26.0849990844727 20.5249996185303 19.1340007781982 18.1860008239746 16.8689994812012 16.488000869751 16.9860000610352 18.1359996795654 21.3589992523193 22.8770008087158 22.3449993133545 23.5690002441406 24.9869995117188 27.0020008087158 27.6270008087158 27.4340000152588 26.2129993438721 24.69700050354 24.1909999847412 24.6520004272461 25.2350006103516 25.4249992370605 27.5090007781982 28.1380004882812 26.9190006256104 24.8110008239746 27.0259990692139 28.0259990692139 26.4570007324219 25.3020000457764 25.8819999694824 26.173999786377 26.2740001678467
22.0279998779297 22.7600002288818 22.8320007324219 24.3680000305176 26.1469993591309 26.9109992980957 26.878999710083 27.3780002593994 27.7229995727539 28.1599998474121 27.9799995422363 27.3519992828369 27.2229995727539 25.0419998168945 21.0340003967285 19.7970008850098 18.6879997253418 18.3229999542236 18.5389995574951 18.136999130249 19.8059997558594 20.9619998931885 20.9179992675781 21.4489994049072 21.8579998016357 21.9720001220703 24.201000213623 26.3269996643066 26.1219997406006 25.4120006561279 23.7639999389648 21.8279991149902 24.7089996337891 24.8980007171631 25.6490001678467 26.2649993896484 26.4029998779297 25.8470001220703 24.0319995880127 25.4050006866455 25.7390003204346 25.2250003814697 24.0020008087158 23.7660007476807 24.3990001678467 24.6650009155273
21.8850002288818 22.867000579834 22.3799991607666 25.246000289917 26.4060001373291 26.4899997711182 26.8159999847412 27.5849990844727 28.2329998016357 28.3159999847412 27.6800003051758 26.8770008087158 26.8479995727539 26.3400001525879 23.1520004272461 23.2119998931885 23.4130001068115 22.7320003509521 20.6359996795654 20.7199993133545 21.0189990997314 22.2339992523193 21.8920001983643 22.8159999847412 22.2339992523193 21.80299949646 23.4930000305176 25.1219997406006 24.5470008850098 23.9340000152588 23.4969997406006 21.4409999847412 19.6459999084473 21.867000579834 24.17799949646 24.8549995422363 25.2259998321533 25.4360008239746 24.367000579834 25.7919998168945 26.3209991455078 26.3910007476807 26.1119995117188 25.4169998168945 25.0139999389648 24.3050003051758
17.2409992218018 21.2280006408691 20.8910007476807 23.7609996795654 25.6030006408691 26.0240001678467 26.7019996643066 27.6450004577637 28.1590003967285 28.2070007324219 27.4820003509521 26.2049999237061 26.4479999542236 26.5109996795654 24.2509994506836 23.9080009460449 25.4669990539551 25.3299999237061 26.6940002441406 27.4640007019043 27.0590000152588 24.30299949646 25.0209999084473 24.9710006713867 23.9270000457764 23.2889995574951 23.2150001525879 23.07200050354 22.9050006866455 22.9860000610352 23.1790008544922 22.7870006561279 21.6420001983643 21.0069999694824 23.2870006561279 23.4379997253418 23.2129993438721 25.0419998168945 26.2980003356934 27.2210006713867 27.4009990692139 28.1359996795654 28.1110000610352 27.4810009002686 27.1420001983643 25.8470001220703
17.1809997558594 17.6860008239746 17.7430000305176 21.173999786377 25.0400009155273 26.1870002746582 27.246000289917 27.9479999542236 28.0659999847412 28.1459999084473 27.9899997711182 27.1009998321533 26.7819995880127 26.443000793457 25.625 24.6580009460449 29.4869995117188 30.0359992980957 29.6070003509521 29.9650001525879 30.4570007324219 31.2369995117188 29.3320007324219 25.5610008239746 24.3889999389648 22.9680004119873 22.6189994812012 22.3419990539551 22.1299991607666 21.6469993591309 21.423999786377 21.2740001678467 21.0550003051758 22.0620002746582 21.7029991149902 22.8859996795654 21.4389991760254 24.9909992218018 25.9950008392334 26.681999206543 27.7450008392334 28.1079998016357 28.3999996185303 28.4580001831055 29.0400009155273 28.8050003051758
18.2220001220703 18.9759998321533 19.8850002288818 22.3999996185303 23.9810009002686 26.1800003051758 27.511999130249 27.6259994506836 27.6919994354248 27.7600002288818 27.5370006561279 27.113000869751 26.9689998626709 25.67799949646 25.1650009155273 24.8460006713867 29.4249992370605 31.7980003356934 32.867000579834 33.064998626709 33.0209999084473 32.875 31.7730007171631 29.7819995880127 24.2390003204346 22.2719993591309 21.9120006561279 21.7390003204346 21.5699996948242 21.4529991149902 21.9300003051758 22.2800006866455 22.1219997406006 22.0020008087158 21.7609996795654 22.2940006256104 22.7250003814697 24.4619998931885 24.8770008087158 25.2549991607666 27.7150001525879 28.5300006866455 28.6240005493164 29.2210006713867 29.261999130249 28.3640003204346
18.3999996185303 18.8579998016357 19.7870006561279 23.0310001373291 24.0790004730225 25.8619995117188 26.7150001525879 26.3549995422363 26.4939994812012 27.0750007629395 26.8129997253418 25.6940002441406 25.871000289917 24.371000289917 24.4249992370605 26.8880004882812 30.7590007781982 32.6520004272461 33.2859992980957 33.4370002746582 32.9620018005371 32.5130004882812 32.5219993591309 31.7900009155273 29.0590000152588 27.3059997558594 21.693000793457 22.1040000915527 20.8379993438721 21.9270000457764 22.636999130249 23.1310005187988 23.0179996490479 22.5990009307861 21.5750007629395 22.6040000915527 23.7980003356934 24.4290008544922 24.8409996032715 25.3980007171631 26.636999130249 28.5209999084473 29.9009990692139 30.2649993896484 29.4519996643066 27.742000579834
