02_asc_chm-r50m/BR22XA.asc
NCOLS 201 
NROWS 201 
XLLCORNER 550783.5 
YLLCORNER 5279245.5 
CELLSIZE 0.5 
NODATA_value -3.4e+38 
[rows 120 to 139 of 201, columns 0 to 45 of 201]
-3.4e+38 -3.4e+38 -3.4e+38 19.9349994659424 22.4290008544922 19.3470001220703 17.0090007781982 14.5570001602173 17.5599994659424 17.9850006103516 17.8050003051758 12.8669996261597 5.11100006103516 2.37400007247925 2.50699996948242 3.18600010871887 3.3840000629425 2.94300007820129 1.37800002098083 1.64999997615814 7.4539999961853 10.3900003433228 13.1149997711182 16.8269996643066 18.3339996337891 18.2360000610352 18.238000869751 17.2129993438721 13.7440004348755 3.79200005531311 12.0059995651245 20.3169994354248 22.2189998626709 22.2240009307861 21.2719993591309 20.8799991607666 20.4519996643066 16.1569995880127 10.2749996185303 8.55399990081787 8.29899978637695 8.53899955749512 5.54400014877319 8.58699989318848 8.35999965667725 7.43900012969971
-3.4e+38 -3.4e+38 -3.4e+38 -3.4e+38 17.3570003509521 16.32200050354 13.0290002822876 12.5819997787476 13.8500003814697 15.4029998779297 12.2980003356934 4.80200004577637 2.37299990653992 1.73199999332428 2.09200000762939 2.73900008201599 2.56599998474121 2.11199998855591 1.80999994277954 2.03099989891052 4.51800012588501 10.6999998092651 13.9420003890991 17.1529998779297 18.4489994049072 18.2110004425049 18.3190002441406 17.4060001373291 15.7379999160767 8.02099990844727 7.64400005340576 19.7770004272461 22.2329998016357 22.2740001678467 21.617000579834 20.8430004119873 20.443000793457 18.5830001831055 14.0729999542236 12.4820003509521 11.6800003051758 11.0369997024536 9.61999988555908 8.97700023651123 7.9520001411438 7.00600004196167
-3.4e+38 -3.4e+38 -3.4e+38 -3.4e+38 13.9650001525879 13.1169996261597 12.7569999694824 12.1709995269775 8.86499977111816 7.57000017166138 6.82999992370605 3.07399988174438 2.39000010490417 1.5900000333786 2.75600004196167 2.08899998664856 2.11700010299683 2.73000001907349 7.41699981689453 12.6579999923706 14.3879995346069 14.7080001831055 14.3889999389648 18.1620006561279 18.1569995880127 18.048999786377 18.1089992523193 17.4890003204346 16.3780002593994 7.26399993896484 6.07999992370605 17.9409999847412 21.1979999542236 22.6959991455078 22.4379997253418 21.5170001983643 20.7630004882812 18.5779991149902 15.0959997177124 13.1619997024536 11.9680004119873 11.3190002441406 10.1820001602173 8.50599956512451 7.62900018692017 6.75099992752075
-3.4e+38 -3.4e+38 -3.4e+38 -3.4e+38 12.5319995880127 12.8409996032715 12.6090002059937 9.42599964141846 5.5479998588562 4.67399978637695 4.19600009918213 3.52900004386902 3.0789999961853 2.84599995613098 4.06500005722046 5.8289999961853 2.92899990081787 9.87199974060059 15.460000038147 17.7789993286133 17.4370002746582 17.0540008544922 17.7029991149902 18.0790004730225 17.9270000457764 17.7670001983643 17.4769992828369 17.1380004882812 14.7469997406006 4.58300018310547 10.7110004425049 17.3269996643066 21.7409992218018 22.3640003204346 22.0009994506836 21.5359992980957 18.6420001983643 13.6389999389648 13.5640001296997 12.7810001373291 11.3269996643066 10.9099998474121 9.39999961853027 8.73099994659424 7.94600009918213 7.16099977493286
-3.4e+38 -3.4e+38 -3.4e+38 -3.4e+38 10.0740003585815 9.90999984741211 9.35599994659424 6.83699989318848 4.87900018692017 5.28700017929077 5.14400005340576 4.59000015258789 3.70799994468689 3.18700003623962 4.53200006484985 14.1730003356934 17.7000007629395 17.82200050354 18.3309993743896 19.9360008239746 18.9220008850098 16.9680004119873 17.9300003051758 18.8509998321533 17.7479991912842 17.6060009002686 17.1019992828369 14.3249998092651 10.5559997558594 10.2290000915527 11.3400001525879 12.6090002059937 17.2250003814697 17.5049991607666 18.2970008850098 17.7019996643066 16.1480007171631 13.5930004119873 13.1730003356934 12.5579996109009 11.2220001220703 10.3330001831055 9.44799995422363 9.53499984741211 9.82199954986572 9.03800010681152
-3.4e+38 -3.4e+38 -3.4e+38 -3.4e+38 7.87900018692017 5.30800008773804 3.86299991607666 5.10099983215332 5.17999982833862 5.28200006484985 5.625 5.05399990081787 3.56900000572205 3.18700003623962 6.51999998092651 17.7350006103516 17.7320003509521 18.9249992370605 19.8360004425049 21.1840000152588 21.4169998168945 20.2840003967285 21.3050003051758 19.753999710083 17.8110008239746 15.5880002975464 14.9580001831055 9.94900035858154 3.62599992752075 7.62400007247925 8.91600036621094 11.0100002288818 11.335000038147 12.0469999313354 12.3090000152588 12.4689998626709 12.3640003204346 12.826000213623 13.0509996414185 12.4230003356934 11.7279996871948 10.9569997787476 9.99600028991699 9.14099979400635 11.6990003585815 10.9139995574951
-3.4e+38 -3.4e+38 -3.4e+38 -3.4e+38 5.68499994277954 3.81800007820129 4.36499977111816 5.11299991607666 5.99100017547607 6.13600015640259 5.76100015640259 5.32000017166138 4.2020001411438 4.74399995803833 15.0279998779297 17.8090000152588 17.7880001068115 19.7709999084473 20.8700008392334 21.2770004272461 22.0839996337891 21.8619995117188 21.3500003814697 19.378999710083 17.1639995574951 11.7150001525879 8.62100028991699 4.66099977493286 1.02300000190735 3.05299997329712 5.67500019073486 8.29699993133545 10.4750003814697 11.5050001144409 11.4160003662109 11.2399997711182 10.793999671936 11.9720001220703 12.4429998397827 12.1789999008179 11.2159996032715 12.7399997711182 10.1389999389648 9.47399997711182 12.210000038147 13.9409999847412
-3.4e+38 -3.4e+38 -3.4e+38 -3.4e+38 -3.4e+38 7.82200002670288 7.89599990844727 6.36299991607666 7.35099983215332 7.83799982070923 6.19099998474121 6.06599998474121 6.04899978637695 9.12199974060059 15.2089996337891 17.8349990844727 17.8010005950928 21.6849994659424 23.8859996795654 24.6009998321533 22.988000869751 22.0060005187988 21.701000213623 21.1679992675781 18.9580001831055 10.3559999465942 5.83900022506714 3.67799997329712 2.43199992179871 3.59400010108948 6.15899991989136 9.36100006103516 10.0279998779297 9.95100021362305 9.92599964141846 9.60499954223633 9.67399978637695 10.6990003585815 11.2299995422363 11.2209997177124 12.8170003890991 16.4249992370605 14.3579998016357 15.5120000839233 16.0410003662109 16.2259998321533
-3.4e+38 -3.4e+38 -3.4e+38 -3.4e+38 -3.4e+38 7.30000019073486 8.67199993133545 8.52999973297119 8.71399974822998 8.60799980163574 7.55399990081787 7.20900011062622 6.95300006866455 11.7209997177124 14.8920001983643 19.5970001220703 22.3659992218018 24.9810009002686 26.0279998779297 26.3969993591309 25.2339992523193 24.7180004119873 21.5550003051758 21.0380001068115 19.8659992218018 16.8390007019043 10.6680002212524 3.57699990272522 3.36700010299683 2.98099994659424 2.75300002098083 7.71099996566772 9.94099998474121 9.7790002822876 9.51200008392334 8.98799991607666 9.21700000762939 10.0139999389648 10.1219997406006 12.8620004653931 17.0419998168945 18.701000213623 18.4529991149902 18.5419998168945 16.632999420166 16.4220008850098
-3.4e+38 -3.4e+38 -3.4e+38 -3.4e+38 -3.4e+38 7.47599983215332 9.48499965667725 9.55500030517578 9.06999969482422 7.84499979019165 8.84200000762939 11.5249996185303 12.1000003814697 13.8640003204346 21.7140007019043 24.6140003204346 24.4669990539551 26.363000869751 26.5909996032715 27.2649993896484 27.6989994049072 25.9209995269775 23.367000579834 21.8010005950928 18.3080005645752 16.6189994812012 15.1140003204346 3.7409999370575 2.92199993133545 2.49799990653992 2.71399998664856 3.31699991226196 6.32000017166138 7.96099996566772 3.55800008773804 5.59800004959106 7.59700012207031 8.35799980163574 10.9460000991821 15.6059999465942 18.7819995880127 18.57200050354 18.7140007019043 19.1599998474121 18.496000289917 18.1030006408691
-3.4e+38 -3.4e+38 -3.4e+38 -3.4e+38 -3.4e+38 8.35099983215332 10.1260004043579 9.84899997711182 9.63899993896484 11.7679996490479 12.3950004577637 14.0050001144409 14.8000001907349 18.568000793457 24.5939998626709 26.2549991607666 27.136999130249 28.1509990692139 27.7859992980957 29.1620006561279 29.6219997406006 28.5869998931885 28.0230007171631 23.8360004425049 19.6679992675781 14.8319997787476 14.5710000991821 11.1949996948242 4.94799995422363 5.05600023269653 4.28200006484985 3.55399990081787 4.35599994659424 3.56699991226196 1.87199997901917 1.74300003051758 1.01800000667572 4.72399997711182 10.7170000076294 16.6790008544922 20.0170001983643 20.1749992370605 19.2110004425049 19.2749996185303 19.3600006103516 19.2229995727539
-3.4e+38 -3.4e+38 -3.4e+38 -3.4e+38 -3.4e+38 -3.4e+38 10.2770004272461 9.89500045776367 10.6160001754761 13.6000003814697 14.3179998397827 17.4689998626709 18.8519992828369 21.2929992675781 23.8409996032715 25.7819995880127 29.386999130249 29.8509998321533 29.8729991912842 30.3470001220703 29.9449996948242 29.3770008087158 28.0960006713867 25.7469997406006 23.431999206543 13.2980003356934 11.5869998931885 7.89099979400635 6.66300010681152 6.55600023269653 6.05399990081787 4.24300003051758 3.18499994277954 2.12199997901917 1.5900000333786 1.38900005817413 1.32299995422363 5.94099998474121 12.6239995956421 13.0480003356934 16.9449996948242 21.7700004577637 20.9610004425049 20.5590000152588 19.3819999694824 19.4580001831055
-3.4e+38 -3.4e+38 -3.4e+38 -3.4e+38 -3.4e+38 -3.4e+38 10.1499996185303 9.80900001525879 10.7489995956421 13.4300003051758 17.3740005493164 19.193000793457 19.4459991455078 21.367000579834 23.3560009002686 26.8540000915527 29.5610008239746 30.4130001068115 30.7310009002686 31.0580005645752 30.3990001678467 29.4139995574951 28.55299949646 25.382999420166 18.9540004730225 9.20600032806396 9.05000019073486 7.30000019073486 6.68499994277954 6.48400020599365 6.04400014877319 5.59600019454956 3.2279999256134 2.03699994087219 1.6139999628067 1.32599997520447 3.57599997520447 12.6540002822876 16.6669998168945 11.2049999237061 16.8519992828369 21.7129993438721 22.0499992370605 21.9799995422363 20.4559993743896 19.7789993286133
-3.4e+38 -3.4e+38 -3.4e+38 -3.4e+38 -3.4e+38 -3.4e+38 10.0240001678467 9.86400032043457 10.1020002365112 14.3489999771118 18.4759998321533 19.1399993896484 19.6560001373291 20.3819999694824 22.3400001525879 26.6529998779297 29.0779991149902 30.9599990844727 31.6060009002686 31.7439994812012 30.9969997406006 29.7999992370605 29.2329998016357 25.4270000457764 22.931999206543 8.18400001525879 7.80100011825562 7.57499980926514 6.9850001335144 6.6729998588562 6.08099985122681 5.78000020980835 3.625 1.66400003433228 1.53799998760223 1.20700001716614 12.7639999389648 17.0480003356934 17.0699996948242 17.0200004577637 20.2840003967285 21.9349994659424 22.3159999847412 22.0970001220703 21.3859996795654 20.7929992675781
-3.4e+38 -3.4e+38 -3.4e+38 -3.4e+38 -3.4e+38 -3.4e+38 -3.4e+38 9.90499973297119 15.039999961853 16.4120006561279 17.742000579834 19.7849998474121 20.4990005493164 21.6259994506836 23.5620002746582 24.2919998168945 27.69700050354 30.5340003967285 31.3680000305176 31.4220008850098 31.17799949646 30.443000793457 28.3689994812012 26.6989994049072 23.9939994812012 21.0470008850098 14.1339998245239 8.01599979400635 7.44399976730347 6.83500003814697 5.52600002288818 4.06400012969971 1.78699994087219 1.68299996852875 1.45799994468689 1.29799997806549 10.7019996643066 17.9839992523193 17.4090003967285 19.6609992980957 21.8519992828369 22.3010005950928 22.3950004577637 22.4160003662109 22.136999130249 20.7549991607666
-3.4e+38 -3.4e+38 -3.4e+38 -3.4e+38 -3.4e+38 -3.4e+38 -3.4e+38 10.0240001678467 14.0920000076294 16.2310009002686 17.1809997558594 19.8320007324219 20.5890007019043 21.871000289917 24.2159996032715 26.867000579834 27.3330001831055 29.9209995269775 30.5279998779297 30.6189994812012 30.3740005493164 28.9529991149902 27.6270008087158 26.5429992675781 24.625 23.048999786377 15.6330003738403 8.05900001525879 7.33300018310547 6.90700006484985 3.92799997329712 2.27099990844727 1.94599997997284 1.59599995613098 1.38399994373322 1.53799998760223 5.48899984359741 20.3540000915527 19.0470008850098 20.9909992218018 22.5240001678467 22.3199996948242 22.2019996643066 22.3780002593994 21.6200008392334 20.181999206543
-3.4e+38 -3.4e+38 -3.4e+38 -3.4e+38 -3.4e+38 -3.4e+38 -3.4e+38 -3.4e+38 13.3970003128052 15.8999996185303 17.5009994506836 20.2880001068115 20.4330005645752 21.0249996185303 23.1119995117188 26.4370002746582 27.6200008392334 29.0590000152588 29.548999786377 29.9330005645752 29.4020004272461 27.681999206543 27.1049995422363 26.5909996032715 24.5809993743896 18.7719993591309 8.6569995880127 7.25699996948242 6.86100006103516 6.59100008010864 3.7039999961853 2.60599994659424 2.25999999046326 1.30099999904633 1.76199996471405 2.07500004768372 3.31800007820129 16.1380004882812 22.0949993133545 22.6149997711182 22.5860004425049 22.2749996185303 22.1270008087158 22.1399993896484 22.181999206543 21.3449993133545
-3.4e+38 -3.4e+38 -3.4e+38 -3.4e+38 -3.4e+38 -3.4e+38 -3.4e+38 -3.4e+38 14.8579998016357 20.4619998931885 21.0639991760254 21.4799995422363 20.9220008850098 20.7999992370605 22.0599994659424 23.7609996795654 25.7099990844727 27.6270008087158 27.7299995422363 28.0429992675781 26.746000289917 25.7929992675781 25.621000289917 24.6429996490479 23.6040000915527 18.1389999389648 9.15200042724609 8.4680004119873 8.97299957275391 5.49399995803833 3.09400010108948 5.21500015258789 4.63899993896484 1.60099995136261 3.92400002479553 3.95900011062622 2.61500000953674 14.3570003509521 22.1450004577637 22.5830001831055 22.3959999084473 22.257999420166 22.193000793457 21.7970008850098 21.5650005340576 20.9860000610352
-3.4e+38 -3.4e+38 -3.4e+38 -3.4e+38 -3.4e+38 -3.4e+38 -3.4e+38 -3.4e+38 -3.4e+38 23.2900009155273 23.1590003967285 21.8700008392334 21.617000579834 21.6889991760254 21.0830001831055 22.0990009307861 25.2719993591309 26.367000579834 26.1840000152588 25.6340007781982 24.7290000915527 24.4589996337891 24.3099994659424 23.9220008850098 22.8819999694824 21.2929992675781 11.5590000152588 9.90499973297119 9.29199981689453 6.05200004577637 5.31899976730347 6.69700002670288 5.16200017929077 2.33500003814697 6.08599996566772 7.42899990081787 12.789999961853 19.9449996948242 21.9190006256104 22.253999710083 22.0559997558594 21.8810005187988 21.8040008544922 21.4309997558594 20.6989994049072 20.3799991607666
-3.4e+38 -3.4e+38 -3.4e+38 -3.4e+38 -3.4e+38 -3.4e+38 -3.4e+38 -3.4e+38 -3.4e+38 24.4580001831055 24.4790000915527 23.6100006103516 23.3080005645752 23.6219997406006 22.82200050354 19.7940006256104 22.0230007171631 23.3229999542236 24.1790008544922 23.992000579834 23.1089992523193 22.0939998626709 22.3610000610352 21.9260005950928 17.2199993133545 10.4989995956421 9.80500030517578 10.0629997253418 12.2110004425049 16.8159999847412 15.7629995346069 16.6809997558594 14.9200000762939 5.7810001373291 8.61100006103516 17.2870006561279 18.9330005645752 19.8460006713867 21.6359996795654 21.8390007019043 21.7280006408691 21.548999786377 21.3589992523193 20.5699996948242 19.5559997558594 19.3169994354248
