02_asc_chm-r50m/BR222X.asc
NCOLS 200 
NROWS 200 
XLLCORNER 539972.5 
YLLCORNER 5289439.5 
CELLSIZE 0.5 
NODATA_value -3.4e+38 
[rows 20 to 39 of 200, columns 138 to 183 of 200]
18.7269992828369 16.7250003814697 14.8780002593994 11.1540002822876 11.5699996948242 11.3500003814697 12.5509996414185 13.1940002441406 14.246000289917 13.6479997634888 13.2489995956421 12.210000038147 16.9139995574951 16.996000289917 19.6959991455078 20.4990005493164 20.5410003662109 21.5790004730225 21.2180004119873 19.6599998474121 18.2910003662109 16.8570003509521 -3.4e+38 -3.4e+38 -3.4e+38 -3.4e+38 -3.4e+38 -3.4e+38 -3.4e+38 -3.4e+38 -3.4e+38 -3.4e+38 -3.4e+38 -3.4e+38 -3.4e+38 -3.4e+38 -3.4e+38 -3.4e+38 -3.4e+38 -3.4e+38 -3.4e+38 -3.4e+38 -3.4e+38 -3.4e+38 -3.4e+38 -3.4e+38
18.7759990692139 16.3400001525879 10.3610000610352 10.6680002212524 10.8680000305176 11.4200000762939 11.7930002212524 11.9309997558594 12.8079996109009 13.6660003662109 14.246000289917 14.5129995346069 15.4379997253418 15.21399974823 18.8110008239746 20.4810009002686 19.9990005493164 20.2280006408691 19.5510005950928 18.3719997406006 16.2450008392334 16.4820003509521 16.4020004272461 -3.4e+38 -3.4e+38 -3.4e+38 -3.4e+38 -3.4e+38 -3.4e+38 -3.4e+38 -3.4e+38 -3.4e+38 -3.4e+38 -3.4e+38 -3.4e+38 -3.4e+38 -3.4e+38 -3.4e+38 -3.4e+38 -3.4e+38 -3.4e+38 -3.4e+38 -3.4e+38 -3.4e+38 -3.4e+38 -3.4e+38
17.7430000305176 15.1230001449585 10.8489999771118 10.2779998779297 10.7589998245239 10.8959999084473 11.5830001831055 11.8680000305176 12.7849998474121 15.2930002212524 15.9010000228882 16.136999130249 16.8719997406006 23.7679996490479 23.7600002288818 22.0879993438721 21.5990009307861 18.8719997406006 17.2560005187988 16.1520004272461 14.5679998397827 14.2659997940063 13.3640003204346 14.5209999084473 -3.4e+38 -3.4e+38 -3.4e+38 -3.4e+38 -3.4e+38 -3.4e+38 -3.4e+38 -3.4e+38 -3.4e+38 -3.4e+38 -3.4e+38 -3.4e+38 -3.4e+38 -3.4e+38 -3.4e+38 -3.4e+38 -3.4e+38 -3.4e+38 -3.4e+38 -3.4e+38 -3.4e+38 -3.4e+38
16.7700004577637 14.706000328064 11.5270004272461 9.11400032043457 10.3369998931885 10.0469999313354 10.8030004501343 12.7410001754761 14.6960000991821 22.6380004882812 23.7369995117188 26.0659999847412 22.9680004119873 24.3139991760254 27.6410007476807 26.6800003051758 24.6630001068115 20.7000007629395 15.8210000991821 15.0229997634888 14.6780004501343 14.3500003814697 12.5139999389648 11.4860000610352 9.10499954223633 -3.4e+38 -3.4e+38 -3.4e+38 -3.4e+38 -3.4e+38 -3.4e+38 -3.4e+38 -3.4e+38 -3.4e+38 -3.4e+38 -3.4e+38 -3.4e+38 -3.4e+38 -3.4e+38 -3.4e+38 -3.4e+38 -3.4e+38 -3.4e+38 -3.4e+38 -3.4e+38 -3.4e+38
14.7869997024536 14.1859998703003 11.3549995422363 7.55100011825562 9.2189998626709 9.9379997253418 10.0620002746582 12.6719999313354 22.8889999389648 27.8969993591309 28.2129993438721 28.3169994354248 28.4540004730225 28.8950004577637 29.2880001068115 28.7479991912842 27.9120006561279 25.8020000457764 24.1410007476807 21.9160003662109 16.5779991149902 14.6520004272461 12.4519996643066 10.5500001907349 7.84999990463257 6.13700008392334 -3.4e+38 -3.4e+38 -3.4e+38 -3.4e+38 -3.4e+38 -3.4e+38 -3.4e+38 -3.4e+38 -3.4e+38 -3.4e+38 -3.4e+38 -3.4e+38 -3.4e+38 -3.4e+38 -3.4e+38 -3.4e+38 -3.4e+38 -3.4e+38 -3.4e+38 -3.4e+38
13.7049999237061 12.4589996337891 9.85599994659424 7.07299995422363 9.5959997177124 9.86600017547607 11.8479995727539 13.0539999008179 25.3390007019043 29.076000213623 29.3990001678467 29.8279991149902 30.0769996643066 30.1280002593994 30.4330005645752 30.0499992370605 29.2140007019043 28.548999786377 27.0919990539551 25.2759990692139 19.423999786377 15.6750001907349 12.2469997406006 10.1479997634888 7.76999998092651 5.91200017929077 4.09899997711182 -3.4e+38 -3.4e+38 -3.4e+38 -3.4e+38 -3.4e+38 -3.4e+38 -3.4e+38 -3.4e+38 -3.4e+38 -3.4e+38 -3.4e+38 -3.4e+38 -3.4e+38 -3.4e+38 -3.4e+38 -3.4e+38 -3.4e+38 -3.4e+38 -3.4e+38
13.2760000228882 10.6820001602173 6.73600006103516 7.27899980545044 8.60200023651123 9.85799980163574 12.2519998550415 23.681999206543 30.3449993133545 30.4080009460449 31.0960006713867 31.5499992370605 31.0450000762939 30.9599990844727 31.3409996032715 31.613000869751 31.1900005340576 30.6760005950928 28.8540000915527 25.9839992523193 23.2509994506836 18.2320003509521 13.4060001373291 9.23600006103516 6.95100021362305 5.74100017547607 3.92000007629395 2.78200006484985 -3.4e+38 -3.4e+38 -3.4e+38 -3.4e+38 -3.4e+38 -3.4e+38 -3.4e+38 -3.4e+38 -3.4e+38 -3.4e+38 -3.4e+38 -3.4e+38 -3.4e+38 -3.4e+38 -3.4e+38 -3.4e+38 -3.4e+38 -3.4e+38
14.5299997329712 12.5150003433228 10.4709997177124 9.07299995422363 9.07900047302246 9.66300010681152 17.0629997253418 27.863000869751 30.4150009155273 31.1700000762939 32.3930015563965 32.6349983215332 32.2000007629395 31.628999710083 31.7210006713867 32.4039993286133 32.2700004577637 31.0389995574951 28.5240001678467 28.0879993438721 23.9740009307861 21.2630004882812 17.0480003356934 8.76700019836426 5.76399993896484 4.94999980926514 3.82500004768372 1.90600001811981 2.03800010681152 -3.4e+38 -3.4e+38 -3.4e+38 -3.4e+38 -3.4e+38 -3.4e+38 -3.4e+38 -3.4e+38 -3.4e+38 -3.4e+38 -3.4e+38 -3.4e+38 -3.4e+38 -3.4e+38 -3.4e+38 -3.4e+38 -3.4e+38
14.7729997634888 13.7469997406006 12.5930004119873 11.6120004653931 17.4220008850098 21.7070007324219 25.6919994354248 28.7119998931885 30.0429992675781 31.8239994049072 33.2210006713867 33.5120010375977 33.4809989929199 33.2770004272461 32.648998260498 32.7379989624023 32.4490013122559 31.6959991455078 30.0939998626709 29.4449996948242 23.1730003356934 22.4130001068115 17.2169990539551 7.94799995422363 4.74499988555908 4.06199979782104 3.42400002479553 1.4190000295639 1.39800000190735 1.94599997997284 -3.4e+38 -3.4e+38 -3.4e+38 -3.4e+38 -3.4e+38 -3.4e+38 -3.4e+38 -3.4e+38 -3.4e+38 -3.4e+38 -3.4e+38 -3.4e+38 -3.4e+38 -3.4e+38 -3.4e+38 -3.4e+38
17.6049995422363 17.67799949646 17.3680000305176 18.7469997406006 24.1389999389648 26.6590003967285 27.0499992370605 28.9360008239746 31.6270008087158 32.859001159668 33.2039985656738 33.8899993896484 34.5460014343262 34.4109992980957 33.4869995117188 33.3310012817383 33.140998840332 32.0849990844727 31.3969993591309 29.7029991149902 24.6830005645752 22.742000579834 18.6399993896484 10.6639995574951 3.77600002288818 3.06800007820129 1.86099994182587 1.55499994754791 1.55299997329712 1.33700001239777 1.96800005435944 -3.4e+38 -3.4e+38 -3.4e+38 -3.4e+38 -3.4e+38 -3.4e+38 -3.4e+38 -3.4e+38 -3.4e+38 -3.4e+38 -3.4e+38 -3.4e+38 -3.4e+38 -3.4e+38 -3.4e+38
18.8379993438721 19.1770000457764 19.2110004425049 19.8740005493164 23.6679992675781 26.9459991455078 27.378999710083 29.1270008087158 32.1749992370605 32.476001739502 33.4640007019043 33.9389991760254 34.9160003662109 35.2109985351562 34.3919982910156 34.1049995422363 32.6980018615723 32.2319984436035 31.0319995880127 28.7059993743896 26.2789993286133 22.818000793457 22.2689990997314 15.1709995269775 4.06199979782104 3.71499991416931 2.84100008010864 3.19700002670288 1.64699995517731 1.04499995708466 1.06400001049042 1.9889999628067 -3.4e+38 -3.4e+38 -3.4e+38 -3.4e+38 -3.4e+38 -3.4e+38 -3.4e+38 -3.4e+38 -3.4e+38 -3.4e+38 -3.4e+38 -3.4e+38 -3.4e+38 -3.4e+38
19.0650005340576 19.8490009307861 19.3740005493164 20.4820003509521 22.0860004425049 25.7810001373291 27.8939990997314 29.3120002746582 32.3409996032715 31.9029998779297 33.4160003662109 34.5589981079102 35.1349983215332 35.2389984130859 34.5509986877441 33.5279998779297 32.5929985046387 32.4160003662109 31.6459999084473 28.8190002441406 25.7880001068115 21.9780006408691 21.8570003509521 17.0319995880127 11.3039999008179 7.13100004196167 6.71999979019165 6.66300010681152 4.77500009536743 2.36500000953674 1.02799999713898 0.959999978542328 2.01099991798401 -3.4e+38 -3.4e+38 -3.4e+38 -3.4e+38 -3.4e+38 -3.4e+38 -3.4e+38 -3.4e+38 -3.4e+38 -3.4e+38 -3.4e+38 -3.4e+38 -3.4e+38
22.5160007476807 22.7140007019043 19.628999710083 18.7070007324219 20.0170001983643 26.2259998321533 28.2590007781982 30.0820007324219 31.492000579834 31.8409996032715 33.8339996337891 34.757999420166 34.7290000915527 34.6129989624023 34.0130004882812 33.3190002441406 32.8569984436035 31.7469997406006 29.9689998626709 27.4209995269775 26.2630004882812 22.0830001831055 20.9790000915527 16.431999206543 11.4549999237061 8.59700012207031 9.58500003814697 7.70900011062622 7.83199977874756 5.45100021362305 2.70099997520447 1.92299997806549 1.50399994850159 1.97200000286102 -3.4e+38 -3.4e+38 -3.4e+38 -3.4e+38 -3.4e+38 -3.4e+38 -3.4e+38 -3.4e+38 -3.4e+38 -3.4e+38 -3.4e+38 -3.4e+38
25.4139995574951 23.9459991455078 21.8880004882812 23.0349998474121 24.3819999694824 27.9799995422363 28.0599994659424 29.451000213623 34.326000213623 34.3390007019043 33.1870002746582 34.4459991455078 34.2770004272461 34.0800018310547 33.1310005187988 32.9949989318848 32.423999786377 30.746000289917 30.0879993438721 27.6259994506836 26.9769992828369 22.257999420166 21.9720001220703 20.2859992980957 15.1920003890991 11.3079996109009 10.7320003509521 9.72200012207031 8.62899971008301 7.30299997329712 4.38000011444092 3.29200005531311 2.87299990653992 2.4539999961853 2.03399991989136 -3.4e+38 -3.4e+38 -3.4e+38 -3.4e+38 -3.4e+38 -3.4e+38 -3.4e+38 -3.4e+38 -3.4e+38 -3.4e+38 -3.4e+38
25.8920001983643 25.6879997253418 24.6669998168945 24.1259994506836 24.0970001220703 26.7719993591309 28.1399993896484 29.496000289917 36.5250015258789 38.9109992980957 34.9049987792969 33.5849990844727 33.0050010681152 32.148998260498 32.3730010986328 32.951000213623 32.1259994506836 30.5629997253418 29.0970001220703 27.6469993591309 25.8910007476807 22.9549999237061 22.0429992675781 21.9179992675781 17.8430004119873 11.9770002365112 11.8719997406006 11.2919998168945 9.9709997177124 8.05900001525879 6.33599996566772 4.25799989700317 4.04099988937378 3.82200002670288 3.40300011634827 2.98399996757507 -3.4e+38 -3.4e+38 -3.4e+38 -3.4e+38 -3.4e+38 -3.4e+38 -3.4e+38 -3.4e+38 -3.4e+38 -3.4e+38
26.9200000762939 26.5130004882812 25.6749992370605 25.0289993286133 24.3360004425049 25.7269992828369 28.4559993743896 30.7189998626709 38.507999420166 40.5499992370605 34.0410003662109 32.4690017700195 30.8050003051758 31.3680000305176 30.7689990997314 31.4699993133545 30.1380004882812 30.1410007476807 29.326000213623 27.5109996795654 25.4459991455078 23.6529998779297 21.9459991455078 21.875 16.4860000610352 13.5329999923706 13.0340003967285 12.4779996871948 11.4479999542236 9.8129997253418 7.83400011062622 4.67999982833862 2.70300006866455 2.48600006103516 2.26900005340576 2.05299997329712 5.32299995422363 -3.4e+38 -3.4e+38 -3.4e+38 -3.4e+38 -3.4e+38 -3.4e+38 -3.4e+38 -3.4e+38 -3.4e+38
31.0869998931885 29.4190006256104 26.7140007019043 25.875 26.4669990539551 28.242000579834 30.0879993438721 37.1139984130859 42.4809989929199 43.1940002441406 38.3400001525879 34.3279991149902 33.0289993286133 32.7369995117188 29.9360008239746 28.9290008544922 28.7530002593994 29.42799949646 27.4290008544922 27.2980003356934 25.996000289917 23.9540004730225 22.0440006256104 21.7719993591309 19.261999130249 15.4259996414185 14.0539999008179 13.0629997253418 12.1309995651245 10.5150003433228 8.35900020599365 5.58900022506714 3.38800001144409 1.26400005817413 2.3199999332428 8.06599998474121 7.68900012969971 4.15700006484985 -3.4e+38 -3.4e+38 -3.4e+38 -3.4e+38 -3.4e+38 -3.4e+38 -3.4e+38 -3.4e+38
31.298999786377 30.4769992828369 26.693000793457 25.6119995117188 27.0230007171631 30.0270004272461 30.7469997406006 34.4990005493164 40.8380012512207 41.2639999389648 39.3190002441406 34.7369995117188 33.7400016784668 31.9489994049072 31.2800006866455 29.5 28.5170001983643 28.2770004272461 27.742000579834 27.261999130249 26.5990009307861 25.7719993591309 22.7940006256104 21.7889995574951 21.7700004577637 19.5699996948242 14.8149995803833 13.4809999465942 12.1719999313354 10.6040000915527 8.6879997253418 8.95100021362305 5.95100021362305 5.14200019836426 12.4759998321533 14.6590003967285 10.1260004043579 6.59200000762939 4.59200000762939 -3.4e+38 -3.4e+38 -3.4e+38 -3.4e+38 -3.4e+38 -3.4e+38 -3.4e+38
33.7550010681152 32.1679992675781 30.4120006561279 25.9440002441406 24.9820003509521 28.132999420166 30.3110008239746 31.7029991149902 34.0620002746582 35.7560005187988 35.2080001831055 33.1559982299805 31.1590003967285 30.6709995269775 29.3400001525879 28.3659992218018 28.1889991760254 28.0060005187988 27.4050006866455 26.2830009460449 24.9619998931885 24.8120002746582 24.6359996795654 23.3799991607666 18.8090000152588 16.5540008544922 13.039999961853 12.0249996185303 12.83899974823 11.5290002822876 10.0050001144409 9.66300010681152 9.93900012969971 9.77200031280518 13.5679998397827 14.753999710083 11.3380002975464 8.41600036621094 5.70699977874756 5.36100006103516 -3.4e+38 -3.4e+38 -3.4e+38 -3.4e+38 -3.4e+38 -3.4e+38
33.9010009765625 33.0480003356934 32.5979995727539 25.5499992370605 24.0069999694824 25.1350002288818 28.4799995422363 31.0060005187988 31.1299991607666 32.7159996032715 33.2719993591309 32.4490013122559 31.2000007629395 30.693000793457 29.4409999847412 28.2280006408691 28.2059993743896 27.9549999237061 27.1019992828369 25.8950004577637 24.9650001525879 24.7099990844727 24.5049991607666 21.125 15.8360004425049 14.2819995880127 12.1660003662109 10.253999710083 11.4670000076294 12.6730003356934 12.4910001754761 13.0659999847412 10.2469997406006 13.539999961853 15.0860004425049 13.9309997558594 10.6180000305176 9.03400039672852 6.5770001411438 7.03000020980835 7.47399997711182 -3.4e+38 -3.4e+38 -3.4e+38 -3.4e+38 -3.4e+38
