02_asc_chm-r50m/BR220O.asc
NCOLS 200 
NROWS 201 
XLLCORNER 539851.5 
YLLCORNER 5294703 
CELLSIZE 0.5 
NODATA_value -3.4e+38 
[rows 100 to 119 of 201, columns 46 to 91 of 200]
30.2670001983643 30.1459999084473 29.2810001373291 28.826000213623 29.1639995574951 29.173999786377 27.9389991760254 27.2250003814697 27.9680004119873 30.5629997253418 32.9710006713867 33.6479988098145 34.1580009460449 34.5009994506836 34.6430015563965 33.7719993591309 33.1199989318848 32.0149993896484 31.0879993438721 28.6079998016357 27.5429992675781 27.4160003662109 27.1259994506836 27.0909996032715 25.2649993896484 24.6800003051758 28.6590003967285 25.8509998321533 24.1520004272461 25.5270004272461 25.6690006256104 26.6940002441406 28.2910003662109 28.8500003814697 27.6660003662109 27.8020000457764 28.4379997253418 29.5459995269775 30.5510005950928 30.5939998626709 30.3490009307861 31.0389995574951 31.371000289917 31.3740005493164 30.5400009155273 30.2609996795654
28.8689994812012 28.5669994354248 28.0189990997314 28.0779991149902 28.3290004730225 28.3570003509521 27.1669998168945 27.5139999389648 29.8320007324219 30.7240009307861 33.0900001525879 34.1259994506836 34.0219993591309 33.7249984741211 33.9580001831055 33.5359992980957 32.2369995117188 30.8920001983643 30.0820007324219 29.0520000457764 26.9570007324219 26.1630001068115 25.951000213623 22.3419990539551 17.7560005187988 17.0030002593994 18.6350002288818 21.8209991455078 23.6550006866455 24.0590000152588 24.8349990844727 26.2609996795654 26.9930000305176 27.136999130249 27.2140007019043 27.3050003051758 28.1669998168945 29.5319995880127 30.9090003967285 31.3889999389648 31.2329998016357 31.2520008087158 31.4419994354248 31.3589992523193 30.8120002746582 30.503999710083
26.8719997406006 27.0860004425049 26.7759990692139 27.3680000305176 27.8799991607666 27.9419994354248 27.4890003204346 27.742000579834 29.0540008544922 30.9669990539551 32.8160018920898 33.8819999694824 33.5320014953613 33.6319999694824 33.7330017089844 33.8339996337891 33.0149993896484 29.2299995422363 29.4680004119873 28.8819999694824 26.8080005645752 24.742000579834 22.1200008392334 18.1410007476807 17.6959991455078 18.4220008850098 18.5610008239746 19.7749996185303 20.5739994049072 20.632999420166 24.5030002593994 25.7180004119873 26.4249992370605 26.5629997253418 26.5779991149902 27.1650009155273 27.3859996795654 29.0200004577637 31.4669990539551 31.931999206543 31.7310009002686 31.6700000762939 31.5919990539551 31.4400005340576 30.9200000762939 30.4969997406006
25.4680004119873 25.8439998626709 26.1840000152588 26.7630004882812 27.2950000762939 25.9179992675781 26.2350006103516 27.4799995422363 29.007999420166 30.3110008239746 31.173999786377 31.4150009155273 32.4259986877441 32.1809997558594 32.1609992980957 32.1679992675781 30.9619998931885 28.0419998168945 28.6909999847412 28.0809993743896 27.0659999847412 25.0200004577637 19.6380004882812 16.8339996337891 17.9220008850098 19.0709991455078 19.3250007629395 19.4389991760254 19.9750003814697 20.6620006561279 22.2549991607666 23.5520000457764 24.9270000457764 25.0480003356934 25.4190006256104 26.798999786377 28.2740001678467 29.7900009155273 31.136999130249 31.3549995422363 31.3250007629395 32.0419998168945 31.5699996948242 31.5669994354248 31.2439994812012 30.5699996948242
26.128999710083 25.17799949646 25.0450000762939 25.5540008544922 26.8379993438721 27.2140007019043 27.5389995574951 26.1840000152588 27.2390003204346 27.4699993133545 28.1730003356934 30.0139999389648 30.7870006561279 30.6189994812012 30.2329998016357 28.511999130249 27.5510005950928 26.806999206543 27.4829998016357 26.7740001678467 24.9290008544922 24.3269996643066 19.0860004425049 17.2970008850098 19.0440006256104 19.7600002288818 20.1219997406006 19.6919994354248 20.0429992675781 20.6180000305176 21.2740001678467 21.1340007781982 22.4650001525879 23.0090007781982 24.6439990997314 26.2590007781982 27.7479991912842 29.5370006561279 30.117000579834 30.253999710083 30.798999786377 31.7229995727539 31.2560005187988 31.2339992523193 31.0340003967285 30.4790000915527
28.0340003967285 27.1989994049072 25.6389999389648 26.5060005187988 27.6730003356934 28.4599990844727 28.3090000152588 27.5049991607666 24.1900005340576 25.3889999389648 25.3490009307861 28.1959991455078 29.6100006103516 29.4260005950928 29.3880004882812 27.3540000915527 26.882999420166 26.3229999542236 25.701000213623 26.3279991149902 24.0330009460449 22.1410007476807 18.4179992675781 18.0049991607666 19.4409999847412 20.2019996643066 20.4930000305176 20.3840007781982 19.9680004119873 20.1180000305176 19.4139995574951 18.25 17.9669990539551 23.4090003967285 25.0319995880127 25.2059993743896 26.5060005187988 28.5170001983643 29.8379993438721 30.1459999084473 30.056999206543 30.1919994354248 29.7339992523193 30.5939998626709 30.6509990692139 30.5060005187988
27.4680004119873 28.1079998016357 27.451000213623 27.9099998474121 28.7900009155273 29.2089996337891 28.9950008392334 28.0300006866455 25.8579998016357 26.8159999847412 25.3759994506836 25.7070007324219 26.5820007324219 28.4379997253418 27.9559993743896 26.2970008850098 25.6350002288818 26.1790008544922 25.4309997558594 21.4640007019043 20.7639999389648 22.6110000610352 19.9449996948242 18.8020000457764 19.6259994506836 20.3780002593994 20.3540000915527 20.2999992370605 19.9750003814697 19.8770008087158 17.9759998321533 17.0739994049072 17.1690006256104 18.9780006408691 23.5979995727539 24.8139991760254 26.1889991760254 27.8570003509521 29.7450008392334 29.9179992675781 29.4699993133545 28.9080009460449 28.6630001068115 29.4740009307861 29.7210006713867 29.4220008850098
25.3239994049072 26.9519996643066 28.003999710083 29.068000793457 29.6940002441406 29.9349994659424 29.5170001983643 27.8929996490479 27.6480007171631 27.2649993896484 26.4260005950928 25.7590007781982 25.8129997253418 25.6110000610352 24.6690006256104 23.9740009307861 24.246000289917 25.2789993286133 24.2749996185303 20.42799949646 14.5459995269775 15.8369998931885 16.7600002288818 19.0330009460449 19.6730003356934 20.128999710083 20.2950000762939 19.6049995422363 19.7360000610352 19.298999786377 18.0170001983643 17.2779998779297 16.9349994659424 17.867000579834 20.068000793457 23.1439990997314 24.8819999694824 26.9869995117188 28.6280002593994 29.1019992828369 29.1520004272461 28.9680004119873 27.4060001373291 27.8129997253418 27.3579998016357 26.628999710083
25.3129997253418 26.5949993133545 28.2849998474121 28.9080009460449 29.8600006103516 29.94700050354 28.9009990692139 27.9850006103516 27.681999206543 27.1299991607666 26.7889995574951 23.6569995880127 22.9270000457764 21.6189994812012 21.8479995727539 22.136999130249 23.1389999389648 23.1229991912842 21.1539993286133 16.2150001525879 14.4350004196167 14.3889999389648 14.3489999771118 17.7689990997314 19.3419990539551 19.806999206543 19.9139995574951 19.5090007781982 19.2770004272461 18.7679996490479 18.2150001525879 17.8199996948242 16.242000579834 18.4799995422363 20.0230007171631 22.2229995727539 23.0450000762939 25.5459995269775 25.9139995574951 27.0820007324219 27.9710006713867 27.5739994049072 26.0219993591309 26.5520000457764 25.007999420166 22.9650001525879
25.4759998321533 26.4559993743896 27.7999992370605 28.576000213623 29.7649993896484 29.4750003814697 28.5900001525879 27.9710006713867 27.6909999847412 27.386999130249 26.4589996337891 22.4549999237061 20.878999710083 20.9829998016357 21.30299949646 21.2950000762939 21.0279998779297 21.2549991607666 20.1439990997314 14.8219995498657 13.996000289917 14.0600004196167 14.246000289917 16.9009990692139 18.9750003814697 19.1639995574951 19.3999996185303 19.4529991149902 18.636999130249 18.5930004119873 17.882999420166 16.8649997711182 15.3839998245239 15.3959999084473 18.6919994354248 21.951000213623 22.5990009307861 22.7689990997314 22.4309997558594 22.8640003204346 23.6690006256104 24.5930004119873 24.4169998168945 23.8120002746582 21.4360008239746 20.1450004577637
26.636999130249 26.6679992675781 27.1830005645752 28.5839996337891 28.9930000305176 28.9459991455078 27.9740009307861 27.931999206543 27.2779998779297 27.257999420166 26.6800003051758 22.4979991912842 20.386999130249 20.2070007324219 20.2520008087158 19.8700008392334 19.2870006561279 19.5979995727539 18.1599998474121 11.5410003662109 12.3009996414185 13.8090000152588 15.1070003509521 16.8640003204346 17.8719997406006 18.0279998779297 18.0340003967285 17.7119998931885 17.7099990844727 17.7029991149902 17.5590000152588 16.068000793457 15.2559995651245 15.3269996643066 15.6700000762939 19.5869998931885 22.5230007171631 23.2800006866455 22.7830009460449 23.007999420166 22.7859992980957 23.0909996032715 20.4459991455078 20.3880004882812 20.4939994812012 20.5550003051758
27.5359992980957 27.1550006866455 26.5189990997314 27.1299991607666 27.9179992675781 28.0590000152588 27.673999786377 27.2169990539551 26.5310001373291 25.9169998168945 25.8159999847412 23.8540000915527 20.9050006866455 19.9629993438721 19.6630001068115 19.30299949646 19.5170001983643 19.0170001983643 19.5470008850098 13.9130001068115 13.5310001373291 14.0590000152588 15.7170000076294 16.8279991149902 16.8959999084473 17.30299949646 17.1520004272461 17.0170001983643 17.1079998016357 16.6879997253418 16.0620002746582 17.2970008850098 15.9209995269775 17.2290000915527 19.0699996948242 20.5860004425049 22.1539993286133 23.0639991760254 22.5470008850098 22.3920001983643 22.2800006866455 21.6119995117188 20.5830001831055 20.3719997406006 20.4370002746582 20.5599994659424
28.1620006561279 27.7000007629395 26.7600002288818 25.6580009460449 26.2709999084473 27.1669998168945 24.7889995574951 25.4120006561279 26.0310001373291 25.3579998016357 25.0709991455078 24.0839996337891 21.1350002288818 19.9969997406006 20.3579998016357 21.8229999542236 21.6009998321533 20.1749992370605 20.2150001525879 20.0240001678467 19.5219993591309 19.6189994812012 17.181999206543 17.8990001678467 18.1089992523193 18.4459991455078 22.2759990692139 22.9500007629395 23.4419994354248 21.2310009002686 17.5200004577637 25.4370002746582 24.3759994506836 22.8719997406006 22.4260005950928 20.757999420166 21.4990005493164 22.136999130249 22.3509998321533 22.3419990539551 22.0380001068115 20.8490009307861 20.0400009155273 19.8560009002686 21.42799949646 21.9930000305176
28.0599994659424 27.7280006408691 25.882999420166 25.1959991455078 26.1709995269775 25.931999206543 23.7259998321533 24.2940006256104 24.9699993133545 24.3719997406006 22.7600002288818 22.2019996643066 20.5139999389648 20.8610000610352 22.8540000915527 22.9099998474121 23.6340007781982 22.7779998779297 22.9209995269775 22.7749996185303 22.9610004425049 21.9799995422363 20.5550003051758 19.4710006713867 20.7329998016357 21.2040004730225 25.8819999694824 27.8980007171631 27.1919994354248 25.0090007781982 26.3549995422363 27.9130001068115 27.9570007324219 28.1660003662109 26.1019992828369 22.8050003051758 21.6609992980957 22.0890007019043 21.9729995727539 21.8780002593994 21.0440006256104 20.4389991760254 21.0049991607666 23.3680000305176 23.30299949646 22.8889999389648
28.1319999694824 27.6749992370605 26.4810009002686 24.9669990539551 24.1140003204346 23.6879997253418 23.7609996795654 23.7189998626709 22.9659996032715 21.5480003356934 20.8439998626709 20.6639995574951 22.9249992370605 24.4759998321533 24.7950000762939 25.1809997558594 26.6800003051758 26.2099990844727 26.1889991760254 25.0520000457764 23.5879993438721 23.9209995269775 22.3990001678467 20.1100006103516 21.0839996337891 22.8150005340576 27.3290004730225 29.0470008850098 30.6900005340576 30.2840003967285 31.1019992828369 31.3190002441406 28.5699996948242 28.5370006561279 26.0669994354248 22.4309997558594 22.42799949646 22.1709995269775 21.6459999084473 21.3990001678467 21.4629993438721 21.1909999847412 21.3470001220703 23.67799949646 24.3150005340576 25.2759990692139
28.0139999389648 27.4260005950928 26.3700008392334 23.5380001068115 22.1200008392334 22.5669994354248 23.5270004272461 23.7049999237061 22.7119998931885 22.0769996643066 21.4570007324219 20.7530002593994 23.5860004425049 26.2369995117188 26.1450004577637 27.7150001525879 28.3700008392334 28.1079998016357 27.4780006408691 26.5249996185303 25.7779998779297 25.7709999084473 25.3349990844727 21.6240005493164 20.1959991455078 24.2819995880127 30.0590000152588 31.318000793457 35.7599983215332 37.2000007629395 33.9799995422363 32.6870002746582 29.0499992370605 29.0170001983643 28.742000579834 25.9540004730225 22.5149993896484 20.5629997253418 20.8659992218018 20.5629997253418 21.6580009460449 21.9360008239746 22.0319995880127 24.0090007781982 24.8390007019043 25.8700008392334
27.0769996643066 26.806999206543 25.8589992523193 23.2970008850098 21.9909992218018 20.7000007629395 22.2819995880127 21.6070003509521 19.201000213623 22.488000869751 23.3990001678467 22.5049991607666 26.0639991760254 28.0650005340576 27.7150001525879 28.6560001373291 29.1639995574951 29.4400005340576 28.9200000762939 27.7749996185303 26.5470008850098 26.4839992523193 26.0739994049072 25.0790004730225 25.0860004425049 30.8799991607666 35.7470016479492 38.7900009155273 40.9679985046387 41.1110000610352 38.0849990844727 35.8359985351562 31.6790008544922 33.5400009155273 33.8330001831055 27.4039993286133 22.9500007629395 21.068000793457 20.4050006866455 19.4349994659424 20.8680000305176 22.1350002288818 22.5739994049072 23.7229995727539 24.9190006256104 26.4309997558594
26.5209999084473 26.4680004119873 25.7229995727539 24.318000793457 23.7159996032715 19.125 19.3770008087158 17.492000579834 17.4529991149902 23.9529991149902 25.2180004119873 27.9899997711182 29.4850006103516 29.8640003204346 30.0979995727539 30.556999206543 30.5979995727539 30.3969993591309 29.9990005493164 29.0240001678467 26.4379997253418 26.6490001678467 27.2800006866455 27.8209991455078 30.7840003967285 36.6769981384277 39.9799995422363 40.7360000610352 41.0750007629395 41.3209991455078 43.4900016784668 39.4650001525879 38.0180015563965 37.8870010375977 37.0929985046387 34.0589981079102 25.798999786377 21.5590000152588 20.7929992675781 19.6079998016357 20.9790000915527 21.6870002746582 23.6949996948242 24.2919998168945 24.6650009155273 25.3929996490479
26.3740005493164 25.8309993743896 25.0620002746582 24.0900001525879 23.30299949646 20.7530002593994 18.6790008544922 19.0599994659424 21.2919998168945 24.7819995880127 26.1940002441406 27.9349994659424 29.3859996795654 30.3479995727539 30.6609992980957 31.3120002746582 32.0009994506836 32.0260009765625 31.5090007781982 31.1809997558594 28.1189994812012 26.5839996337891 27.9290008544922 30.6469993591309 36.6920013427734 41.9480018615723 44.3040008544922 44.568000793457 44.5639991760254 44.2480010986328 45.5779991149902 42.5849990844727 39.8139991760254 39.7610015869141 38.132999420166 37.1870002746582 32.7960014343262 26.443000793457 21.4839992523193 15.6280002593994 18.4050006866455 20.757999420166 22.9820003509521 24.4230003356934 24.5349998474121 24.4529991149902
26.3799991607666 25.1340007781982 24.6720008850098 24.2119998931885 22.7980003356934 20.2980003356934 19.5440006256104 21.923999786377 22.9740009307861 24.0510005950928 26.8479995727539 28.1399993896484 30.2140007019043 31.5809993743896 31.8460006713867 32.2890014648438 32.4710006713867 32.523998260498 32.0960006713867 31.2859992980957 29.3740005493164 27.2549991607666 28.2269992828369 36.4059982299805 42.6749992370605 44.0040016174316 45.3199996948242 45.8680000305176 46.2249984741211 46.1500015258789 46.1669998168945 46.2569999694824 41.2179985046387 41.1389999389648 40.6629981994629 37.0019989013672 35.2200012207031 30.806999206543 22.3250007629395 21.2329998016357 19.9799995422363 20.5030002593994 22.4699993133545 22.9130001068115 24.3169994354248 24.2080001831055
