02_asc_chm-r50m/BR221H.asc
NCOLS 200 
NROWS 200 
XLLCORNER 547729 
YLLCORNER 5283275.5 
CELLSIZE 0.5 
NODATA_value -3.4e+38 
[rows 20 to 39 of 200, columns 46 to 91 of 200]
27.8159999847412 27.943000793457 28.5009994506836 27.9179992675781 23.2140007019043 22.2889995574951 23.0750007629395 20.8920001983643 19.7770004272461 22.1700000762939 22.6439990997314 24.8929996490479 22.5949993133545 24.451000213623 24.3680000305176 24.1749992370605 24.7830009460449 26.8349990844727 28.1919994354248 30.261999130249 33.3880004882812 34.8899993896484 35.1399993896484 36.9210014343262 38.492000579834 37.2179985046387 36.9729995727539 35.939998626709 36.2669982910156 34.1650009155273 35.3050003051758 35.9039993286133 37.0320014953613 37.742000579834 37.8919982910156 36.8380012512207 36.1800003051758 35.8950004577637 33.6839981079102 33.7900009155273 34.0530014038086 13.460000038147 9.48900032043457 14.0769996643066 20.8589992523193 24.2150001525879
30.8500003814697 30.9899997711182 31.3889999389648 31.1979999542236 26.8139991760254 27.3479995727539 23.3110008239746 20.4680004119873 17.3610000610352 16.2849998474121 17.201000213623 19.0149993896484 20.4209995269775 24.0779991149902 24.2689990997314 24.6159992218018 25.1469993591309 28.3339996337891 32.640998840332 34.6119995117188 36.1609992980957 36.5559997558594 36.5690002441406 36.4620018005371 39.3089981079102 37.1080017089844 35.1240005493164 36.5309982299805 35.2869987487793 33.1069984436035 35.0859985351562 37.1269989013672 37.4059982299805 37.4480018615723 37.273998260498 36.7200012207031 36.2649993896484 34.9370002746582 33.1049995422363 33.0260009765625 29.3640003204346 9.97900009155273 1.16999995708466 1.39300000667572 9.2189998626709 17.5860004425049
32.4249992370605 32.8479995727539 33.2029991149902 33.4949989318848 28.9799995422363 29.4759998321533 27.0410003662109 25.5139999389648 19.1299991607666 14.6479997634888 14.789999961853 18.8910007476807 21.5510005950928 24.1590003967285 24.568000793457 25.1200008392334 25.4160003662109 25.4939994812012 33.9519996643066 35.148998260498 35.9589996337891 36.7120018005371 37.1720008850098 40.2939987182617 41.3660011291504 40.1389999389648 38.5419998168945 37.6749992370605 36.2569999694824 36.1660003662109 36.2569999694824 36.0670013427734 36.2970008850098 36.1759986877441 35.2840003967285 34.9640007019043 35.1619987487793 34.3079986572266 28.7849998474121 4.91900014877319 5.90500020980835 1.08200001716614 1.17799997329712 1.39699995517731 1.67499995231628 6.94000005722046
33.9879989624023 33.9029998779297 32.7490005493164 30.5970001220703 29.6580009460449 30.121000289917 27.625 25.7029991149902 25.1560001373291 11.8940000534058 10.6330003738403 17.1879997253418 20.5130004882812 23.5750007629395 24.3330001831055 24.8939990997314 25.2479991912842 25.25 30.5149993896484 34.310001373291 35.6279983520508 36.9339981079102 37.3269996643066 41.6720008850098 43.0120010375977 43.226001739502 40.7379989624023 38.798999786377 37.7369995117188 36.4249992370605 35.8790016174316 35.7249984741211 35.3129997253418 35.2029991149902 33.9140014648438 33.4850006103516 33.9500007629395 27.048999786377 21.1830005645752 5.7979998588562 1.3400000333786 1.86199998855591 2.09999990463257 1.87300002574921 1.53699994087219 1.83599996566772
35.2589988708496 35.2929992675781 34.5509986877441 32.564998626709 30.4780006408691 29.9459991455078 27.8110008239746 25.9120006561279 24.878999710083 16.2029991149902 15.6129999160767 18.5 20.5879993438721 22.1359996795654 23.0049991607666 24.0979995727539 24.798999786377 25.8850002288818 27.6599998474121 31.3729991912842 33.8019981384277 36.443000793457 39.4500007629395 41.8250007629395 42.7709999084473 42.3400001525879 40.0929985046387 39.4659996032715 38.1459999084473 37.1910018920898 35.3759994506836 35.5009994506836 34.2849998474121 32.7159996032715 33.0139999389648 33.7519989013672 29.9869995117188 15.0349998474121 10.3369998931885 5.91699981689453 1.58399999141693 2.17000007629395 2.3659999370575 2.59599995613098 2.41300010681152 9.90999984741211
36.5929985046387 36.0929985046387 35.3720016479492 33.9049987792969 33.0859985351562 29.2040004730225 28.8169994354248 26.931999206543 23.0820007324219 12.5539999008179 13.5010004043579 17.0130004882812 18.0230007171631 21.9389991760254 23.1830005645752 24.1319999694824 24.4179992675781 26.3239994049072 28.3279991149902 29.451000213623 34.0530014038086 36.7210006713867 39.0620002746582 39.2799987792969 41.351001739502 40.673999786377 39.5909996032715 38.8720016479492 37.4070014953613 37.431999206543 33.8530006408691 34.5989990234375 32.7690010070801 30.7929992675781 29.5149993896484 29.8640003204346 22.076000213623 5.5460000038147 1.36699998378754 1.75300002098083 1.76300001144409 2.33200001716614 2.82699990272522 2.96300005912781 2.87800002098083 14.8570003509521
36.7330017089844 36.6129989624023 35.8730010986328 34.6119995117188 33.8380012512207 30.8850002288818 29.3759994506836 27.5620002746582 15.871000289917 11.1400003433228 11.5159997940063 13.1569995880127 17.9759998321533 20.2819995880127 23.4419994354248 26.6529998779297 26.8010005950928 27.5440006256104 27.8040008544922 29.2140007019043 32.9220008850098 35.5919990539551 36.9129981994629 38.4589996337891 40.2210006713867 39.1479988098145 38.8950004577637 37.6920013427734 36.2630004882812 35.9360008239746 34.8199996948242 33.5060005187988 31.8409996032715 29.5499992370605 26.3939990997314 26.0370006561279 25.1089992523193 14.668999671936 1.54900002479553 1.89699995517731 2.03900003433228 2.53299999237061 3.44300007820129 4.00299978256226 3.55699992179871 17.3649997711182
36.1150016784668 36.5429992675781 36.0439987182617 34.9480018615723 34.3380012512207 32.0800018310547 29.7199993133545 26.5100002288818 14.3640003204346 10.673999786377 10.168999671936 12.7690000534058 16.7290000915527 19.4409999847412 21.1259994506836 25.3850002288818 27.3239994049072 27.5470008850098 28.3619995117188 29.5769996643066 32.3860015869141 33.7249984741211 36.0519981384277 38.173999786377 38.3849983215332 36.6640014648438 37.3569984436035 38.0559997558594 36.148998260498 36.5429992675781 36.4490013122559 35.5449981689453 34.5390014648438 33.5110015869141 30.1499996185303 28.4409999847412 26.1790008544922 16.7789993286133 1.69200003147125 2.01999998092651 13.1149997711182 8.39900016784668 6.44000005722046 5.33500003814697 8.32600021362305 18.0970001220703
35.6520004272461 35.6080017089844 35.4119987487793 34.3370018005371 34.1839981079102 32.7449989318848 29.7530002593994 28.2910003662109 12.2360000610352 10.539999961853 12.081000328064 15.8380002975464 18.9249992370605 19.1480007171631 19.5779991149902 21.9190006256104 25.4360008239746 27.2560005187988 28.8360004425049 29.4060001373291 30.8530006408691 30.3330001831055 32.8790016174316 36.7439994812012 35.931999206543 35.8600006103516 36.4850006103516 36.7169990539551 37.242000579834 38.1619987487793 38.0470008850098 36.7859992980957 36.0870018005371 34.4249992370605 31.9570007324219 29.3530006408691 26.0179996490479 2.6489999294281 6.44399976730347 8.00599956512451 25.9050006866455 23.4200000762939 13.3599996566772 11.1929998397827 14.543999671936 16.5970001220703
33.7309989929199 33.6230010986328 33.0040016174316 33.6129989624023 33.601001739502 31.568000793457 28.0750007629395 25.5189990997314 12.9289999008179 10.4020004272461 10.2080001831055 10.5509996414185 13.9569997787476 18.2479991912842 18.2830009460449 19.5370006561279 20.4589996337891 25.8209991455078 30.3159999847412 30.1439990997314 27.4290008544922 24.05299949646 29.5230007171631 34.7179985046387 35.6549987792969 34.2649993896484 35.4449996948242 36.7299995422363 37.7330017089844 38.4589996337891 38.2029991149902 36.4449996948242 35.8819999694824 33.4879989624023 31.5930004119873 31.5629997253418 28.8899993896484 9.99899959564209 23.6089992523193 10.5469999313354 26.2290000915527 26.3910007476807 17.6690006256104 10.0179996490479 15.0719995498657 16.0650005340576
33.3650016784668 32.9710006713867 31.6200008392334 31.5510005950928 32.1399993896484 29.048999786377 22.6599998474121 17.8959999084473 10.6569995880127 10.16100025177 10.1280002593994 9.81700038909912 8.58199977874756 13.8549995422363 17.8740005493164 18.19700050354 22.8959999084473 27.6469993591309 31.4610004425049 29.0659999847412 24.8659992218018 28.8090000152588 31.7259998321533 34.8930015563965 34.4179992675781 33.5429992675781 33.8499984741211 36.4459991455078 37.6650009155273 37.3720016479492 36.9949989318848 35.5750007629395 34.8650016784668 33.3279991149902 32.2980003356934 32.2120018005371 32.2200012207031 30.3649997711182 31.5750007629395 29.9160003662109 27.2430000305176 29.5510005950928 28.4710006713867 23.4099998474121 17.0540008544922 16.9489994049072
32.5670013427734 32.3440017700195 32.5379981994629 31.0480003356934 30.0820007324219 25.621000289917 17.2110004425049 11.0900001525879 10.1149997711182 9.91399955749512 9.63099956512451 9.60799980163574 10.3159999847412 13.3879995346069 19.5410003662109 20.8810005187988 27.7450008392334 32.4389991760254 32.6199989318848 31.9969997406006 29.8020000457764 31.8250007629395 32.8880004882812 33.451000213623 32.0200004577637 31.1299991607666 32.6549987792969 36.189998626709 37.2709999084473 37.0359992980957 36.5519981384277 35.064998626709 34.4039993286133 33.1440010070801 32.3460006713867 33.3339996337891 33.5169982910156 32.8860015869141 31.8279991149902 31.9950008392334 31.4090003967285 32.0639991760254 31.3449993133545 27.94700050354 22.8129997253418 23.0279998779297
31.5279998779297 30.6550006866455 30.7609996795654 29.9780006408691 29.617000579834 18.1639995574951 12.2019996643066 11.8439998626709 9.85599994659424 9.79800033569336 9.66300010681152 9.69600009918213 9.47500038146973 13.5729999542236 21.5729999542236 30.6200008392334 33.056999206543 33.0320014953613 33.3930015563965 33.4360008239746 33.5800018310547 32.9959983825684 33.3959999084473 33.4580001831055 32.4679985046387 28.7749996185303 30.8349990844727 34.9980010986328 36.1399993896484 36.1180000305176 35.6100006103516 35.1030006408691 34.1399993896484 32.2949981689453 32.6809997558594 29.5909996032715 35.0149993896484 33.923999786377 35.3129997253418 34.4449996948242 35.4020004272461 34.2309989929199 33.6030006408691 31.3439998626709 28.6189994812012 27.3680000305176
33.8779983520508 31.3799991607666 28.863000869751 26.4099998474121 26.0779991149902 16.1560001373291 15.4490003585815 12.2849998474121 10.6099996566772 10.9680004119873 10.3020000457764 10.8330001831055 25.3199996948242 29.1079998016357 32.6300010681152 32.9780006408691 35.4300003051758 36.1730003356934 36.0250015258789 35.3540000915527 34.4010009765625 33.0429992675781 33.3849983215332 33.2799987792969 30.5310001373291 26.7919998168945 29.0709991455078 31.0890007019043 32.4830017089844 33.9480018615723 34.3160018920898 32.1300010681152 31.1709995269775 31.6989994049072 29.9650001525879 20.6760005950928 28.2490005493164 37.4710006713867 37.9490013122559 37.2179985046387 37.8279991149902 35.423999786377 34.7690010070801 31.5330009460449 28.5349998474121 28.7140007019043
36.8190002441406 34.6800003051758 32.8320007324219 29.003999710083 24.8250007629395 22.261999130249 14.960000038147 12.7569999694824 12.4720001220703 12.8620004653931 11.9930000305176 12.1420001983643 19.3859996795654 33.1769981384277 33.1619987487793 35.0359992980957 37.4550018310547 37.2929992675781 36.7459983825684 35.9560012817383 35.0299987792969 33.9010009765625 33.8600006103516 33.9020004272461 32.6419982910156 27.7600002288818 30.2569999694824 30.1709995269775 31.6319999694824 32.6450004577637 32.5400009155273 31.7940006256104 28.7000007629395 30.17799949646 30.7889995574951 30.8959999084473 36.6949996948242 38.5940017700195 39.4189987182617 39.2190017700195 38.265998840332 36.7350006103516 35.0610008239746 33.6629981994629 30.6979999542236 27.6389999389648
37.3730010986328 36.140998840332 33.7099990844727 29.693000793457 24.9060001373291 20.8090000152588 13.548999786377 13.0539999008179 13.2569999694824 13.2589998245239 12.7259998321533 12.331000328064 12.2320003509521 26.9459991455078 34.4560012817383 37.1920013427734 37.6759986877441 38.1790008544922 37.5009994506836 37.234001159668 38.4230003356934 38.2270011901855 37.4650001525879 35.6529998779297 32.0769996643066 27.7779998779297 28.7789993286133 29.4930000305176 29.1159992218018 29.7569999694824 29.5170001983643 29.7290000915527 26.9860000610352 30.0779991149902 30.9979991912842 33.7960014343262 37.0519981384277 39.0400009155273 40.0309982299805 39.9070014953613 38.601001739502 37.7620010375977 36.3129997253418 35.0709991455078 32.4589996337891 31.0069999694824
39.5320014953613 36.4519996643066 32.5149993896484 25.9939994812012 25.2970008850098 16.1760005950928 13.5860004425049 13.418999671936 13.5170001983643 13.6040000915527 13.4090003967285 15.4469995498657 23.5429992675781 28.5790004730225 33.8199996948242 37.2999992370605 39.4070014953613 41.5110015869141 41.5009994506836 41.5979995727539 41.851001739502 41.2430000305176 38.2439994812012 37.8619995117188 30.9680004119873 28.5839996337891 29.1140003204346 27.2660007476807 26.6219997406006 26.2269992828369 24.7980003356934 24.9610004425049 24.7970008850098 29.8360004425049 32.2620010375977 34.4099998474121 37.2000007629395 38.1479988098145 39.1990013122559 39.6440010070801 39.4049987792969 37.2150001525879 36.7229995727539 35.375 34.0909996032715 31.1259994506836
41.4879989624023 38.306999206543 35.1450004577637 29.8349990844727 29.9220008850098 19.3899993896484 14.8680000305176 14.0150003433228 14.835000038147 15.8590002059937 14.8839998245239 16.5340003967285 26.5330009460449 28.757999420166 36.6990013122559 39.6129989624023 40.9070014953613 42.7980003356934 43.8089981079102 43.6629981994629 43.3089981079102 42.1829986572266 39.757999420166 37.9150009155273 31.5750007629395 27.1679992675781 25.3939990997314 22.0279998779297 21.9440002441406 22.0200004577637 20.863000869751 22.4680004119873 23.7290000915527 28.9190006256104 32.6279983520508 34.9630012512207 36.1759986877441 36.8479995727539 38.6590003967285 38.6269989013672 38.2430000305176 36.5629997253418 34.6969985961914 34.9469985961914 32.4230003356934 30.253999710083
40.7389984130859 37.0870018005371 36.0509986877441 30.9599990844727 24.0249996185303 17.5179996490479 17.8850002288818 15.414999961853 15.5740003585815 16.0069999694824 16.0219993591309 14.4350004196167 26.9260005950928 28.6200008392334 36.484001159668 38.1910018920898 41.3429985046387 43.8959999084473 44.7120018005371 44.375 43.8320007324219 41.6180000305176 40.257999420166 36.4980010986328 29.6770000457764 23.2169990539551 19.9619998931885 19.6410007476807 20.5270004272461 20.2970008850098 19.5540008544922 19.8640003204346 24.1639995574951 28.9759998321533 31.9589996337891 32.8279991149902 35.7089996337891 36.4000015258789 37.4560012817383 37.4780006408691 37.3629989624023 35.7070007324219 33.3530006408691 33.3250007629395 30.8570003509521 28.8810005187988
39.0219993591309 36.673999786377 37.1199989318848 32.0400009155273 19.7450008392334 18.193000793457 18.0450000762939 17.6760005950928 16.1009998321533 15.8109998703003 15.6789999008179 14.7250003814697 24.7770004272461 29.9349994659424 36.9749984741211 34.9749984741211 38.5610008239746 42.8740005493164 44.5139999389648 44.1020011901855 43.1599998474121 40.7760009765625 39.8019981384277 33.1500015258789 28.7360000610352 22.3840007781982 20.1550006866455 22.1749992370605 22.7670001983643 22.6030006408691 19.0970001220703 19.9300003051758 22.5060005187988 25.1550006866455 28.8549995422363 31.2259998321533 34.3230018615723 35.5800018310547 35.4580001831055 35.6580009460449 36.4749984741211 32.6430015563965 32.8720016479492 31.0990009307861 27.1389999389648 26.5510005950928
