02_asc_chm-r50m/BR22XA.asc
NCOLS 201 
NROWS 201 
XLLCORNER 550783.5 
YLLCORNER 5279245.5 
CELLSIZE 0.5 
NODATA_value -3.4e+38 
[rows 60 to 79 of 201, columns 0 to 45 of 201]
-3.4e+38 -3.4e+38 -3.4e+38 -3.4e+38 -3.4e+38 -3.4e+38 -3.4e+38 -3.4e+38 -3.4e+38 -3.4e+38 14.0679998397827 21.6189994812012 22.6189994812012 23.8560009002686 26.4260005950928 28.3999996185303 29.1760005950928 28.9459991455078 29.7119998931885 30.2180004119873 30.9769992828369 31.0009994506836 30.6790008544922 30.2229995727539 30.1709995269775 29.6620006561279 29.0799999237061 28.1590003967285 27.4190006256104 26.0349998474121 24.5259990692139 26.4349994659424 26.7730007171631 28.7649993896484 29.5149993896484 29.9069995880127 29.8880004882812 29.201000213623 28.0090007781982 27.2609996795654 27.05299949646 26.5200004577637 25.9820003509521 27.7900009155273 27.4650001525879 26.7950000762939
-3.4e+38 -3.4e+38 -3.4e+38 -3.4e+38 -3.4e+38 -3.4e+38 -3.4e+38 -3.4e+38 -3.4e+38 -3.4e+38 21.2199993133545 21.3349990844727 22.1070003509521 23.8059997558594 24.6089992523193 27.3500003814697 28.8570003509521 28.6989994049072 29.3490009307861 29.5540008544922 29.4120006561279 29.6089992523193 29.1889991760254 28.69700050354 28.9810009002686 29.05299949646 28.1849994659424 27.3430004119873 25.7590007781982 20.6450004577637 24.121000289917 26.9589996337891 27.3010005950928 28.9619998931885 29.6660003662109 30.4820003509521 30.7819995880127 29.9150009155273 28.9599990844727 27.4300003051758 26.4869995117188 26.4650001525879 26.4869995117188 27.3910007476807 27.4640007019043 26.1679992675781
-3.4e+38 -3.4e+38 -3.4e+38 -3.4e+38 -3.4e+38 -3.4e+38 -3.4e+38 -3.4e+38 -3.4e+38 20.3460006713867 22.6849994659424 23.9669990539551 25.2819995880127 25.2569999694824 25.4139995574951 27.4829998016357 28.2259998321533 28.4529991149902 27.8850002288818 28.0659999847412 27.5790004730225 27.5189990997314 27.7360000610352 28.3700008392334 28.4209995269775 27.1669998168945 26.3129997253418 25.8400001525879 23.5599994659424 20.8799991607666 23.257999420166 25.7049999237061 28.0319995880127 29.4640007019043 30.1100006103516 30.7740001678467 31.3320007324219 30.2569999694824 29.2530002593994 28.1529998779297 27.443000793457 26.3400001525879 26.1690006256104 26.8419990539551 26.8889999389648 25.9990005493164
-3.4e+38 -3.4e+38 -3.4e+38 -3.4e+38 -3.4e+38 -3.4e+38 -3.4e+38 -3.4e+38 -3.4e+38 18.9009990692139 23.1949996948242 24.9689998626709 25.8910007476807 25.8120002746582 26.173999786377 27.0440006256104 27.5130004882812 27.6280002593994 27.4419994354248 26.8020000457764 26.2590007781982 26.2259998321533 26.9379997253418 27.7000007629395 25.1049995422363 23.3500003814697 23.367000579834 23.6490001678467 21.9220008850098 20.0809993743896 23.7679996490479 26.738000869751 28.4650001525879 29.2390003204346 29.6389999389648 29.7600002288818 30.1650009155273 29.1019992828369 28.2759990692139 27.8239994049072 27.1860008239746 25.9179992675781 25.5900001525879 25.5480003356934 25.5580005645752 24.9740009307861
-3.4e+38 -3.4e+38 -3.4e+38 -3.4e+38 -3.4e+38 -3.4e+38 -3.4e+38 -3.4e+38 15.6569995880127 22.0349998474121 23.6270008087158 25.4039993286133 25.6389999389648 25.6319999694824 25.5440006256104 26.0520000457764 27.07200050354 27.0729999542236 26.7600002288818 25.8229999542236 25.193000793457 25.5480003356934 25.7800006866455 24.9580001831055 23.5130004882812 23.0779991149902 23.1770000457764 23.068000793457 19.7140007019043 20.2000007629395 23.1439990997314 27.3840007781982 28.181999206543 28.4440002441406 28.693000793457 29.1189994812012 29.1650009155273 27.6410007476807 26.7849998474121 26.6800003051758 25.9069995880127 24.3560009002686 24.2019996643066 24.128999710083 24.3330001831055 23.7950000762939
-3.4e+38 -3.4e+38 -3.4e+38 -3.4e+38 -3.4e+38 -3.4e+38 -3.4e+38 -3.4e+38 20.8999996185303 21.75 22.613000869751 25.0240001678467 25.2689990997314 24.996000289917 24.5020008087158 24.6380004882812 26.2800006866455 26.701000213623 25.2670001983643 24.4300003051758 23.3759994506836 23.7250003814697 21.0189990997314 18.6350002288818 21.4169998168945 21.8400001525879 21.5349998474121 16.507999420166 14.1719999313354 17.1849994659424 21.3810005187988 23.806999206543 25.9740009307861 25.9090003967285 26.6609992980957 27.9570007324219 28.2819995880127 27.4829998016357 26.2350006103516 24.306999206543 23.8360004425049 23.193000793457 22.2390003204346 22.6040000915527 22.8400001525879 22.867000579834
-3.4e+38 -3.4e+38 -3.4e+38 -3.4e+38 -3.4e+38 -3.4e+38 -3.4e+38 16.8740005493164 19.0849990844727 20.7520008087158 21.9209995269775 23.2409992218018 24.1459999084473 24.4109992980957 24.2520008087158 24.3059997558594 25.4260005950928 25.5209999084473 24.7670001983643 21.4130001068115 21.1000003814697 16.3400001525879 12.0200004577637 10.2980003356934 12.0159997940063 15.8190002441406 8.85299968719482 5.32000017166138 5.75299978256226 7.53700017929077 17.4160003662109 22.9249992370605 24.3129997253418 24.4060001373291 25.5930004119873 27.1340007781982 27.0869998931885 25.4899997711182 24.0170001983643 21.0709991455078 22.0550003051758 21.2910003662109 22.3269996643066 22.5440006256104 22.7070007324219 23.17799949646
-3.4e+38 -3.4e+38 -3.4e+38 -3.4e+38 -3.4e+38 -3.4e+38 -3.4e+38 16.0139999389648 18.6509990692139 20.4640007019043 21.9759998321533 22.7910003662109 23.2649993896484 23.9720001220703 24.1490001678467 24.048999786377 23.8850002288818 24.0860004425049 23.7560005187988 20.0219993591309 17.1690006256104 13.2410001754761 10.7220001220703 9.84899997711182 9.6540002822876 8.76200008392334 5.12900018692017 4.05800008773804 2.71199989318848 9.77299976348877 17.0559997558594 20.5890007019043 22.4869995117188 24.1590003967285 24.4209995269775 24.8959999084473 23.4990005493164 20.0659999847412 19.4200000762939 17.2070007324219 20.7999992370605 22.7110004425049 23.2609996795654 24.0890007019043 24.5909996032715 23.9829998016357
-3.4e+38 -3.4e+38 -3.4e+38 -3.4e+38 -3.4e+38 -3.4e+38 11.8889999389648 16.4080009460449 14.2110004425049 16.1459999084473 20.7569999694824 21.5259990692139 22.3490009307861 23.0289993286133 23.8889999389648 22.8589992523193 21.121000289917 21.7220001220703 23.8819999694824 21.7919998168945 18.7150001525879 16.3780002593994 10.8400001525879 9.30000019073486 9.02099990844727 7.7039999961853 4.47300004959106 3.51500010490417 3.0699999332428 8.95600032806396 14.121000289917 16.5590000152588 19.0599994659424 20.9740009307861 20.8299999237061 21.2269992828369 20.1299991607666 16.4890003204346 15.3959999084473 17.261999130249 21.92799949646 24.1100006103516 24.9869995117188 24.7999992370605 24.75 24.4810009002686
-3.4e+38 -3.4e+38 -3.4e+38 -3.4e+38 -3.4e+38 -3.4e+38 14.9670000076294 13.9499998092651 10.4180002212524 4.84800004959106 14.6579999923706 18.3530006408691 21.1450004577637 20.3719997406006 21.9850006103516 21.4489994049072 20.1180000305176 20.7350006103516 23.1580009460449 23.0580005645752 21.0510005950928 18.2999992370605 14.1260004043579 9.39700031280518 6.62799978256226 6.09999990463257 4.65100002288818 3.97900009155273 2.65799999237061 6.74300003051758 10.0909996032715 13.0109996795654 14.1309995651245 15.6429996490479 16.67799949646 18.3129997253418 19.048999786377 20.0799999237061 18.7880001068115 21.9440002441406 24.6319999694824 25.5639991760254 25.8729991912842 25.4309997558594 26.7169990539551 26.3990001678467
-3.4e+38 -3.4e+38 -3.4e+38 -3.4e+38 -3.4e+38 6.07200002670288 12.7229995727539 12.793999671936 11.7209997177124 9.79599952697754 12.2360000610352 15.3269996643066 17.8279991149902 18.0979995727539 19.6580009460449 19.6299991607666 19.306999206543 19.7749996185303 21.9750003814697 20.636999130249 18.9449996948242 15.4409999847412 11.0860004425049 10.0799999237061 8.06700038909912 7.16400003433228 5.72399997711182 3.80900001525879 3.09200000762939 3.63800001144409 6.96299982070923 8.45499992370605 12.503999710083 17.4619998931885 19.1560001373291 17.2700004577637 17.4179992675781 20.826000213623 24.2350006103516 25.4190006256104 26.1809997558594 27.44700050354 27.3990001678467 27.6539993286133 28.0240001678467 27.75
-3.4e+38 -3.4e+38 -3.4e+38 -3.4e+38 -3.4e+38 7.18400001525879 11.9540004730225 11.9479999542236 14.7559995651245 15.0570001602173 15.4610004425049 15.7620000839233 16.4109992980957 18.5699996948242 19.6560001373291 19.3980007171631 18.8659992218018 19.0060005187988 18.5659999847412 17.136999130249 13.0329999923706 11.4890003204346 11.1499996185303 11.0579996109009 10.3760004043579 9.85299968719482 9.42399978637695 4.20900011062622 2.45199990272522 1.53199994564056 4.40799999237061 9.36600017547607 14.3240003585815 19.2819995880127 21 20.7310009002686 19.0170001983643 19.4740009307861 23.0930004119873 26.378999710083 26.9710006713867 28.5160007476807 29.2390003204346 29.0699996948242 28.951000213623 28.5540008544922
-3.4e+38 -3.4e+38 -3.4e+38 -3.4e+38 -3.4e+38 11.8420000076294 12.0109996795654 12.1309995651245 15.0209999084473 16.5130004882812 17.4060001373291 18.9060001373291 19.5230007171631 19.2919998168945 19.5060005187988 19.625 18.7819995880127 18.3570003509521 16.5149993896484 14.4409999847412 12.2670001983643 12.8610000610352 13.0869998931885 11.5880002975464 10.6400003433228 10.9530000686646 9.42700004577637 7.5019998550415 3.43199992179871 3.24000000953674 10.4490003585815 14.6780004501343 19.7980003356934 20.4899997711182 21.0639991760254 20.9629993438721 20.423999786377 20.3859996795654 23.9950008392334 26.2609996795654 27.5060005187988 28.67799949646 29.3719997406006 29.9459991455078 29.9500007629395 29.2000007629395
-3.4e+38 -3.4e+38 -3.4e+38 -3.4e+38 -3.4e+38 12.7399997711182 13.503999710083 13.456000328064 16.3290004730225 17.4839992523193 18.6770000457764 19.5149993896484 20.3600006103516 20.1749992370605 20.6909999847412 20.9060001373291 19.1790008544922 18.1630001068115 14.4289999008179 12.8950004577637 13.3439998626709 13.7309999465942 13.71399974823 13.2279996871948 11.8190002441406 11.8199996948242 9.85599994659424 6.81199979782104 5.01700019836426 6.38899993896484 14.4060001373291 19.5160007476807 19.7509994506836 21.9409999847412 24.4130001068115 23.1660003662109 24.2089996337891 23.2180004119873 23.1889991760254 25.8880004882812 28.0830001831055 28.9009990692139 29.8889999389648 30.4489994049072 30.378999710083 29.8190002441406
-3.4e+38 -3.4e+38 -3.4e+38 -3.4e+38 -3.4e+38 14.8050003051758 16.757999420166 17.9720001220703 18.9050006866455 19.3740005493164 19.5620002746582 20.2220001220703 21.298999786377 21.4750003814697 21.363000869751 21.8110008239746 19.7999992370605 18.2430000305176 14.2469997406006 13.581000328064 15.1750001907349 16.0820007324219 14.8050003051758 14.4289999008179 13.7720003128052 12.1750001907349 9.84099960327148 5.62900018692017 5.63600015640259 8.7790002822876 13.9790000915527 19.1790008544922 22.451000213623 24.7749996185303 25.2639999389648 26.5160007476807 26.6359996795654 25.7859992980957 25.798999786377 26.3229999542236 28.3309993743896 28.8479995727539 30.1959991455078 30.2169990539551 30.3899993896484 30.1040000915527
-3.4e+38 -3.4e+38 -3.4e+38 -3.4e+38 14.1309995651245 16.3320007324219 19.011999130249 20.5559997558594 19.746000289917 20.7360000610352 21.5400009155273 22.3589992523193 22.8980007171631 22.0699996948242 21.6879997253418 21.8099994659424 22.2049999237061 19.0709991455078 17.1310005187988 14.4549999237061 15.9790000915527 17.0830001831055 16.4050006866455 14.9069995880127 15.9820003509521 19.2689990997314 12.5579996109009 7.32600021362305 9.68900012969971 15.2629995346069 17.9829998016357 21.0869998931885 23.9909992218018 25.6159992218018 26.4729995727539 27.1089992523193 27.4080009460449 27.2509994506836 26.3680000305176 27.4699993133545 27.761999130249 28.6599998474121 29.7140007019043 29.6299991607666 29.7679996490479 29.7870006561279
-3.4e+38 -3.4e+38 -3.4e+38 -3.4e+38 15.6129999160767 17.07200050354 17.9599990844727 21.8020000457764 22.0510005950928 22.7910003662109 23.5470008850098 23.9899997711182 23.7849998474121 22.3600006103516 21.3129997253418 20.6700000762939 19.9629993438721 19.5230007171631 17.9979991912842 16.5919990539551 17.2409992218018 17.2520008087158 17.2140007019043 15.4079999923706 16.2029991149902 21.2089996337891 22.2789993286133 18.0540008544922 18.4729995727539 21.8969993591309 22.5060005187988 23.8139991760254 24.3700008392334 26.2329998016357 27.7390003204346 28.1429996490479 28.3579998016357 28.3040008544922 27.5209999084473 26.7849998474121 27.3810005187988 27.5149993896484 28.5650005340576 28.9109992980957 29.1019992828369 28.8540000915527
-3.4e+38 -3.4e+38 -3.4e+38 -3.4e+38 16.3239994049072 17.568000793457 19.3680000305176 22.1469993591309 22.2469997406006 22.6770000457764 24.1840000152588 24.2199993133545 24.318000793457 22.9270000457764 21.1100006103516 20.2350006103516 19.5069999694824 18.2000007629395 17.6830005645752 17.9549999237061 17.8640003204346 18.0410003662109 18.8910007476807 18.0930004119873 21.5160007476807 25.507999420166 23.8920001983643 25.0990009307861 25.3770008087158 25.048999786377 24.3439998626709 25.6840000152588 26.4519996643066 27.7789993286133 28.2779998779297 28.6849994659424 28.9759998321533 28.7749996185303 28.5149993896484 27.3780002593994 27.3010005950928 25.8509998321533 27.238000869751 27.9610004425049 28.2220001220703 27.7999992370605
-3.4e+38 -3.4e+38 -3.4e+38 -3.4e+38 16.19700050354 18.0769996643066 19.7730007171631 21.2980003356934 21.7889995574951 22.3719997406006 22.871000289917 23.6240005493164 23.3390007019043 22.5219993591309 20.9009990692139 19.6709995269775 18.9729995727539 16.6770000457764 18.0060005187988 18.8500003814697 18.4780006408691 18.4930000305176 20.2180004119873 22.7910003662109 26.6359996795654 27.4130001068115 27.4309997558594 27.5450000762939 27.6350002288818 25.9979991912842 26.3320007324219 26.8390007019043 27.2660007476807 27.8239994049072 28.6049995422363 28.9599990844727 29.3640003204346 29.2110004425049 29.0629997253418 28.0389995574951 26.2950000762939 24.2560005187988 25.7490005493164 25.5559997558594 26.8150005340576 26.8640003204346
-3.4e+38 -3.4e+38 -3.4e+38 -3.4e+38 16.8080005645752 18.7159996032715 17.056999206543 19.7639999389648 21.3239994049072 22.3129997253418 22.9710006713867 22.9330005645752 21.5930004119873 21.0970001220703 20.7199993133545 18.5450000762939 17.0550003051758 13.3690004348755 14.6479997634888 18.2719993591309 19.6760005950928 21.3309993743896 24.5219993591309 25.5629997253418 26.0620002746582 27.0300006866455 27.5769996643066 28.193000793457 28.0580005645752 27.4969997406006 27.4039993286133 27.2749996185303 27.7189998626709 28.1560001373291 28.8439998626709 29.3939990997314 29.7819995880127 29.7889995574951 28.9459991455078 27.8610000610352 26.3299999237061 25.5970001220703 22.9699993133545 22.9599990844727 24.4599990844727 25.1590003967285
