02_asc_chm-r50m/BR222B.asc
NCOLS 201 
NROWS 200 
XLLCORNER 536995 
YLLCORNER 5292540 
CELLSIZE 0.5 
NODATA_value -3.4e+38 
[rows 0 to 19 of 200, columns 46 to 91 of 201]
-3.4e+38 -3.4e+38 -3.4e+38 -3.4e+38 -3.4e+38 -3.4e+38 -3.4e+38 -3.4e+38 -3.4e+38 -3.4e+38 -3.4e+38 -3.4e+38 -3.4e+38 -3.4e+38 -3.4e+38 -3.4e+38 -3.4e+38 -3.4e+38 -3.4e+38 -3.4e+38 -3.4e+38 -3.4e+38 -3.4e+38 -3.4e+38 -3.4e+38 -3.4e+38 -3.4e+38 -3.4e+38 -3.4e+38 -3.4e+38 -3.4e+38 -3.4e+38 -3.4e+38 -3.4e+38 -3.4e+38 -3.4e+38 -3.4e+38 -3.4e+38 -3.4e+38 -3.4e+38 -3.4e+38 -3.4e+38 -3.4e+38 -3.4e+38 -3.4e+38 -3.4e+38
-3.4e+38 -3.4e+38 -3.4e+38 -3.4e+38 -3.4e+38 -3.4e+38 -3.4e+38 -3.4e+38 -3.4e+38 -3.4e+38 -3.4e+38 -3.4e+38 -3.4e+38 -3.4e+38 -3.4e+38 -3.4e+38 -3.4e+38 -3.4e+38 -3.4e+38 -3.4e+38 -3.4e+38 -3.4e+38 -3.4e+38 -3.4e+38 -3.4e+38 -3.4e+38 -3.4e+38 -3.4e+38 -3.4e+38 -3.4e+38 -3.4e+38 -3.4e+38 -3.4e+38 -3.4e+38 -3.4e+38 -3.4e+38 -3.4e+38 -3.4e+38 -3.4e+38 -3.4e+38 -3.4e+38 -3.4e+38 -3.4e+38 -3.4e+38 -3.4e+38 -3.4e+38
-3.4e+38 -3.4e+38 -3.4e+38 -3.4e+38 -3.4e+38 -3.4e+38 -3.4e+38 -3.4e+38 -3.4e+38 -3.4e+38 -3.4e+38 -3.4e+38 -3.4e+38 -3.4e+38 -3.4e+38 -3.4e+38 -3.4e+38 -3.4e+38 -3.4e+38 -3.4e+38 -3.4e+38 -3.4e+38 -3.4e+38 -3.4e+38 -3.4e+38 -3.4e+38 -3.4e+38 -3.4e+38 -3.4e+38 -3.4e+38 -3.4e+38 -3.4e+38 -3.4e+38 -3.4e+38 -3.4e+38 -3.4e+38 -3.4e+38 -3.4e+38 27.1690006256104 28.2199993133545 26.6590003967285 26.0240001678467 25.9360008239746 24.9230003356934 24.5300006866455 24.7660007476807
-3.4e+38 -3.4e+38 -3.4e+38 -3.4e+38 -3.4e+38 -3.4e+38 -3.4e+38 -3.4e+38 -3.4e+38 -3.4e+38 -3.4e+38 -3.4e+38 -3.4e+38 -3.4e+38 -3.4e+38 -3.4e+38 -3.4e+38 -3.4e+38 -3.4e+38 -3.4e+38 -3.4e+38 -3.4e+38 -3.4e+38 -3.4e+38 -3.4e+38 -3.4e+38 -3.4e+38 -3.4e+38 -3.4e+38 -3.4e+38 -3.4e+38 -3.4e+38 30.1620006561279 31.5610008239746 31.4050006866455 31.2709999084473 31.3980007171631 30.3299999237061 28.9039993286133 27.8950004577637 25.7950000762939 25.6019992828369 25.3080005645752 24.9309997558594 24.9300003051758 24.9720001220703
-3.4e+38 -3.4e+38 -3.4e+38 -3.4e+38 -3.4e+38 -3.4e+38 -3.4e+38 -3.4e+38 -3.4e+38 -3.4e+38 -3.4e+38 -3.4e+38 -3.4e+38 -3.4e+38 -3.4e+38 -3.4e+38 -3.4e+38 -3.4e+38 -3.4e+38 -3.4e+38 -3.4e+38 -3.4e+38 -3.4e+38 -3.4e+38 -3.4e+38 -3.4e+38 30.3390007019043 30.1539993286133 29.9640007019043 28.0729999542236 27.5900001525879 28.9850006103516 31.1340007781982 32.648998260498 32.8629989624023 32.2150001525879 32.3050003051758 31.7859992980957 29.7670001983643 28.9529991149902 24.882999420166 24.5030002593994 24.4720001220703 24.4669990539551 24.6989994049072 24.4080009460449
-3.4e+38 -3.4e+38 -3.4e+38 -3.4e+38 -3.4e+38 -3.4e+38 -3.4e+38 -3.4e+38 -3.4e+38 -3.4e+38 -3.4e+38 -3.4e+38 -3.4e+38 -3.4e+38 -3.4e+38 -3.4e+38 -3.4e+38 -3.4e+38 -3.4e+38 -3.4e+38 -3.4e+38 -3.4e+38 25.8379993438721 28.1900005340576 30.1720008850098 31.0729999542236 31.1359996795654 30.5879993438721 30.193000793457 27.3449993133545 29.2210006713867 30.2560005187988 32.4300003051758 33.6510009765625 34.0999984741211 33.1769981384277 32.8629989624023 32.2690010070801 29.9769992828369 28.5470008850098 25.0279998779297 24.5599994659424 24.2999992370605 24.1720008850098 23.923999786377 23.4930000305176
-3.4e+38 -3.4e+38 -3.4e+38 -3.4e+38 -3.4e+38 -3.4e+38 -3.4e+38 -3.4e+38 -3.4e+38 -3.4e+38 -3.4e+38 -3.4e+38 -3.4e+38 -3.4e+38 -3.4e+38 -3.4e+38 -3.4e+38 -3.4e+38 -3.4e+38 -3.4e+38 25.2150001525879 25.3969993591309 26.5769996643066 26.7870006561279 26.7019996643066 28.992000579834 29.4249992370605 29.5370006561279 28.5839996337891 28.1590003967285 30.0410003662109 32.0359992980957 33.4599990844727 34.564998626709 35.0919990539551 34.5089988708496 32.9729995727539 31.8050003051758 30.1180000305176 28.6180000305176 26.1560001373291 24.9909992218018 24.7950000762939 24.3759994506836 24.2000007629395 23.3400001525879
-3.4e+38 -3.4e+38 -3.4e+38 -3.4e+38 -3.4e+38 -3.4e+38 -3.4e+38 -3.4e+38 -3.4e+38 -3.4e+38 -3.4e+38 -3.4e+38 -3.4e+38 -3.4e+38 -3.4e+38 -3.4e+38 -3.4e+38 -3.4e+38 23.5669994354248 25.2399997711182 25.2159996032715 26.5869998931885 27.4580001831055 26.9650001525879 27.3409996032715 27.8509998321533 27.1650009155273 27.0279998779297 28.4220008850098 28.4440002441406 29.8780002593994 31.8929996490479 33.3499984741211 34.5540008544922 34.9259986877441 34.4259986877441 32.9360008239746 32.0810012817383 31.0540008544922 28.9069995880127 26.3549995422363 25.1040000915527 24.636999130249 24.2889995574951 23.4379997253418 22.7649993896484
-3.4e+38 -3.4e+38 -3.4e+38 -3.4e+38 -3.4e+38 -3.4e+38 -3.4e+38 -3.4e+38 -3.4e+38 -3.4e+38 -3.4e+38 -3.4e+38 -3.4e+38 -3.4e+38 -3.4e+38 -3.4e+38 21.0499992370605 25.3040008544922 25.3980007171631 25.5709991455078 26.9069995880127 27.6569995880127 28.5699996948242 28.1630001068115 28.1770000457764 28.2080001831055 27.988000869751 27.6030006408691 29.9169998168945 30.1749992370605 30.3120002746582 31.9769992828369 32.7700004577637 33.4809989929199 33.6720008850098 33.5419998168945 32.4070014953613 31.871000289917 30.3719997406006 28.3530006408691 24.8780002593994 24.0149993896484 22.931999206543 22.3449993133545 20.9459991455078 19.9790000915527
-3.4e+38 -3.4e+38 -3.4e+38 -3.4e+38 -3.4e+38 -3.4e+38 -3.4e+38 -3.4e+38 -3.4e+38 -3.4e+38 -3.4e+38 -3.4e+38 -3.4e+38 -3.4e+38 18.5049991607666 24.3810005187988 25.2980003356934 25.6550006866455 25.8530006408691 26.1469993591309 27.0450000762939 28.3579998016357 29.2950000762939 29.0440006256104 28.9370002746582 28.6149997711182 28.5069999694824 29.0729999542236 29.8659992218018 31.0620002746582 31.5949993133545 31.8780002593994 32.1479988098145 32.3230018615723 32.8639984130859 32.5190010070801 31.5930004119873 30.681999206543 28.7770004272461 27.8880004882812 26.5930004119873 23.4549999237061 19.8050003051758 18.9610004425049 16.5030002593994 11.5600004196167
-3.4e+38 -3.4e+38 -3.4e+38 -3.4e+38 -3.4e+38 -3.4e+38 -3.4e+38 -3.4e+38 -3.4e+38 -3.4e+38 -3.4e+38 -3.4e+38 15.9399995803833 16.871000289917 20.2590007781982 20.9589996337891 24.253999710083 25.9489994049072 26.0100002288818 26.4340000152588 27.9050006866455 29.0499992370605 29.6040000915527 29.9200000762939 29.5249996185303 28.9340000152588 28.5009994506836 29.1189994812012 29.9029998779297 31.1420001983643 31.8619995117188 31.9489994049072 31.25 30.8729991912842 31.5709991455078 30.9389991760254 29.9179992675781 29.2740001678467 27.8579998016357 26.0590000152588 26.0790004730225 25.3400001525879 21.6089992523193 18.6439990997314 17.7670001983643 12.8240003585815
-3.4e+38 -3.4e+38 -3.4e+38 -3.4e+38 -3.4e+38 -3.4e+38 -3.4e+38 -3.4e+38 -3.4e+38 -3.4e+38 13.3760004043579 10.9589996337891 12.5970001220703 17.4020004272461 20.6770000457764 21.2479991912842 24.6830005645752 25.7929992675781 26.0020008087158 26.3990001678467 27.9220008850098 29.8680000305176 29.7229995727539 29.9759998321533 29.7660007476807 28.8430004119873 28.1119995117188 28.6669998168945 29.9190006256104 30.9750003814697 31.1860008239746 31.2940006256104 30.82200050354 30.0440006256104 29.7789993286133 28.9799995422363 27.496000289917 27.0620002746582 25.4220008850098 24.7390003204346 26.4479999542236 23.0440006256104 27.1609992980957 18.1660003662109 18.3209991455078 14.0880002975464
-3.4e+38 -3.4e+38 -3.4e+38 -3.4e+38 -3.4e+38 -3.4e+38 -3.4e+38 -3.4e+38 10.8120002746582 9.98999977111816 10.831000328064 12.2309999465942 13.4759998321533 17.753999710083 20.8859996795654 21.7709999084473 24.2679996490479 25.6410007476807 26.5659999847412 27.8719997406006 30.0949993133545 31.6299991607666 32.0660018920898 30.7450008392334 30.0289993286133 28.753999710083 26.9780006408691 27.4780006408691 29.4080009460449 30.4669990539551 30.3610000610352 30.3379993438721 30.2800006866455 29.5400009155273 29.2059993743896 28.3369998931885 26.7320003509521 26.371000289917 25.2430000305176 24.6270008087158 26.4260005950928 25.576000213623 28.363000869751 21.5249996185303 17.9640007019043 15.8540000915527
-3.4e+38 -3.4e+38 -3.4e+38 -3.4e+38 -3.4e+38 -3.4e+38 -3.4e+38 9.05200004577637 9.79300022125244 10.9029998779297 12.1969995498657 15.3420000076294 16.2749996185303 17.5440006256104 19.5799999237061 22.1639995574951 23.0779991149902 24.8150005340576 26.4249992370605 27.8740005493164 31.0160007476807 32.5369987487793 33.2000007629395 31.9489994049072 30.7819995880127 28.2630004882812 25.9750003814697 25.2099990844727 28.2450008392334 29.9139995574951 29.6529998779297 29.4729995727539 29.613000869751 28.9389991760254 28.3320007324219 27.423999786377 26.6860008239746 26.2520008087158 25.0009994506836 26.3339996337891 27.4810009002686 28.761999130249 29.3910007476807 28.9009990692139 23.8419990539551 18.2689990997314
-3.4e+38 -3.4e+38 -3.4e+38 -3.4e+38 -3.4e+38 13.6009998321533 6.55399990081787 6.2649998664856 4.52699995040894 9.22200012207031 14.4750003814697 16.9580001831055 18.6870002746582 21.0170001983643 22.0869998931885 24.2259998321533 24.7350006103516 25.8509998321533 26.6940002441406 27.1620006561279 30.3640003204346 31.7779998779297 32.4259986877441 31.4619998931885 30.9750003814697 28.992000579834 28.5510005950928 27.7299995422363 26.8610000610352 28.4780006408691 28.1520004272461 28.1079998016357 27.9009990692139 26.8780002593994 27.0300006866455 26.6760005950928 26.2520008087158 24.9689998626709 23.2730007171631 25.2409992218018 27.8509998321533 29.6030006408691 30.1439990997314 29.6280002593994 29.0400009155273 21.0389995574951
-3.4e+38 -3.4e+38 -3.4e+38 22.3239994049072 13.5570001602173 9.19099998474121 6.05000019073486 5.73400020599365 18.4529991149902 22.6040000915527 23.7490005493164 22.9500007629395 21.9909992218018 23.3390007019043 24.2140007019043 24.6679992675781 25.117000579834 26.1019992828369 26.3950004577637 26.7339992523193 28.3439998626709 29.378999710083 31.0860004425049 30.2040004730225 30.2490005493164 30.2950000762939 30.0419998168945 29.1429996490479 28.1630001068115 27.6189994812012 26.8229999542236 25.7970008850098 26.1340007781982 25.1019992828369 25.2830009460449 25.3689994812012 24.9200000762939 24.2439994812012 24.8299999237061 26.0869998931885 28.6650009155273 29.2749996185303 29.7169990539551 29.3880004882812 27.8810005187988 26.2759990692139
-3.4e+38 26.8880004882812 25.6720008850098 24.943000793457 13.9329996109009 13.3470001220703 19.2199993133545 21.0699996948242 27.3819999694824 27.621000289917 27.6940002441406 26.0949993133545 27.3770008087158 26.6429996490479 24.8950004577637 24.8409996032715 24.9829998016357 25.246000289917 25.9909992218018 26.5340003967285 27.1049995422363 27.6870002746582 29.3269996643066 30.2119998931885 30.82200050354 31.2089996337891 30.9330005645752 29.867000579834 28.8110008239746 27.4650001525879 26.4389991760254 24.2169990539551 24.3579998016357 24.3020000457764 23.7649993896484 23.9150009155273 23.6310005187988 23.3199996948242 23.8640003204346 24.9360008239746 26.9529991149902 28.7210006713867 28.7089996337891 28.3999996185303 26.1849994659424 25.3299999237061
27.6520004272461 27.4769992828369 26.55299949646 23.4120006561279 18.3680000305176 23.0629997253418 25.2810001373291 26.9759998321533 28.3770008087158 28.3449993133545 28.4290008544922 28.3990001678467 27.4969997406006 26.7999992370605 25.2549991607666 25.1650009155273 25.2549991607666 25.375 25.6840000152588 25.9659996032715 26.7240009307861 27.1380004882812 28.992000579834 30.4169998168945 31.4409999847412 32.439998626709 31.9179992675781 30.7819995880127 29.4370002746582 28.0739994049072 26.2080001831055 22.8810005187988 21.5109996795654 20.7910003662109 19.8379993438721 22.7980003356934 22.3490009307861 22.3819999694824 22.3400001525879 24.0419998168945 23.375 26.4909992218018 26.5429992675781 26.1459999084473 25.4360008239746 24.82200050354
27.4230003356934 27.3040008544922 26.69700050354 23.6959991455078 17.9640007019043 22.8279991149902 25.3320007324219 28.5189990997314 29.44700050354 30.1429996490479 29.9979991912842 29.6770000457764 27.6009998321533 26.798999786377 25.6399993896484 25.30299949646 25.4029998779297 25.556999206543 25.5060005187988 25.5330009460449 26.1599998474121 27.3400001525879 29.6030006408691 30.9650001525879 31.8369998931885 32.326000213623 31.4419994354248 31.0090007781982 30.1019992828369 28.3509998321533 26.7819995880127 23.9179992675781 20.9169998168945 16.8819999694824 15.3290004730225 19.2229995727539 18.673999786377 19.3759994506836 20.6480007171631 22.3139991760254 23.1060009002686 24.1340007781982 25.128999710083 25.306999206543 24.371000289917 23.048999786377
26.5860004425049 26.7150001525879 25.5860004425049 21.378999710083 14.2969999313354 22.701000213623 25.2299995422363 28.128999710083 29.8199996948242 30.7360000610352 30.9370002746582 29.7549991607666 28.4309997558594 25.9540004730225 25.943000793457 25.6630001068115 25.636999130249 25.75 25.6299991607666 25.2310009002686 25.4400005340576 26.6979999542236 27.867000579834 30.2000007629395 31.1450004577637 31.2210006713867 31.5300006866455 31.2849998474121 29.7919998168945 27.9790000915527 25.5890007019043 23.5069999694824 21.0319995880127 15.0129995346069 13.1909999847412 14.9259996414185 14.3610000610352 14.8479995727539 15.9969997406006 19.132999420166 22.8379993438721 22.8680000305176 23.2280006408691 24.1089992523193 23.818000793457 21.6459999084473
