02_asc_chm-r50m/HS211B.asc
NCOLS 200 
NROWS 199 
XLLCORNER 575991.5 
YLLCORNER 5222737.5 
CELLSIZE 0.5 
NODATA_value -3.4e+38 
[rows 0 to 19 of 199, columns 92 to 137 of 200]
-3.4e+38 -3.4e+38 -3.4e+38 9.59200000762939 9.9350004196167 12.2919998168945 13.293999671936 17.6550006866455 17.9309997558594 17.2520008087158 18.3139991760254 19.7140007019043 19.5979995727539 -3.4e+38 -3.4e+38 -3.4e+38 -3.4e+38 -3.4e+38 -3.4e+38 -3.4e+38 -3.4e+38 -3.4e+38 -3.4e+38 -3.4e+38 -3.4e+38 -3.4e+38 -3.4e+38 -3.4e+38 -3.4e+38 -3.4e+38 -3.4e+38 -3.4e+38 -3.4e+38 -3.4e+38 -3.4e+38 -3.4e+38 -3.4e+38 -3.4e+38 -3.4e+38 -3.4e+38 -3.4e+38 -3.4e+38 -3.4e+38 -3.4e+38 -3.4e+38 -3.4e+38
8.90299987792969 13.2980003356934 16.701000213623 17.5200004577637 14.6470003128052 12.5790004730225 14.0620002746582 13.6590003967285 14.3269996643066 15.5620002746582 16.2530002593994 18.4190006256104 19.7269992828369 20.7849998474121 20.4939994812012 20.8120002746582 20.1720008850098 18.6019992828369 16.7590007781982 16.0419998168945 -3.4e+38 -3.4e+38 -3.4e+38 -3.4e+38 -3.4e+38 -3.4e+38 -3.4e+38 -3.4e+38 -3.4e+38 -3.4e+38 -3.4e+38 -3.4e+38 -3.4e+38 -3.4e+38 -3.4e+38 -3.4e+38 -3.4e+38 -3.4e+38 -3.4e+38 -3.4e+38 -3.4e+38 -3.4e+38 -3.4e+38 -3.4e+38 -3.4e+38 -3.4e+38
17.1380004882812 18.7409992218018 20.6089992523193 19.4950008392334 18.2779998779297 17.5849990844727 15.6929998397827 12.9530000686646 13.1560001373291 14.539999961853 15.5100002288818 16.8649997711182 17.8449993133545 19.0419998168945 19.1399993896484 19.3250007629395 17.4549999237061 16.6840000152588 16.1709995269775 15.3339996337891 13.2779998779297 17.5970001220703 24.0659999847412 25.94700050354 24.2929992675781 24.2970008850098 25.121000289917 -3.4e+38 -3.4e+38 -3.4e+38 -3.4e+38 -3.4e+38 -3.4e+38 -3.4e+38 -3.4e+38 -3.4e+38 -3.4e+38 -3.4e+38 -3.4e+38 -3.4e+38 -3.4e+38 -3.4e+38 -3.4e+38 -3.4e+38 -3.4e+38 -3.4e+38
18.6989994049072 22.8320007324219 25.5839996337891 22.9669990539551 20.6499996185303 19.1110000610352 15.6190004348755 12.2849998474121 12.1680002212524 13.4280004501343 14.2170000076294 15.9090003967285 16.7630004882812 17.2880001068115 16.8560009002686 16.6860008239746 15.0209999084473 14.7790002822876 14.0550003051758 12.7600002288818 12.6190004348755 12.8509998321533 19.3840007781982 23.5729999542236 26.1019992828369 27.6520004272461 29.363000869751 28.7810001373291 31.2630004882812 31.0890007019043 30.826000213623 30.496000289917 29.1310005187988 26.1660003662109 -3.4e+38 -3.4e+38 -3.4e+38 -3.4e+38 -3.4e+38 -3.4e+38 -3.4e+38 -3.4e+38 -3.4e+38 -3.4e+38 -3.4e+38 -3.4e+38
22.246000289917 27.2779998779297 27.7560005187988 25.3430004119873 22.4799995422363 20.0289993286133 18.1949996948242 12.0710000991821 12.668999671936 13.0340003967285 12.4429998397827 15.0050001144409 15.6260004043579 15.7519998550415 15.6520004272461 14.8369998931885 14.3229999542236 12.6949996948242 13.2880001068115 12.7530002593994 9.625 12.6660003662109 22.9230003356934 23.1270008087158 23.7999992370605 26.5370006561279 26.6110000610352 27.621000289917 29.6270008087158 30.5009994506836 30.8570003509521 31.0289993286133 30.9370002746582 30.5830001831055 28.5009994506836 28.2350006103516 27.1730003356934 18.2089996337891 -3.4e+38 -3.4e+38 -3.4e+38 -3.4e+38 -3.4e+38 -3.4e+38 -3.4e+38 -3.4e+38
25.628999710083 28.4340000152588 29.0890007019043 27.503999710083 24.3269996643066 21.0179996490479 17.2439994812012 13.9790000915527 11.6569995880127 9.28499984741211 11.0369997024536 14.0920000076294 14.5609998703003 13.9460000991821 14.289999961853 12.7930002212524 11.5769996643066 8.58500003814697 6.72700023651123 5.88600015640259 2.69199991226196 9.67500019073486 18.6580009460449 22.7339992523193 23.0160007476807 24.4750003814697 25.492000579834 26.2329998016357 26.9230003356934 28.3059997558594 29.0450000762939 30.3500003814697 29.7730007171631 28.3500003814697 27.3589992523193 26.6280002593994 25.867000579834 20.6079998016357 12.4490003585815 5.48000001907349 -3.4e+38 -3.4e+38 -3.4e+38 -3.4e+38 -3.4e+38 -3.4e+38
25.0820007324219 28.2029991149902 29.4309997558594 27.7509994506836 24.548999786377 20.2999992370605 15.8450002670288 13.4870004653931 9.4399995803833 8.41499996185303 11.2980003356934 13.0299997329712 12.8509998321533 12.3680000305176 12.0430002212524 11.6899995803833 10.2969999313354 8.2810001373291 5.21199989318848 4.45800018310547 3.25200009346008 8.16800022125244 15.7030000686646 22.1840000152588 22.7709999084473 23.0779991149902 24.0659999847412 25.7490005493164 26.9409999847412 28.253999710083 28.3059997558594 28.673999786377 27.7660007476807 27.1590003967285 25.882999420166 25.4009990692139 23.3390007019043 24.3810005187988 22.7490005493164 14.0200004577637 13.0109996795654 1.81500005722046 -3.4e+38 -3.4e+38 -3.4e+38 -3.4e+38
20.0179996490479 25.2630004882812 25.9309997558594 24.1030006408691 23.9699993133545 21.3969993591309 16.1720008850098 13.2229995727539 9.30399990081787 8.2819995880127 11.6479997634888 12.2370004653931 12.8439998626709 13.0329999923706 12.6470003128052 11.2410001754761 9.13000011444092 7.88899993896484 5.55700016021729 5.35400009155273 3.98799991607666 1.10899996757507 6.96299982070923 17.8190002441406 22.4020004272461 17.3239994049072 21.4669990539551 23.2479991912842 26.1830005645752 26.9029998779297 26.3449993133545 26.6459999084473 26.6480007171631 26.0769996643066 22.32200050354 21.6790008544922 20.2549991607666 21.2600002288818 20.8610000610352 18.3500003814697 18.8269996643066 18.0900001525879 9.93200016021729 1.82500004768372 -3.4e+38 -3.4e+38
15.5170001983643 21.4209995269775 23.882999420166 23.6770000457764 21.8129997253418 18.2509994506836 9.44999980926514 3.59400010108948 5.56099987030029 9.3120002746582 11.5260000228882 13.6529998779297 14.8920001983643 14.7250003814697 14.2030000686646 10.8730001449585 10.3479995727539 9.04399967193604 5.65299987792969 4.86700010299683 3.43499994277954 0.580999970436096 0.342000007629395 0.560999989509583 16.121000289917 2.92499995231628 15.7220001220703 22.4120006561279 24.2080001831055 24.3390007019043 23.8500003814697 25.3449993133545 24.7399997711182 22.5750007629395 19.5879993438721 18.7189998626709 18.3299999237061 17.1200008392334 19.3889999389648 23.3330001831055 24.1620006561279 21.0869998931885 13.8070001602173 7.49700021743774 1.56299996376038 1.83599996566772
9.50699996948242 16.2450008392334 18.4720001220703 19.128999710083 11.9870004653931 6.15100002288818 0.474999994039536 1.89300000667572 6.01100015640259 9.85799980163574 11.5030002593994 14.8879995346069 15.9619998931885 16.0459995269775 14.9250001907349 13.1789999008179 11.2440004348755 7.80800008773804 4.55399990081787 3.38100004196167 2.35800004005432 0.331000000238419 0.284000009298325 0.25900000333786 0.472000002861023 0.637000024318695 5.44899988174438 16.306999206543 16.6870002746582 16.0499992370605 18.8449993133545 22.6770000457764 21.8980007171631 17.8680000305176 14.543999671936 11.6979999542236 16.8780002593994 18.7749996185303 22.1149997711182 25.6720008850098 25.2059993743896 20.8719997406006 16.6529998779297 9.87800025939941 0.976999998092651 0.790000021457672
2.30999994277954 6.13600015640259 8.73200035095215 9.36400032043457 2.65000009536743 1.08399999141693 0.510999977588654 2.2590000629425 6.03900003433228 10.1770000457764 12.2869997024536 14.456000328064 15.9860000610352 15.9989995956421 14.5719995498657 13.3690004348755 12.2329998016357 9.14799976348877 2.08299994468689 0.856000006198883 0.882000029087067 0.337000012397766 0.699000000953674 0.400000005960464 2.24799990653992 1.82099997997284 1.66700005531311 2.93899989128113 0.18299999833107 4.82499980926514 11.9569997787476 18.3689994812012 17.9969997406006 13.7159996032715 9.4350004196167 5.15399980545044 12.3620004653931 19.2800006866455 23.3449993133545 26.761999130249 27.8659992218018 22.1550006866455 21.2339992523193 14.4930000305176 7.56799983978271 1.07799994945526
1.94599997997284 1.83899998664856 1.817999958992 1.99899995326996 1.25999999046326 0.726999998092651 0.86599999666214 1.09599995613098 4.32000017166138 9.41499996185303 11.6160001754761 13.66100025177 14.5530004501343 14.6960000991821 13.6409997940063 12.9809999465942 11.46399974823 5.68900012969971 4.28000020980835 5.14200019836426 2.59500002861023 5.11399984359741 5.20100021362305 5.57999992370605 8.16699981689453 7.00899982452393 5.08900022506714 4.03000020980835 0.885999977588654 0.389999985694885 4.16499996185303 5.88399982452393 7.39799976348877 4.17799997329712 2.69300007820129 4.29400014877319 15 19.0310001373291 22.9549999237061 25.44700050354 24.8610000610352 21.3139991760254 18.7800006866455 12.7840003967285 2.52800011634827 0.74099999666214
3.48200011253357 3.76500010490417 3.90499997138977 2.62299990653992 1.317999958992 0.938000023365021 1.05499994754791 1.25 2.01699995994568 6.81500005722046 9.62399959564209 11.1440000534058 12.625 13.08899974823 12.331000328064 12.1129999160767 10.0579996109009 8.78600025177002 8.47599983215332 9.06999969482422 10.5790004730225 13.960000038147 14.1719999313354 13.5930004119873 14.1549997329712 14.5279998779297 12.5520000457764 9.79899978637695 6.08400011062622 1.59300005435944 0.437000006437302 0.428000003099442 0.386000007390976 0.568000018596649 2.52699995040894 4.61199998855591 12.9840002059937 15.2670001983643 19.2959995269775 20.9069995880127 21.3110008239746 19.2029991149902 17.1539993286133 8.82199954986572 1.15400004386902 1.03199994564056
5.62200021743774 5.39499998092651 5.13000011444092 4.09899997711182 1.59399998188019 0.735000014305115 0.957000017166138 1.17599999904633 1.87699997425079 5.58199977874756 8.88199996948242 9.69200038909912 11.4980001449585 11.9379997253418 11.7239999771118 10.0900001525879 8.80000019073486 9.97799968719482 10.4399995803833 11.2200002670288 14.0200004577637 18.7900009155273 18.761999130249 17.9710006713867 18.5790004730225 15.8889999389648 15.3269996643066 12.835000038147 9.77700042724609 5.0939998626709 4.0310001373291 3.84400010108948 3.99699997901917 4.45699977874756 5.38399982452393 5.18699979782104 7.63299989700317 10.1099996566772 15.1879997253418 16.8880004882812 17.1879997253418 16.4750003814697 8.97500038146973 0.52700001001358 0.777999997138977 0.851000010967255
5.03200006484985 5.16599988937378 5.03000020980835 4.18900012969971 1.99500000476837 0.595000028610229 0.573000013828278 0.934000015258789 0.86599999666214 2.70600008964539 5.43200016021729 5.96400022506714 7.86600017547607 8.52799987792969 7.28700017929077 4.91599988937378 3.53200006484985 10.996000289917 12.1789999008179 15.5450000762939 19.7810001373291 22.1180000305176 23.3929996490479 23.0100002288818 21.5100002288818 20.423999786377 16.0279998779297 14.335000038147 11.4790000915527 11.5609998703003 9.54300022125244 5.88899993896484 6.35500001907349 6.34299993515015 5.52299976348877 5.25 5.13500022888184 6.35200023651123 10.6429996490479 11.4169998168945 11.8649997711182 12.6879997253418 2.60999989509583 0.990000009536743 0.514999985694885 0.679000020027161
4.05299997329712 4.10900020599365 3.51099991798401 2.7279999256134 1.5110000371933 0.842999994754791 0.771000027656555 0.861999988555908 1.30499994754791 1.39600002765656 1.31200003623962 1.46800005435944 3.91199994087219 5.24200010299683 4.06500005722046 1.97899997234344 3.78099989891052 12.6879997253418 16.5930004119873 19.5179996490479 22.9160003662109 24.6560001373291 24.4169998168945 24.363000869751 24.8680000305176 24.2299995422363 22.0820007324219 17.6849994659424 14.0869998931885 12.9689998626709 10.9090003967285 8.47700023651123 6.94299983978271 6.76900005340576 6.09700012207031 6.02600002288818 4.78499984741211 3.98200011253357 4.83599996566772 5.83599996566772 12.5369997024536 13.8830003738403 6.37200021743774 5.12200021743774 2.47099995613098 0.257999986410141
4.01000022888184 2.79099988937378 2.53200006484985 1.3860000371933 0.954999983310699 0.947000026702881 0.939000010490417 1.03400003910065 1.6139999628067 1.72599995136261 1.62899994850159 1.4559999704361 2.61400008201599 2.65000009536743 2.08599996566772 0.926999986171722 7.89900016784668 14.0019998550415 18.3619995117188 21.0699996948242 23.0799999237061 25.3700008392334 26.0769996643066 26.9249992370605 26.2199993133545 25.32200050354 23.1959991455078 20.3740005493164 16.6399993896484 10.4809999465942 5.81400012969971 6.78999996185303 11.1499996185303 8.72799968719482 7.95100021362305 7.76200008392334 4.15100002288818 2.43300008773804 0.856000006198883 5.50500011444092 14.9309997558594 15.0769996643066 10.3959999084473 9.25399971008301 6.60400009155273 3.95300006866455
2.68499994277954 1.57599997520447 1.42999994754791 1.02100002765656 1.07500004768372 1.15400004386902 1.02699995040894 0.967000007629395 1.13399994373322 1.61500000953674 1.69900000095367 1.52999997138977 1.51199996471405 1.32200002670288 1.04200005531311 2.88199996948242 10.3579998016357 15.6099996566772 20.1180000305176 22.3129997253418 25.1900005340576 27.1299991607666 29.0779991149902 29.9029998779297 28.9710006713867 27.9629993438721 23.8819999694824 22.173999786377 18.0330009460449 11.8149995803833 8.18599987030029 9.53999996185303 16.4599990844727 17.3579998016357 15.2259998321533 10.5240001678467 7.62900018692017 3.19700002670288 4.61399984359741 10.0609998703003 15.9689998626709 16.2719993591309 14.4200000762939 13.3870000839233 10.7360000610352 0.146999999880791
4.02600002288818 1.73000001907349 0.902999997138977 0.90200001001358 1.12999999523163 1.24399995803833 0.931999981403351 0.827000021934509 0.925000011920929 1.58599996566772 1.71200001239777 1.6360000371933 1.63999998569489 1.33399999141693 2.77900004386902 7.61499977111816 10.7700004577637 12.2919998168945 21.0189990997314 23.0729999542236 26.6389999389648 28.6439990997314 30.6340007781982 30.9710006713867 28.7350006103516 25.6340007781982 24.0830001831055 19.681999206543 14.4729995727539 15.3509998321533 14.6770000457764 14.6750001907349 17.1060009002686 17.4899997711182 17.0209999084473 12.8950004577637 8.78699970245361 7.62900018692017 15.0740003585815 15.043999671936 16.7110004425049 18.0499992370605 18.443000793457 17.2169990539551 5.88600015640259 0.146999999880791
3.1470000743866 2.41499996185303 1.00600004196167 0.850000023841858 0.898999989032745 1.15499997138977 1.08700001239777 0.847000002861023 0.906000018119812 1.25199997425079 1.48199999332428 1.56900000572205 1.41799998283386 1.0900000333786 2.69000005722046 6.49399995803833 10.9350004196167 13.1660003662109 16.1870002746582 20.8010005950928 25.5240001678467 28.7250003814697 29.5890007019043 29.9829998016357 27.8700008392334 26.4799995422363 24.7889995574951 23.1410007476807 13.0860004425049 16.076000213623 17.5919990539551 17.6259994506836 17.5879993438721 17.7700004577637 17.5930004119873 16.1380004882812 11.6389999389648 16.0949993133545 18.363000869751 20.05299949646 20.488000869751 20.1450004577637 20.2520008087158 15.039999961853 0.731000006198883 0.145999997854233
