02_asc_chm-r50m/HS212D.asc
NCOLS 200 
NROWS 200 
XLLCORNER 569911.5 
YLLCORNER 5221365 
CELLSIZE 0.5 
NODATA_value -3.4e+38 
[rows 100 to 119 of 200, columns 92 to 137 of 200]
6.38500022888184 3.02600002288818 2.24799990653992 3.06500005722046 4.02600002288818 4.98699998855591 5.94799995422363 6.90899991989136 7.86999988555908 8.83100032806396 9.79199981689453 10.7530002593994 12.0539999008179 12.1680002212524 13.5450000762939 18.576000213623 19.4640007019043 19.9540004730225 20.4759998321533 19.8999996185303 18.386999130249 15.1770000457764 11.7410001754761 10.1379995346069 8.65799999237061 7.45300006866455 6.23400020599365 7.21199989318848 8.69499969482422 9.04599952697754 13.4709997177124 16.3819999694824 20.9790000915527 23.17799949646 24.1660003662109 24.9869995117188 25.3099994659424 24.4829998016357 24.2089996337891 24.7959995269775 24.6490001678467 23.9740009307861 23.2140007019043 25.4200000762939 26.6399993896484 23.5750007629395
4.07299995422363 1.51300001144409 2.0550000667572 3.01600003242493 3.97699999809265 4.93800020217896 5.89900016784668 6.8600001335144 7.82100009918213 8.76900005340576 10.0790004730225 11.6730003356934 12.5209999084473 11.9309997558594 12.128999710083 14.5380001068115 15.5629997253418 17.82200050354 17.9640007019043 17.8050003051758 17.0510005950928 14.6599998474121 12.96399974823 11.2690000534058 9.57299995422363 7.87799978256226 6.18200016021729 5.41300010681152 7.14699983596802 8.34899997711182 8.54699993133545 7.28900003433228 16.1359996795654 22.8400001525879 22.9599990844727 24.375 23.8980007171631 21.9029998779297 22.7210006713867 23.8600006103516 23.4409999847412 22.9729995727539 22.9130001068115 23.67799949646 25.5919990539551 25.9020004272461
1.76199996471405 1.27900004386902 2.00699996948242 2.96799993515015 3.92899990081787 4.8899998664856 5.85099983215332 6.70599985122681 8.10400009155273 9.69900035858154 11.2930002212524 12.8870000839233 12.4139995574951 11.6949996948242 11.9549999237061 13.2559995651245 14.4010000228882 16.0179996490479 17.0259990692139 16.2819995880127 15.0819997787476 13.3360004425049 12.168999671936 10.5080003738403 8.8120002746582 7.11700010299683 5.4210000038147 4.34800004959106 6.01999998092651 7.3600001335144 7.30299997329712 5.68100023269653 6.95800018310547 14.1850004196167 18.8500003814697 22.3759994506836 22.0410003662109 18.238000869751 19.2439994812012 22.3719997406006 22.2439994812012 22.5370006561279 18.2630004882812 12.58899974823 14.3369998931885 24.1299991607666
0.544000029563904 1.0440000295639 1.95899999141693 2.92000007629395 3.88100004196167 4.64300012588501 6.13000011444092 7.72399997711182 9.31799983978271 10.9119997024536 12.5069999694824 13.3959999084473 12.3079996109009 11.4580001831055 11.8900003433228 13.1230001449585 14.1429996490479 15.9910001754761 16.3899993896484 14.6160001754761 13.1129999160767 12.0120000839233 10.8450002670288 9.67800045013428 8.05099964141846 6.35599994659424 4.65999984741211 3.28299999237061 4.95499992370605 5.83199977874756 4.76999998092651 5.39499998092651 7.80700016021729 10.2200002670288 12.2239999771118 15.8190002441406 17.6159992218018 13.9549999237061 18.367000579834 20.568000793457 15.3830003738403 10.5030002593994 6.19700002670288 5.23400020599365 12.0159997940063 17.9349994659424
0.308999985456467 0.949000000953674 1.89300000667572 2.57999992370605 4.15500020980835 5.74900007247925 7.3439998626709 8.9379997253418 10.5319995880127 12.1260004043579 13.7200002670288 13.289999961853 12.201000213623 11.2209997177124 11.8240003585815 12.6780004501343 14.1169996261597 15.96399974823 15.753999710083 12.9499998092651 11.5310001373291 10.6890001296997 9.52200031280518 8.35400009155273 7.18699979782104 5.59499979019165 3.8989999294281 2.37700009346008 3.89000010490417 3.85999989509583 3.83100008964539 6.24399995803833 8.6569995880127 9.73600006103516 10.8149995803833 12.7220001220703 12.0240001678467 14.0249996185303 17.3490009307861 17.0610008239746 13.3240003585815 9.58800029754639 5.85099983215332 6.90299987792969 11.7709999084473 16.6389999389648
4.48199987411499 0.587000012397766 2.18099999427795 3.77500009536743 5.36899995803833 6.96299982070923 8.55700016021729 10.1520004272461 11.746000289917 13.3400001525879 14.2720003128052 13.1829996109009 12.0950002670288 11.0059995651245 11.7589998245239 12.2329998016357 14.3699998855591 15.4619998931885 15.1180000305176 11.2840003967285 10.5319995880127 9.36499977111816 8.19799995422363 7.0310001373291 5.86299991607666 4.69600009918213 3.13800001144409 1.58299994468689 2.48699998855591 2.26799988746643 4.68100023269653 6.17000007629395 7.62200021743774 9.7180004119873 11.8140001296997 11.4519996643066 10.375 10.335000038147 13.6599998474121 15.0349998474121 11.298999786377 7.56199979782104 3.84400010108948 7.44199991226196 11.1169996261597 15.9849996566772
10.9709997177124 4.9539999961853 3.73799991607666 4.98899984359741 6.58300018310547 8.17700004577637 9.77099990844727 11.3649997711182 12.9589996337891 14.5539999008179 14.164999961853 13.0769996643066 11.9879999160767 10.8990001678467 10.8850002288818 11.7880001068115 13.9250001907349 14.8079996109009 14.4829998016357 9.61800003051758 9.20899963378906 8.04199981689453 6.87400007247925 5.70699977874756 4.53999996185303 3.37299990653992 2.20499992370605 0.788999974727631 0.902999997138977 2.6029999256134 4.61899995803833 6.71400022506714 8.8100004196167 10.9060001373291 11.2760000228882 10.173999786377 9.09700012207031 8.08300018310547 9.97000026702881 12.6180000305176 9.27299976348877 5.53599977493286 4.40899991989136 8.00699996948242 11.6049995422363 15.331000328064
19.0300006866455 12.2639999389648 5.7649998664856 6.98199987411499 8.19799995422363 9.41499996185303 10.9849996566772 12.5790004730225 14.1730003356934 15.1479997634888 14.0590000152588 12.9700002670288 11.8809995651245 10.7930002212524 13.9750003814697 15.1909999847412 14.7440004348755 14.6619997024536 14.0780000686646 8.85599994659424 7.88500022888184 6.71799993515015 5.55100011825562 4.38299989700317 3.40700006484985 2.49699997901917 1.45799994468689 0.412999987602234 1.61500000953674 3.71099996566772 5.80600023269653 7.90199995040894 9.9980001449585 11.1370000839233 9.97399997711182 8.89599990844727 7.81899976730347 6.74200010299683 6.28000020980835 9.49100017547607 7.24700021743774 3.50999999046326 4.97300004959106 8.57100009918213 12.168999671936 15.7670001983643
23.3980007171631 19.5729999542236 7.79300022125244 9.00899982452393 10.2259998321533 11.4420003890991 12.6590003967285 13.875 15.3870000839233 15.0410003662109 13.9969997406006 13.2510004043579 13.2239999771118 13.5869998931885 17.2560005187988 16.6189994812012 14.6379995346069 14.798999786377 14.1309995651245 10.7309999465942 7.76000022888184 6.84999990463257 5.94099998474121 5.0310001373291 3.73399996757507 2.26699995994568 0.799000024795532 0.354000002145767 3.03399991989136 4.89799976348877 6.99399995803833 9.09000015258789 10.9989995956421 9.80399990081787 8.69600009918213 7.61800003051758 6.54099988937378 5.46400022506714 4.38600015640259 5.91499996185303 5.22100019454956 1.93900001049042 5.53700017929077 9.13500022888184 12.7340002059937 16.3320007324219
23.3199996948242 20.0540008544922 11.6149997711182 11.0369997024536 12.253999710083 13.7580003738403 16.0499992370605 17.6359996795654 15.7819995880127 16.3910007476807 16.6280002593994 16.6009998321533 16.125 16.2889995574951 17.2719993591309 16.5410003662109 15.4259996414185 15.9130001068115 15.9460000991821 13.7760000228882 8.03800010681152 7.47900009155273 6.01100015640259 4.54300022125244 3.07599997520447 1.60800004005432 0.294999986886978 1.62300002574921 4.48799991607666 6.08599996566772 8.18200016021729 10.2779998779297 9.66600036621094 8.49499988555908 7.41800022125244 6.34100008010864 5.26300001144409 4.18599987030029 3.10899996757507 2.22499990463257 3.1949999332428 2.50300002098083 6.10200023651123 9.69999980926514 13.2980003356934 17.0300006866455
23.7999992370605 20.2749996185303 13.7239999771118 18.4090003967285 19.4930000305176 20.9139995574951 18.7399997711182 15.7309999465942 15.5059995651245 15.4709997177124 17.2089996337891 18.1900005340576 17.6319999694824 17.2660007476807 17.5739994049072 17.8299999237061 17.1609992980957 17.07200050354 15.9090003967285 14.8369998931885 9.19099998474121 9.50800037384033 6.66300010681152 4.62799978256226 2.59200000762939 0.949000000953674 0.234999999403954 2.91899991035461 5.78399991989136 7.27400016784668 9.36999988555908 9.52799987792969 8.33300018310547 7.21700000762939 6.1399998664856 5.06300020217896 3.98499989509583 2.90799999237061 1.8309999704361 0.753000020980835 0.352999985218048 3.10999989509583 6.76800012588501 10.4259996414185 14.0839996337891 17.0090007781982
24.5400009155273 20.8840007781982 16.1450004577637 21.2329998016357 23.3229999542236 20.9950008392334 16.8509998321533 14.7150001525879 15.1049995422363 15.4840002059937 17.246000289917 18.1720008850098 18.1420001983643 18.2910003662109 18.2679996490479 18.0130004882812 17.1650009155273 16.2240009307861 15.0030002593994 13.7040004730225 12.6540002822876 11.7349996566772 9.60099983215332 7.31199979782104 4.93900012969971 1.74300003051758 2.44400000572205 3.98900008201599 7.07999992370605 8.76399993896484 9.39000034332275 8.19499969482422 7.01700019836426 5.93900012969971 4.86199998855591 3.78500008583069 2.73499989509583 1.96599996089935 1.19799995422363 0.428999990224838 0.272000014781952 3.65400004386902 7.03900003433228 9.86999988555908 12.701000213623 15.5319995880127
25.3010005950928 24.5809993743896 23.5879993438721 26.0580005645752 24.1800003051758 21.7259998321533 16.0429992675781 14.168999671936 14.7849998474121 15.2880001068115 16.0590000152588 17.3449993133545 18.3719997406006 19.2880001068115 18.7880001068115 18.2549991607666 18.1840000152588 17.617000579834 16.8570003509521 15.8900003433228 16.1450004577637 13.6759996414185 12.1879997253418 11.0710000991821 7.14200019836426 5.62200021743774 7.28000020980835 6.62599992752075 8.77000045776367 8.4069995880127 7.61600017547607 6.86199998855591 5.73899984359741 4.77699995040894 4.00799989700317 3.24000000953674 2.47099995613098 1.70299994945526 0.934000015258789 0.270999997854233 0.230000004172325 2.73099994659424 5.56199979782104 8.39299964904785 11.2239999771118 14.0550003051758
28.2240009307861 27.0319995880127 27.5650005340576 27.2070007324219 24.7019996643066 23.488000869751 20.4860000610352 16.7299995422363 15.7779998779297 15.7209997177124 15.8540000915527 17.6060009002686 18.2870006561279 20.1270008087158 19.6569995880127 19.0580005645752 17.9740009307861 18.0130004882812 17.7150001525879 16.7730007171631 15.8500003814697 14.1049995422363 13.6660003662109 12.6370000839233 7.69899988174438 7.80000019073486 10.4049997329712 11.2349996566772 11.0629997253418 10.4440002441406 8.1230001449585 7.5019998550415 7.78200006484985 6.80299997329712 5.82499980926514 4.84700012207031 3.86800003051758 2.89000010490417 1.91199994087219 0.372999995946884 0.212999999523163 1.25499999523163 4.08599996566772 6.91699981689453 9.7480001449585 12.5790004730225
29.1730003356934 28.4790000915527 27.9820003509521 27.0799999237061 25.8190002441406 24.9400005340576 22.4839992523193 17.4610004425049 15.9890003204346 15.9540004730225 16.0590000152588 17.6490001678467 18.4780006408691 19.1049995422363 19.4699993133545 18.4619998931885 17.7250003814697 17.8430004119873 17.4869995117188 16.201000213623 15.0310001373291 14.4860000610352 14.0030002593994 11.7279996871948 7.60599994659424 11.6260004043579 14.6759996414185 16.1319999694824 14.9060001373291 11.5970001220703 9.51799964904785 9.0939998626709 10.08899974823 11.3109998703003 10.3319997787476 9.35400009155273 8.37600040435791 2.17000007629395 0.592000007629395 0.204999998211861 0.206000000238419 0.303000003099442 2.60899996757507 5.44000005722046 8.27099990844727 9.48999977111816
29.9790000915527 29.2679996490479 28.6949996948242 27.7940006256104 27.2119998931885 25.875 22.0790004730225 15.1199998855591 15.3210000991821 15.2019996643066 15.5579996109009 17.0219993591309 18.4589996337891 18.6959991455078 18.5779991149902 17.9850006103516 17.4939994812012 17.5890007019043 17.2339992523193 16.5480003356934 15.41100025177 14.2449998855591 14.0550003051758 10.4739999771118 13.2609996795654 15.7980003356934 16.7189998626709 16.8190002441406 16.1979999542236 14.6949996948242 14.1450004577637 13.7740001678467 13.8850002288818 15.3269996643066 14.83899974823 8.55200004577637 3.33400011062622 1.75600004196167 0.372000008821487 0.293999999761581 0.270000010728836 0.293000012636185 1.13300001621246 3.96399998664856 6.79500007629395 6.11999988555908
30.5620002746582 30.2639999389648 28.5100002288818 27.5750007629395 25.5009994506836 21.6900005340576 13.8540000915527 13.6319999694824 14.5559997558594 14.5100002288818 14.8540000915527 16.1000003814697 16.5729999542236 17.3929996490479 17.9769992828369 17.9209995269775 17.3770008087158 16.3110008239746 14.5120000839233 14.0260000228882 12.28600025177 13.3360004425049 12.6770000457764 14.3900003433228 16.7789993286133 17.1100006103516 17.9230003356934 17.9710006713867 17.2080001831055 16.9179992675781 17.386999130249 16.6830005645752 15.8690004348755 16.1359996795654 15.2740001678467 11.0059995651245 9.2180004119873 6.09800004959106 3.04500007629395 0.379999995231628 0.363000005483627 0.33899998664856 0.365000009536743 2.48699998855591 3.66199994087219 2.75
30.6270008087158 30.5450000762939 28.1539993286133 22.8540000915527 18.0020008087158 13.6459999084473 12.6280002593994 12.8479995727539 13.3330001831055 13.8090000152588 14.0629997253418 14.4700002670288 14.7370004653931 15.2089996337891 16.7549991607666 17.5109996795654 17.3449993133545 17.1639995574951 12.956000328064 12.3030004501343 11.6870002746582 12.2170000076294 12.2290000915527 16.3649997711182 17.7819995880127 17.8010005950928 18.5289993286133 18.3110008239746 17.3290004730225 18.4990005493164 18.8689994812012 18.4090003967285 16.6000003814697 16.371000289917 15.5920000076294 14.1639995574951 13.4860000610352 8.64500045776367 1.98099994659424 0.46000000834465 0.428000003099442 0.395999997854233 0.398000001907349 1.00999999046326 0.377999991178513 0.358000010251999
30.576000213623 30.1569995880127 29.2479991912842 26.9780006408691 15.0659999847412 14.4479999542236 13.4469995498657 13.6669998168945 13.7430000305176 13.7270002365112 14.168999671936 14.3929996490479 14.4069995880127 14.8950004577637 15.4820003509521 16.5739994049072 17.0179996490479 16.4909992218018 14.2729997634888 11.9910001754761 11.1920003890991 10.5649995803833 12.7589998245239 15.7019996643066 16.568000793457 18.2999992370605 18.871000289917 19.3150005340576 18.2269992828369 18.8199996948242 18.9790000915527 18.3589992523193 17.2229995727539 17.3449993133545 16.4160003662109 14.4709997177124 13.6619997024536 8.19200038909912 0.917999982833862 0.541000008583069 0.50900000333786 0.532999992370605 0.409000009298325 0.398000001907349 0.381000012159348 0.361999988555908
29.8799991607666 28.8309993743896 28.8600006103516 25.9449996948242 15.3439998626709 14.9989995956421 14.2670001983643 14.2379999160767 14.076000213623 14.0690002441406 14.289999961853 14.4329996109009 14.5170001983643 14.3859996795654 15.121000289917 15.7980003356934 15.753999710083 14.9069995880127 13.6079998016357 10.8990001678467 10.2889995574951 9.03999996185303 13.1000003814697 14.7600002288818 15.7950000762939 19.0820007324219 20.003999710083 20.2800006866455 20.2600002288818 19.6149997711182 20.2089996337891 18.5459995269775 17.6340007781982 17.7830009460449 17.0659999847412 14.298999786377 13.1470003128052 7.60799980163574 0.653999984264374 2.36199998855591 4.53800010681152 1.75800001621246 0.335999995470047 0.333999991416931 0.388000011444092 0.365000009536743
