02_asc_chm-r50m/HS212D.asc
NCOLS 200 
NROWS 200 
XLLCORNER 569911.5 
YLLCORNER 5221365 
CELLSIZE 0.5 
NODATA_value -3.4e+38 
[rows 80 to 99 of 200, columns 92 to 137 of 200]
16.2269992828369 17.507999420166 21.871000289917 25.4780006408691 27.7299995422363 28.6110000610352 30.0860004425049 30.7229995727539 31.1049995422363 30.8560009002686 30.3379993438721 28.4729995727539 27.8479995727539 25.3439998626709 23.5790004730225 19.1340007781982 9.04599952697754 6.10699987411499 5.11899995803833 4.83500003814697 4.19799995422363 3.65100002288818 2.96900010108948 3 2.75099992752075 4.3899998664856 3.58100008964539 4.05200004577637 4.88899993896484 5.72700023651123 6.58599996566772 6.32800006866455 6.1100001335144 7.90299987792969 9.69600009918213 10.9490003585815 9.61900043487549 8.65900039672852 8.00899982452393 4.37599992752075 4.07800006866455 4.58599996566772 6.35900020599365 7.64599990844727 8.61800003051758 9.02200031280518
21.2240009307861 22.5130004882812 24.6539993286133 26.7329998016357 27.9850006103516 29.4029998779297 31.056999206543 32.1520004272461 32.8199996948242 32.1389999389648 31.4489994049072 28.7770004272461 27.7339992523193 26.6319999694824 25.9069995880127 18.05299949646 7.05600023269653 6.02699995040894 4.96600008010864 4.85200023651123 4.22300004959106 3.78699994087219 3.99699997901917 4.14400005340576 4.86199998855591 6.96099996566772 7.28399991989136 5.30299997329712 5.67899990081787 6.51700019836426 7.28000020980835 6.47499990463257 8.22399997711182 10.0170001983643 11.8100004196167 12.8079996109009 11.6079998016357 9.93299961090088 9.28999996185303 5.65700006484985 4.04199981689453 4.38899993896484 5.38600015640259 6.88199996948242 7.28599977493286 7.69000005722046
23.1730003356934 22.9570007324219 23.5109996795654 26.4409999847412 28.0389995574951 29.9260005950928 30.9230003356934 32.4469985961914 33.0410003662109 32.4300003051758 31.2689990997314 29.4619998931885 27.8390007019043 26.7819995880127 25.5939998626709 20.4190006256104 6.03599977493286 6.00400018692017 4.69799995422363 4.69399976730347 5.13800001144409 5.15000009536743 5.0770001411438 5.28800010681152 7.34999990463257 9.61800003051758 9.92500019073486 8.83800029754639 7.06400012969971 7.30700016021729 7.33300018310547 8.54500007629395 10.3380002975464 12.1309995651245 13.9230003356934 14.8240003585815 13.5959997177124 11.0220003128052 10.5710000991821 6.93800020217896 4.00699996948242 4.35400009155273 4.63899993896484 5.55000019073486 5.9539999961853 6.35799980163574
24.693000793457 24.3819999694824 24.4669990539551 26.6609992980957 27.6280002593994 29.2940006256104 30.1229991912842 31.4599990844727 31.9130001068115 31.2590007781982 30.3330001831055 28.8950004577637 27.6450004577637 26.2980003356934 24.2900009155273 17.3099994659424 6.50699996948242 4.125 4.47599983215332 5.13299989700317 5.78999996185303 6.15000009536743 6.19000005722046 6.70900011062622 9.93599987030029 10.0900001525879 10.4949998855591 10.5740003585815 9.44900035858154 9.21000003814697 8.77700042724609 10.6590003967285 12.4519996643066 14.2449998855591 16.0370006561279 16.9449996948242 15.585000038147 12.9119997024536 11.8529996871948 8.2189998626709 4.58500003814697 4.31799983978271 4.60300016403198 4.53200006484985 4.28900003433228 4.68300008773804
25.2660007476807 24.9710006713867 24.7590007781982 26.0550003051758 26.8460006713867 28.2259998321533 29.3980007171631 29.826000213623 29.82200050354 29.2199993133545 28.7880001068115 27.8339996337891 27.7980003356934 27.1420001983643 24.1660003662109 19.1979999542236 3.8050000667572 4.38100004196167 5.11399984359741 5.74599981307983 6.35699987411499 6.98099994659424 7.03200006484985 8.42199993133545 9.10299968719482 10.1709995269775 10.5959997177124 10.9540004730225 10.8780002593994 10.4460000991821 8.66699981689453 11.8140001296997 13.9840002059937 16.1520004272461 18.1509990692139 19.0659999847412 17.6940002441406 17.9580001831055 20.9060001373291 14.9689998626709 7.87099981307983 4.49900007247925 4.6230001449585 4.44999980926514 3.7279999256134 4.03399991989136
25.6119995117188 24.2220001220703 22.7350006103516 24.0669994354248 27.2159996032715 27.5310001373291 28.6100006103516 28.7339992523193 28.1609992980957 27.9930000305176 28.0820007324219 27.3490009307861 26.2210006713867 24.9020004272461 23.3980007171631 9.80399990081787 5.55900001525879 4.92000007629395 5.68400001525879 6.42199993133545 7.0479998588562 7.67000007629395 7.79400014877319 10.0120000839233 10.621000289917 10.3920001983643 10.7709999084473 11.1579999923706 11.128999710083 10.2740001678467 10.0260000228882 11.8800001144409 14.8509998321533 17.0209999084473 18.5440006256104 19.3379993438721 22.1919994354248 24.4529991149902 24.628999710083 21.3680000305176 15.5450000762939 10.4610004425049 10.2430000305176 6.60599994659424 4.42199993133545 4.03399991989136
26.6159992218018 23.7210006713867 22.6420001983643 20.0429992675781 23.818000793457 26.2509994506836 27.4050006866455 27.2679996490479 26.2220001220703 26.6720008850098 26.6909999847412 26.0659999847412 24.7849998474121 22.5610008239746 16.1809997558594 12.8800001144409 7.23199987411499 6.31300020217896 6.67500019073486 7.03700017929077 7.72700023651123 8.15200042724609 8.62899971008301 10.0830001831055 10.8299999237061 10.8629999160767 11.2049999237061 11.5069999694824 11.3950004577637 10.7270002365112 10.2259998321533 11.4779996871948 15.2480001449585 16.7439994812012 17.0890007019043 19.1089992523193 23.2789993286133 25.0610008239746 24.6900005340576 21.5930004119873 24.318000793457 26.1639995574951 22.0160007476807 20.1529998779297 4.47800016403198 7.04699993133545
27.07200050354 22.6860008239746 21.5319995880127 18.2169990539551 16.2099990844727 21.5559997558594 24.6849994659424 25.1140003204346 25.5060005187988 25.4190006256104 25.2280006408691 24.0419998168945 20.0590000152588 18.3460006713867 13.8590002059937 13.048999786377 7.46299982070923 7.5789999961853 7.7519998550415 7.90700006484985 8.06099987030029 8.34099960327148 8.73799991607666 10.1099996566772 10.8059997558594 11.3330001831055 12.6770000457764 12.8269996643066 12.2600002288818 11.6190004348755 11.25 14.043999671936 18.6539993286133 19.628999710083 22.4090003967285 26.2240009307861 27.3560009002686 26.9689998626709 26.8040008544922 24.1860008239746 25.8059997558594 26.4029998779297 25.6840000152588 22.0620002746582 8.18099975585938 10.0089998245239
26.9860000610352 21.8659992218018 21.6620006561279 19.6959991455078 13.9079999923706 21.9270000457764 23.2259998321533 24.5200004577637 25.0380001068115 24.3719997406006 23.6630001068115 19.5459995269775 17.9220008850098 14.6339998245239 11.0290002822876 8.66199970245361 6.78200006484985 4.67500019073486 4.19700002670288 5.58300018310547 8.43200016021729 8.85299968719482 9.17899990081787 11.5920000076294 12.331000328064 13.6920003890991 14.2399997711182 13.7469997406006 13.1429996490479 11.9200000762939 13.7880001068115 16.5510005950928 22.9619998931885 23.238000869751 27.3139991760254 27.6940002441406 27.7409992218018 27.798999786377 27.5429992675781 26.7660007476807 26.757999420166 27.0559997558594 26.7719993591309 23.2779998779297 18.3050003051758 17.9939994812012
26.5550003051758 23.3099994659424 21.4990005493164 15.5819997787476 10.3900003433228 19.1280002593994 18.6840000152588 23.3419990539551 23.5450000762939 22.6149997711182 20.7259998321533 19.3460006713867 16.8040008544922 14.0869998931885 9.88700008392334 7.90700006484985 6.49300003051758 4.1729998588562 1.90400004386902 6.21799993515015 10.0190000534058 9.8730001449585 12.6940002441406 14.3170003890991 16.0030002593994 16.5429992675781 16.1690006256104 14.7019996643066 14.4270000457764 12.5550003051758 19.5429992675781 24.8239994049072 26.1380004882812 27.3889999389648 27.9340000152588 27.8250007629395 27.7740001678467 27.3840007781982 27.4610004425049 27.3379993438721 26.7999992370605 27.1690006256104 27.3090000152588 26.69700050354 25.9220008850098 25.6079998016357
24.4029998779297 23.5020008087158 16.1679992675781 10.548999786377 10.706000328064 13.043999671936 12.5989999771118 17.8419990539551 16.6679992675781 15.5719995498657 17.7390003204346 17.3920001983643 11.4680004119873 8.9980001449585 8.89099979400635 7.67899990081787 6.77299976348877 5.27899980545044 3.81100010871887 5.86700010299683 10.7650003433228 12.0659999847412 14.6309995651245 14.871000289917 16.5540008544922 17.2740001678467 17.7390003204346 16.0769996643066 16.4750003814697 16.1189994812012 24.1399993896484 24.3819999694824 26.0520000457764 26.7740001678467 28.0049991607666 28.0739994049072 27.7999992370605 28.30299949646 28.8910007476807 29.2609996795654 28.0270004272461 27.7970008850098 27.17799949646 26.2350006103516 26.3509998321533 26.2479991912842
24.3689994812012 22.2740001678467 11.2779998779297 8.26200008392334 9.25500011444092 8.98099994659424 11.1540002822876 7.76000022888184 7.29300022125244 8.78299999237061 9.92300033569336 8.48099994659424 8.4370002746582 8.60400009155273 9.60900020599365 9.78600025177002 10.7720003128052 10.0959997177124 9.4680004119873 9.47299957275391 9.80200004577637 12.1490001678467 14.5159997940063 16.1669998168945 17.1989994049072 18.4990005493164 19.201000213623 17.6989994049072 18.068000793457 21.6919994354248 23.3379993438721 23.4939994812012 25.8509998321533 27.3309993743896 29.4750003814697 29.8920001983643 31.2019996643066 31.7910003662109 32.1940002441406 32.1259994506836 30.8279991149902 29.6459999084473 28.7159996032715 26.7099990844727 26.7070007324219 27.6009998321533
24.0330009460449 20.0939998626709 14.875 10.8739995956421 7.38000011444092 6.9689998626709 7.18300008773804 6.23000001907349 6.28999996185303 6.94999980926514 7.06400012969971 7.58400011062622 8.14999961853027 8.14099979400635 11.71399974823 14.3240003585815 14.3009996414185 14.206000328064 14.03600025177 12.2819995880127 11.8730001449585 10.7229995727539 13.1960000991821 16.068000793457 17.9069995880127 19.2280006408691 19.5419998168945 18.4899997711182 17.5729999542236 19.3470001220703 21.1609992980957 22.4220008850098 26.7600002288818 28.3020000457764 29.5890007019043 31.4820003509521 32.4580001831055 33.2400016784668 33.4939994812012 33.1020011901855 32.0629997253418 30.6830005645752 29.7730007171631 28.488000869751 27.5389995574951 27.3659992218018
22.5659999847412 19.2070007324219 15.8479995727539 12.4879999160767 9.12899971008301 5.76999998092651 5.88100004196167 6.45800018310547 7.11800003051758 7.77699995040894 8.4370002746582 9.88500022888184 8.82800006866455 9.43900012969971 14.951000213623 16.3759994506836 16.5319995880127 16.2959995269775 16.3299999237061 15.2720003128052 13.5089998245239 11.6789999008179 12.8500003814697 15.2840003967285 17.306999206543 18.3320007324219 19.0650005340576 18.3449993133545 18.1770000457764 18.8950004577637 19.2070007324219 19.6490001678467 25.5009994506836 28.625 29.19700050354 31.4839992523193 32.2039985656738 33.4099998474121 33.564998626709 33.3969993591309 31.6459999084473 30.3819999694824 29.6889991760254 29.7180004119873 25.3780002593994 25.8349990844727
20.253999710083 16.8950004577637 13.53600025177 10.1770000457764 6.81799983978271 5.27699995040894 6.23799991607666 6.84999990463257 7.65500020980835 8.60400009155273 9.26399993896484 9.92300033569336 11.6459999084473 11.7049999237061 16.2369995117188 17.7000007629395 17.6669998168945 18.4669990539551 18.8540000915527 18.2779998779297 16.5419998168945 15.2670001983643 12.8909997940063 14.6850004196167 15.7309999465942 17.1830005645752 17.576000213623 16.757999420166 17.57200050354 18.7689990997314 19.5279998779297 19.8920001983643 25.7119998931885 28.613000869751 29.9139995574951 30.943000793457 31.8360004425049 32.9269981384277 33.3160018920898 33.1769981384277 31.9589996337891 30.8379993438721 29.3349990844727 28.5389995574951 26.6399993896484 26.1709995269775
17.943000793457 14.5839996337891 11.2239999771118 7.86499977111816 4.50600004196167 5.22900009155273 6.19000005722046 7.15100002288818 7.81899976730347 8.65200042724609 9.81599998474121 10.7180004119873 11.4899997711182 14.5989999771118 17.7639999389648 19.0359992980957 19.9790000915527 21.0900001525879 21.1669998168945 19.8460006713867 17.8999996185303 15.3229999542236 12.0249996185303 13.2510004043579 13.6190004348755 14.710000038147 14.78600025177 13.3719997406006 15.4650001525879 17.7019996643066 20.4379997253418 21.9290008544922 24.2390003204346 28.2140007019043 29.8479995727539 30.8959999084473 31.568000793457 32.2960014343262 32.9140014648438 32.5250015258789 31.0249996185303 30.5799999237061 29.3479995727539 28.3549995422363 26.5330009460449 25.7180004119873
15.6309995651245 12.2720003128052 8.91300010681152 5.55399990081787 4.2189998626709 5.17999982833862 6.14099979400635 7.10200023651123 8.0629997253418 8.78800010681152 9.67399978637695 10.8500003814697 11.9119997024536 14.5069999694824 16.7099990844727 19.0860004425049 22.1709995269775 22.5930004119873 22.5009994506836 21.3640003204346 20.1389999389648 16.3530006408691 13.5100002288818 11.7229995727539 12.2799997329712 13.043999671936 11.6730003356934 10.8020000457764 11.6120004653931 14.1949996948242 20.4839992523193 22.6079998016357 24.4290008544922 28.3460006713867 29.4769992828369 30.4740009307861 30.5739994049072 30.7560005187988 31.3460006713867 30.5 28.7889995574951 28.7590007781982 29.0160007476807 28.6009998321533 26.806999206543 25.9479999542236
13.3199996948242 9.96100044250488 6.60099983215332 3.45099997520447 4.1710000038147 5.13199996948242 6.09299993515015 7.05399990081787 8.01500034332275 8.97599983215332 9.75699996948242 10.6999998092651 11.8470001220703 14.673999786377 17.0580005645752 20.2250003814697 23.0750007629395 23.3929996490479 23.1669998168945 21.9060001373291 19.7609996795654 17.5060005187988 11.0010004043579 10.5769996643066 11.2279996871948 10.7430000305176 9.17800045013428 8.49100017547607 11.2869997024536 11.4479999542236 16.4549999237061 21.0450000762939 24.4540004730225 27.9680004119873 29.1840000152588 29.4769992828369 29.5860004425049 29.2670001983643 29.3579998016357 28.0219993591309 27.1919994354248 27.2980003356934 26.2229995727539 26.5429992675781 26.628999710083 27.003999710083
11.0080003738403 7.64900016784668 4.28999996185303 3.21700000762939 4.1230001449585 5.08400011062622 6.04500007629395 7.00600004196167 7.96700000762939 8.92800045013428 9.88899993896484 10.7259998321533 11.7250003814697 15.1499996185303 18.1700000762939 22.4099998474121 22.7099990844727 22.9440002441406 21.9559993743896 20.3330001831055 19.8950004577637 16.6940002441406 9.97599983215332 8.89500045776367 9.75100040435791 9.42199993133545 6.81199979782104 7.57299995422363 10.4250001907349 11.8990001678467 14.914999961853 20.3649997711182 22.4370002746582 25.9169998168945 28.0009994506836 28.2740001678467 28.4270000457764 28.8659992218018 28.7509994506836 28.4860000610352 27.2759990692139 26.636999130249 25.6009998321533 26.3610000610352 26.6070003509521 27.0769996643066
8.69699954986572 5.33699989318848 2.48200011253357 3.11299991607666 4.07399988174438 5.03499984741211 5.99599981307983 6.95699977874756 7.91800022125244 8.87899971008301 9.84000015258789 10.8009996414185 11.706000328064 14.9519996643066 19.0830001831055 21.1429996490479 21.5259990692139 21.6639995574951 22.1660003662109 21.1180000305176 19.117000579834 16.3409996032715 10.5369997024536 9.70899963378906 8.69499969482422 7.62799978256226 4.34000015258789 7.94399976730347 10.0089998245239 11.3579998016357 14.8009996414185 20.4810009002686 22.5130004882812 23.6550006866455 26.0270004272461 26.5480003356934 26.8560009002686 27.6599998474121 27.3619995117188 27.0440006256104 26.1609992980957 25.4260005950928 24.1569995880127 25.6550006866455 26.7810001373291 25.6100006103516
