02_asc_chm-r50m/HS21X1.asc
NCOLS 200 
NROWS 201 
XLLCORNER 570805 
YLLCORNER 5219962 
CELLSIZE 0.5 
NODATA_value -3.4e+38 
[rows 80 to 99 of 201, columns 92 to 137 of 200]
29.9169998168945 30.4080009460449 30.3540000915527 30.0520000457764 24.7220001220703 9.16300010681152 7.1710000038147 7.38899993896484 7.61299991607666 7.8730001449585 6.71600008010864 3.04999995231628 1.14100003242493 0.939000010490417 0.721000015735626 0.303999990224838 0.537000000476837 0.889999985694885 1.16100001335144 1.625 1.7960000038147 1.7610000371933 1.33599996566772 0.527999997138977 0.708999991416931 1.18499994277954 0.66100001335144 0.601999998092651 1.13100004196167 1.42400002479553 1.34700000286102 0.666000008583069 0.159999996423721 0.133000001311302 0.130999997258186 0.137999996542931 0.130999997258186 0.150000005960464 0.225999996066093 0.379000008106232 0.36599999666214 0.354999989271164 0.349999994039536 0.298000007867813 0.221000000834465 1.25
23.6060009002686 22.4139995574951 22.3330001831055 22.0610008239746 16.0919990539551 0.846000015735626 4.66200017929077 4.69000005722046 7.05299997329712 7.25699996948242 5.55999994277954 1.84599995613098 0.637000024318695 0.981000006198883 0.813000023365021 0.493999987840652 0.587999999523163 0.633000016212463 0.902999997138977 1.08299994468689 1.2610000371933 1.50199997425079 1.03900003433228 0.34799998998642 0.794000029563904 1.18799996376038 1.18799996376038 0.89300000667572 1.18099999427795 1.6599999666214 1.79900002479553 1.0460000038147 0.312000006437302 0.185000002384186 0.186000004410744 0.202000007033348 0.23199999332428 0.238999992609024 0.551999986171722 0.662999987602234 0.605000019073486 0.66100001335144 0.430999994277954 0.398999989032745 0.199000000953674 0.174999997019768
17.9610004425049 13.4320001602173 12.9169998168945 7.31699991226196 1.65299999713898 0.490000009536743 0.514999985694885 0.337999999523163 3.53399991989136 3.7260000705719 0.823000013828278 0.400000005960464 0.368999987840652 0.832000017166138 1.06700003147125 0.579999983310699 0.477999985218048 0.828000009059906 0.959999978542328 0.949999988079071 0.742999970912933 0.698000013828278 0.834999978542328 0.587000012397766 0.474000006914139 1.16199994087219 1.59700000286102 1.41600000858307 1.40100002288818 1.74199998378754 1.6139999628067 1.07500004768372 0.711000025272369 0.347000002861023 0.237000003457069 0.263000011444092 0.287999987602234 0.347000002861023 0.266000002622604 0.45100000500679 0.448000013828278 0.745999991893768 0.773000001907349 0.731000006198883 0.518999993801117 0.360000014305115
8.35099983215332 10.3219995498657 10.1820001602173 4.68100023269653 0.500999987125397 0.666999995708466 0.600000023841858 0.368000000715256 0.111000001430511 0.39300000667572 0.508000016212463 0.899999976158142 0.794000029563904 0.822000026702881 0.748000025749207 0.711000025272369 1.21800005435944 1.36899995803833 1.15499997138977 0.490000009536743 0.301999986171722 0.19200000166893 0.282000005245209 0.26800000667572 0.254000008106232 1.23000001907349 1.76499998569489 1.85899996757507 1.59200000762939 1.9889999628067 1.44700002670288 0.882000029087067 0.685000002384186 0.657999992370605 0.50900000333786 0.29899999499321 0.324000000953674 0.485000014305115 0.528999984264374 0.340000003576279 0.444999992847443 0.629999995231628 1.03100001811981 1.06299996376038 0.837999999523163 0.600000023841858
1.29499995708466 5.65500020980835 8.05200004577637 3.39100003242493 0.725000023841858 0.828999996185303 0.620000004768372 0.391999989748001 0.330000013113022 0.421000003814697 0.474999994039536 0.593999981880188 1.11199998855591 1.32299995422363 1.22000002861023 1.55599999427795 1.65699994564056 1.35199999809265 1.01400005817413 0.628000020980835 0.367000013589859 0.167999997735023 0.995000004768372 0.513000011444092 0.5 1.49500000476837 2.03500008583069 1.91700005531311 1.74800002574921 1.66600000858307 0.728999972343445 0.907000005245209 0.500999987125397 0.878000020980835 0.63400000333786 0.33500000834465 0.479999989271164 0.614000022411346 0.657999992370605 0.634999990463257 0.490000009536743 0.619000017642975 1.15400004386902 1.37899994850159 0.864000022411346 0.644999980926514
0.800000011920929 1.33899998664856 5.19999980926514 1.37300002574921 0.598999977111816 0.851000010967255 0.619000017642975 0.354000002145767 0.386000007390976 0.367000013589859 0.324000000953674 0.629999995231628 1.13300001621246 1.35500001907349 1.37399995326996 1.61600005626678 1.29799997806549 0.791000008583069 0.806999981403351 0.912999987602234 0.867999970912933 0.925000011920929 1.40799999237061 1.00699996948242 0.648000001907349 1.37399995326996 2.00300002098083 1.96599996089935 1.74399995803833 1.17599999904633 0.340000003576279 0.45100000500679 0.620999991893768 0.740000009536743 0.574000000953674 0.439999997615814 0.638999998569489 0.725000023841858 0.77700001001358 0.867999970912933 0.570999979972839 0.52700001001358 0.901000022888184 0.879999995231628 0.726999998092651 0.691999971866608
1.22200000286102 0.892000019550323 1.38300001621246 0.367000013589859 0.633000016212463 4.72700023651123 2.25099992752075 0.35699999332428 0.307000011205673 0.495999991893768 0.277999997138977 0.465999990701675 0.751999974250793 0.720000028610229 1.16199994087219 1.36000001430511 0.846000015735626 0.662000000476837 0.662999987602234 0.720000028610229 0.878000020980835 1.26600003242493 1.50300002098083 1.40499997138977 0.83899998664856 1.01600003242493 1.29799997806549 1.41600000858307 1.34800004959106 0.813000023365021 0.579999983310699 0.629999995231628 0.610000014305115 0.448000013828278 0.644999980926514 0.704999983310699 0.778999984264374 0.772000014781952 0.78600001335144 0.867999970912933 0.677999973297119 0.481000006198883 0.485000014305115 0.486999988555908 0.533999979496002 0.88400000333786
1.51199996471405 1.01199996471405 0.829999983310699 0.694999992847443 4.89099979400635 10.3380002975464 13.0480003356934 4.90199995040894 0.649999976158142 0.648999989032745 0.560000002384186 0.666999995708466 0.5 0.526000022888184 0.89300000667572 0.850000023841858 0.759999990463257 0.472000002861023 0.43299999833107 0.381999999284744 0.45100000500679 0.984000027179718 1.09500002861023 1.11699998378754 0.970000028610229 0.665000021457672 0.509999990463257 0.601999998092651 0.90200001001358 1.08500003814697 0.754000008106232 0.669000029563904 0.439000010490417 0.33500000834465 0.538999974727631 0.796999990940094 0.763999998569489 0.888999998569489 0.991999983787537 0.991999983787537 0.889999985694885 0.825999975204468 0.745999991893768 0.712999999523163 0.699999988079071 0.966000020503998
11.1809997558594 14.7030000686646 14.7770004272461 8.30799961090088 11.3590002059937 15.6470003128052 21.0939998626709 15.3199996948242 9.0930004119873 0.972000002861023 0.913999974727631 0.907999992370605 0.512000024318695 0.244000002741814 0.291999995708466 0.467999994754791 0.52700001001358 0.615000009536743 0.46000000834465 0.300999999046326 0.221000000834465 0.331000000238419 0.38400000333786 0.393999993801117 0.776000022888184 0.834999978542328 1.057000041008 1.20000004768372 1.3289999961853 1.34800004959106 1.03900003433228 0.620000004768372 0.642000019550323 0.582000017166138 0.522000014781952 0.648999989032745 0.816999971866608 0.901000022888184 1.04200005531311 1.14100003242493 1.11000001430511 1.18599998950958 0.839999973773956 0.816999971866608 0.773999989032745 0.637000024318695
26.8500003814697 26.4950008392334 26.1310005187988 21.9360008239746 24.8729991912842 26.9370002746582 28.8229999542236 29.5599994659424 28.4650001525879 16.7819995880127 16.7210006713867 18.5559997558594 11.3640003204346 0.32600000500679 0.33899998664856 0.377999991178513 0.823000013828278 1.15199995040894 0.860000014305115 0.538999974727631 0.26800000667572 0.26800000667572 0.425000011920929 0.758000016212463 1.13199996948242 1.17799997329712 1.182000041008 1.39400005340576 1.43299996852875 1.07700002193451 0.778999984264374 0.547999978065491 0.657000005245209 0.612999975681305 0.552999973297119 0.522000014781952 1.28799998760223 0.961000025272369 0.953999996185303 0.99099999666214 1.03299999237061 1.2059999704361 0.870000004768372 0.917999982833862 0.722000002861023 2.22099995613098
26.6860008239746 26.5769996643066 26.2169990539551 27.5790004730225 30.8950004577637 31.8290004730225 31.6259994506836 30.8959999084473 30.2129993438721 28.6480007171631 28.8299999237061 28.7999992370605 28.6019992828369 21.8339996337891 14.1350002288818 1.307000041008 1.10099995136261 1.36000001430511 1.09399998188019 2.56100010871887 2.88899993896484 4.72900009155273 0.312000006437302 0.71399998664856 0.921999990940094 0.63400000333786 0.720000028610229 1.44799995422363 1.42599999904633 1.04100000858307 0.587999999523163 0.296999990940094 0.583000004291534 0.64300000667572 0.612999975681305 0.875999987125397 1.73300004005432 1.17400002479553 1.02300000190735 1.00899994373322 1.13300001621246 1.25 1.08299994468689 1.05200004577637 0.986000001430511 7.6399998664856
16.4389991760254 26.367000579834 26.2660007476807 27.7099990844727 31.7140007019043 32.9560012817383 33.0169982910156 32.6360015869141 31.2019996643066 29.0669994354248 28.8349990844727 28.5559997558594 28.4260005950928 21.6900005340576 7.94000005722046 1.23099994659424 1.14199995994568 0.77700001001358 0.899999976158142 5.84600019454956 8.99300003051758 9.75300025939941 9.11400032043457 4.03499984741211 0.656000018119812 1.4889999628067 0.833999991416931 1.27100002765656 1.19700002670288 0.866999983787537 0.675000011920929 0.64300000667572 0.616999983787537 0.617999970912933 0.691999971866608 1.16199994087219 1.62199997901917 1.43599998950958 0.998000025749207 0.746999979019165 1.06599998474121 1.26499998569489 1.03900003433228 1.07200002670288 0.933000028133392 3.60899996757507
15.8360004425049 21.1639995574951 27.7409992218018 30.8910007476807 33.5019989013672 34.117000579834 34.3110008239746 34.2690010070801 33.4309997558594 32.0670013427734 30.6569995880127 28.5550003051758 16.4459991455078 5.56599998474121 0.884999990463257 1.44500005245209 1.08500003814697 0.996999979019165 1.84300005435944 6.30000019073486 9.62800025939941 10.1190004348755 9.95899963378906 9.82600021362305 6.02299976348877 5.59000015258789 2.06599998474121 1.03900003433228 0.896000027656555 0.800000011920929 0.629999995231628 0.804000020027161 0.819000005722046 0.902999997138977 0.880999982357025 0.640999972820282 0.888000011444092 0.913999974727631 0.605000019073486 0.412999987602234 3.00399994850159 4.70900011062622 6.69899988174438 6.27400016784668 13.8109998703003 18.681999206543
27.007999420166 25.7080001831055 30.4130001068115 33.2099990844727 33.8320007324219 34.5740013122559 34.8559989929199 34.7200012207031 34.3209991455078 33.9650001525879 32.4879989624023 30.0559997558594 13.5590000152588 4.57499980926514 6.63800001144409 1.35399997234344 0.935999989509583 5.58900022506714 7.65799999237061 9.12399959564209 10.0469999313354 10.8170003890991 10.7700004577637 10.4379997253418 9.69600009918213 8.32699966430664 3.10500001907349 0.847000002861023 0.819000005722046 0.822000026702881 0.620000004768372 0.917999982833862 0.958999991416931 0.772000014781952 0.714999973773956 0.439000010490417 0.564999997615814 0.509999990463257 0.453000009059906 0.259999990463257 8.89900016784668 13.1359996795654 17.7980003356934 18.8419990539551 23.1529998779297 24.3729991912842
29.32200050354 29.0580005645752 30.0219993591309 32.701000213623 34.5519981384277 35.1129989624023 35.5130004882812 35.2249984741211 34.6310005187988 33.6450004577637 33.0709991455078 30.8470001220703 28.7339992523193 19.82200050354 18.0259990692139 1.17599999904633 0.763000011444092 1.18099999427795 8.97799968719482 9.44400024414062 10.5129995346069 10.8780002593994 10.9580001831055 10.4670000076294 8.82400035858154 7.90700006484985 2.99300003051758 0.611000001430511 1.59700000286102 0.985000014305115 0.904999971389771 1.00399994850159 0.804000020027161 0.538999974727631 0.601000010967255 0.479999989271164 0.372000008821487 0.446000009775162 0.521000027656555 0.474000006914139 9.17500019073486 20.1229991912842 24.1809997558594 24.9109992980957 25.2390003204346 24.8680000305176
29.3190002441406 29.2320003509521 29.4349994659424 32.6660003662109 34.9210014343262 34.9970016479492 35.4780006408691 35.1920013427734 34.4729995727539 33.484001159668 31.7970008850098 31.05299949646 29.2509994506836 26.6790008544922 21.3640003204346 1.68499994277954 4.68100023269653 7.68300008773804 9.29599952697754 9.63500022888184 9.96300029754639 10.2589998245239 10.206000328064 9.05399990081787 7.05700016021729 4.92000007629395 1.7389999628067 3.00200009346008 3.91899991035461 1.7960000038147 0.86599999666214 0.805999994277954 0.465000003576279 0.33500000834465 0.33899998664856 0.398999989032745 0.360000014305115 0.412000000476837 0.492000013589859 0.476000010967255 7.74399995803833 21.75 25.4650001525879 25.9029998779297 25.6979999542236 25.5470008850098
28.9090003967285 28.9850006103516 30.2609996795654 32.1860008239746 34.2680015563965 34.9599990844727 35.0209999084473 34.8250007629395 33.4070014953613 32.7709999084473 31.8649997711182 31.2880001068115 30.011999130249 25.992000579834 9.60599994659424 5.9060001373291 8.85900020599365 10.2869997024536 9.88399982452393 9.46100044250488 9.22999954223633 9.12100028991699 8.41100025177002 7.63000011444092 7.03000020980835 6.78499984741211 6.58300018310547 6.1269998550415 5.58300018310547 4.21000003814697 1.76900005340576 0.556999981403351 0.617999970912933 0.375999987125397 0.361000001430511 0.345999985933304 0.634999990463257 0.796999990940094 2.79900002479553 3.40899991989136 17.5009994506836 22.5739994049072 24.7830009460449 26.4850006103516 26.5860004425049 26.6259994506836
28.4379997253418 28.4939994812012 29.5709991455078 31.7129993438721 32.6349983215332 34.5530014038086 34.4570007324219 34.117000579834 32.6500015258789 31.6019992828369 31.6270008087158 30.3850002288818 28.5990009307861 23.0620002746582 11.503999710083 10.1269998550415 11.3179998397827 10.8079996109009 10.3290004730225 9.67099952697754 10.0659999847412 8.44400024414062 7.76399993896484 7.04699993133545 7.29899978637695 7.22300004959106 6.65500020980835 6.0479998588562 5.69999980926514 4.99700021743774 2.12800002098083 0.860000014305115 0.689999997615814 0.418000012636185 0.409999996423721 0.737999975681305 2.01900005340576 2.82399988174438 8.01000022888184 17.6889991760254 22.443000793457 23.511999130249 25.548999786377 27.2929992675781 26.8819999694824 27.1730003356934
28.0370006561279 27.9060001373291 27.7880001068115 30.1620006561279 31.7959995269775 32.3819999694824 32.2000007629395 32.5250015258789 31.7959995269775 31.0879993438721 29.6749992370605 28.0189990997314 27.3320007324219 15.5089998245239 12.2209997177124 12.0790004730225 11.7740001678467 11.5150003433228 12.1140003204346 12.7130002975464 13.0719995498657 9.99699974060059 7.11100006103516 6.8730001449585 7.3270001411438 7.30999994277954 6.66900014877319 5.61899995803833 5.35500001907349 4.86700010299683 2.65400004386902 1.03400003910065 0.721000015735626 0.593999981880188 0.841000020503998 2.12199997901917 3.40400004386902 4.68499994277954 9.73200035095215 18.5340003967285 22.6119995117188 25.6019992828369 26.8649997711182 27.2950000762939 27.2310009002686 27.2810001373291
26.4669990539551 27.5699996948242 27.7770004272461 29.4130001068115 31.0769996643066 30.1200008392334 29.8500003814697 30.2259998321533 30.5520000457764 31.1310005187988 29.3929996490479 28.3409996032715 26.6299991607666 16.2660007476807 11.3509998321533 11.2580003738403 6.81300020217896 13.3970003128052 15.16100025177 15.7600002288818 15.4580001831055 11.8509998321533 9.26500034332275 6.67999982833862 6.94099998474121 6.79099988937378 6.14599990844727 5.42600011825562 4.85699987411499 4.64099979400635 2.59999990463257 0.801999986171722 0.52700001001358 2.13199996948242 3.05900001525879 3.69799995422363 4.89699983596802 6.09600019454956 7.19399976730347 20.7169990539551 22.871000289917 25.2549991607666 26.0900001525879 26.7229995727539 27.1660003662109 26.8999996185303
