02_asc_chm-r50m/HS21X1.asc
NCOLS 200 
NROWS 201 
XLLCORNER 570805 
YLLCORNER 5219962 
CELLSIZE 0.5 
NODATA_value -3.4e+38 
[rows 60 to 79 of 201, columns 0 to 45 of 200]
-3.4e+38 -3.4e+38 -3.4e+38 -3.4e+38 -3.4e+38 -3.4e+38 -3.4e+38 -3.4e+38 -3.4e+38 2.26200008392334 3.07299995422363 4.02699995040894 4.01999998092651 3.58100008964539 2.28399991989136 1.23699998855591 3.80299997329712 5.85400009155273 5.16599988937378 2.55900001525879 1.77799999713898 12.8599996566772 15.4200000762939 17.6660003662109 21.9899997711182 25.0060005187988 28.5990009307861 30.8689994812012 32.0149993896484 31.7119998931885 30.7929992675781 28.6219997406006 26.6350002288818 15.7030000686646 3.51699995994568 19.2490005493164 21.9209995269775 21.2159996032715 18.363000869751 12.1540002822876 8.69400024414062 8.90299987792969 8.8730001449585 6.87400007247925 7.04500007629395 7.25099992752075
-3.4e+38 -3.4e+38 -3.4e+38 -3.4e+38 -3.4e+38 -3.4e+38 -3.4e+38 -3.4e+38 -3.4e+38 3.28099989891052 3.59299993515015 5.22900009155273 5.97499990463257 5.58900022506714 3.42300009727478 1.30599999427795 3.95499992370605 5.51599979400635 5.56300020217896 2.15599989891052 3.21199989318848 13.4499998092651 14.7159996032715 18.8139991760254 20.5109996795654 23.2569999694824 26.5769996643066 30.5650005340576 31.5830001831055 31.2919998168945 30.7169990539551 29.4449996948242 17.3519992828369 25.306999206543 8.80300045013428 23.0550003051758 25.7859992980957 25.8409996032715 23.4540004730225 22.6399993896484 13.41100025177 6.85300016403198 6.2810001373291 6.1100001335144 6.61299991607666 6.88399982452393
-3.4e+38 -3.4e+38 -3.4e+38 -3.4e+38 -3.4e+38 -3.4e+38 -3.4e+38 -3.4e+38 2.12100005149841 3.68300008773804 4.52099990844727 6.11899995803833 6.59999990463257 6.70800018310547 3.82100009918213 3.46399998664856 3.92400002479553 4.02400016784668 3.75 1.35300004482269 0.853999972343445 2.75200009346008 9.08300018310547 17.6749992370605 20.7189998626709 22.875 24.9589996337891 28.7900009155273 30.2360000610352 30.1229991912842 29.6590003967285 21.9400005340576 7.11600017547607 21.4340000152588 23.5160007476807 25.8980007171631 26.0160007476807 26.121000289917 26.6420001983643 27.2950000762939 24.4220008850098 11.8620004653931 7.34600019454956 7.96799993515015 6.87200021743774 6.90500020980835
-3.4e+38 -3.4e+38 -3.4e+38 -3.4e+38 -3.4e+38 -3.4e+38 -3.4e+38 -3.4e+38 1.35300004482269 3.42499995231628 4.13700008392334 5.46199989318848 6.08799982070923 6.16400003433228 3.97699999809265 3.63000011444092 3.55399990081787 2.64599990844727 2.3510000705719 0.750999987125397 0.630999982357025 0.800999999046326 2.93099999427795 11.3769998550415 19.136999130249 22.1650009155273 25.6259994506836 26.5799999237061 29.0930004119873 29.2250003814697 27.2409992218018 25.488000869751 19.636999130249 25.1949996948242 25.4640007019043 26.8400001525879 29.818000793457 29.1490001678467 29.7910003662109 31.5340003967285 30.4309997558594 26.4769992828369 12.1049995422363 9.84899997711182 8.85400009155273 7.0479998588562
-3.4e+38 -3.4e+38 -3.4e+38 -3.4e+38 -3.4e+38 -3.4e+38 -3.4e+38 0.598999977111816 1.31099998950958 2.33899998664856 3.77600002288818 4.69899988174438 4.71400022506714 4.30399990081787 3.41400003433228 3.11199998855591 2.1800000667572 1.26800000667572 0.787999987602234 0.570999979972839 0.435000002384186 3.74799990653992 7.17399978637695 15.0139999389648 18.7019996643066 19.2549991607666 23.1060009002686 26.0750007629395 28.6550006866455 28.8619995117188 27.7119998931885 27.3840007781982 26.503999710083 25.0919990539551 25.7390003204346 28.0009994506836 31.7040004730225 31.9290008544922 31.6259994506836 32.4830017089844 32.2840003967285 26.2259998321533 11.7740001678467 17.3010005950928 17.0109996795654 13.3020000457764
-3.4e+38 -3.4e+38 -3.4e+38 -3.4e+38 -3.4e+38 -3.4e+38 -3.4e+38 0.690999984741211 1.34200000762939 1.75899994373322 2.44600009918213 3.73000001907349 3.66899991035461 2.85999989509583 2.06800007820129 1.83700001239777 1.15600001811981 0.703999996185303 0.462000012397766 0.331999987363815 3.38199996948242 6.62400007247925 9.72399997711182 14.039999961853 18.5319995880127 19.4060001373291 21.3390007019043 25.6229991912842 28.3570003509521 29.3059997558594 28.5659999847412 28.2080001831055 26.9330005645752 25.2450008392334 26.4740009307861 27.6009998321533 32.0120010375977 31.9570007324219 30.923999786377 31.863000869751 26.7560005187988 15.2819995880127 12.1630001068115 26.4820003509521 30.2590007781982 24.6609992980957
-3.4e+38 -3.4e+38 -3.4e+38 -3.4e+38 -3.4e+38 -3.4e+38 0.962000012397766 0.782999992370605 1.23300004005432 1.65600001811981 2.09200000762939 2.00600004196167 1.64499998092651 1.63499999046326 1.38699996471405 1.30799996852875 0.904999971389771 0.500999987125397 0.291999995708466 0.389999985694885 4.28700017929077 7.51599979400635 11.2399997711182 12.7469997406006 16.1919994354248 17.9029998779297 23.1040000915527 26.9839992523193 28.9220008850098 29.2430000305176 28.9549999237061 28.3990001678467 27.2180004119873 25.6189994812012 26.6989994049072 25.7940006256104 29.6410007476807 30.9409999847412 27.4080009460449 29.6720008850098 30.6009998321533 26.8880004882812 25.2950000762939 31.7719993591309 32.0190010070801 32.0029983520508
-3.4e+38 -3.4e+38 -3.4e+38 -3.4e+38 -3.4e+38 -3.4e+38 1.08000004291534 0.737999975681305 1.16600000858307 1.59500002861023 2.1029999256134 2.07699990272522 1.45500004291534 1.15799999237061 0.903999984264374 0.734000027179718 0.486999988555908 0.375999987125397 0.264999985694885 0.275000005960464 1.55499994754791 5.4520001411438 9.35000038146973 11.7600002288818 12.8479995727539 14.9919996261597 23.0510005950928 28.9909992218018 30.3360004425049 30.4549999237061 29.9290008544922 30.1669998168945 31.568000793457 31.5179996490479 32.4189987182617 26.5790004730225 24.757999420166 26.6560001373291 26.0919990539551 28.2840003967285 30.0300006866455 30.9559993743896 31.6790008544922 32.1139984130859 32.3629989624023 32.4070014953613
-3.4e+38 -3.4e+38 -3.4e+38 -3.4e+38 -3.4e+38 -3.4e+38 1.01999998092651 0.874000012874603 1.10399997234344 1.60599994659424 2.11400008201599 2.10700011253357 1.38900005817413 0.85699999332428 0.792999982833862 0.570999979972839 0.46000000834465 0.34799998998642 0.237000003457069 0.248999997973442 0.319000005722046 2.72000002861023 6.61800003051758 10.4230003356934 12.1809997558594 20.6079998016357 26.7159996032715 29.2080001831055 30.7320003509521 31.05299949646 32.0730018615723 34.0740013122559 34.0870018005371 34.1049995422363 34.3530006408691 31.2919998168945 23.4169998168945 24.0799999237061 26.6749992370605 27.8959999084473 30.1679992675781 30.9419994354248 31.511999130249 32.1720008850098 32.3040008544922 32.1380004882812
-3.4e+38 -3.4e+38 -3.4e+38 -3.4e+38 -3.4e+38 4.07200002670288 0.882000029087067 0.769999980926514 0.964999973773956 1.54900002479553 2.125 2.47499990463257 2.58899998664856 1.23699998855591 1.07700002193451 0.584999978542328 0.432000011205673 0.321000009775162 0.209999993443489 0.222000002861023 0.293000012636185 0.363000005483627 3.88499999046326 7.41099977493286 9.75800037384033 21.5459995269775 25.7199993133545 28.3239994049072 29.496000289917 31.8470001220703 33.3499984741211 34.1119995117188 34.5439987182617 34.6619987487793 34.2900009155273 29.3229999542236 23.996000289917 25.2129993438721 27.003999710083 28.3110008239746 29.2779998779297 30.5839996337891 31.1959991455078 31.7439994812012 31.5739994049072 31.2180004119873
-3.4e+38 -3.4e+38 -3.4e+38 -3.4e+38 -3.4e+38 6.73699998855591 2.99300003051758 0.648999989032745 0.474000006914139 0.842000007629395 2.50799989700317 2.92000007629395 2.65400004386902 1.85199999809265 1.36099994182587 0.869000017642975 0.405000001192093 0.293999999761581 0.18299999833107 0.195999994874001 0.266000002622604 0.337000012397766 1.15299999713898 4.25899982452393 8.07999992370605 18.3649997711182 25.826000213623 26.5869998931885 29.3859996795654 31.4360008239746 32.7089996337891 33.7529983520508 34.193000793457 33.5769996643066 32.5660018920898 24.5330009460449 25.6620006561279 26.8360004425049 27.3430004119873 27.8490009307861 28.0839996337891 28.7159996032715 29.9249992370605 30.2329998016357 29.7159996032715 29.996000289917
-3.4e+38 -3.4e+38 -3.4e+38 -3.4e+38 -3.4e+38 9.30700016021729 5.09700012207031 0.657000005245209 0.861999988555908 0.952000021934509 2.04900002479553 1.91799998283386 1.11199998855591 0.595000028610229 1.02600002288818 1.15299999713898 0.66100001335144 0.266000002622604 0.155000001192093 0.168999999761581 0.239999994635582 0.310000002384186 0.370000004768372 0.509999990463257 4.43100023269653 12.8249998092651 21.2189998626709 26.7800006866455 28.3840007781982 31.9540004730225 32.564998626709 33.5849990844727 32.3769989013672 31.9209995269775 31.3950004577637 23.1100006103516 23.9069995880127 24.4740009307861 25.0410003662109 25.6070003509521 24.2310009002686 27.488000869751 28.3929996490479 28.7810001373291 28.5900001525879 28.5049991607666
-3.4e+38 -3.4e+38 -3.4e+38 -3.4e+38 -3.4e+38 11.4180002212524 6.23400020599365 0.745999991893768 0.992999970912933 1.21200001239777 1.56200003623962 1.807000041008 1.34300005435944 0.704999983310699 0.663999974727631 0.460999995470047 0.409000009298325 0.453999996185303 0.128000006079674 0.14300000667572 0.210999995470047 0.237000003457069 0.317999988794327 0.495000004768372 0.519999980926514 7.51999998092651 17.1110000610352 25.5370006561279 27.1280002593994 31.201000213623 31.7910003662109 31.9659996032715 31.5259990692139 31.1840000152588 30.253999710083 21.4640007019043 18.8959999084473 19.9130001068115 20.4799995422363 21.0459995269775 16.6889991760254 19.6060009002686 21.4680004119873 21.2590007781982 22.1009998321533 22.8110008239746
-3.4e+38 -3.4e+38 -3.4e+38 -3.4e+38 12.0830001831055 13.5290002822876 7.36999988555908 0.919000029563904 0.875 0.845000028610229 0.999000012874603 1.24399995803833 1.4889999628067 0.804000020027161 0.797999978065491 0.771000027656555 0.568000018596649 0.365000009536743 0.162000000476837 0.0869999974966049 0.109999999403954 0.209000006318092 0.25 0.49099999666214 0.476000010967255 0.467000007629395 10.0579996109009 19.6490001678467 21.1009998321533 28.9799995422363 29.9750003814697 29.9689998626709 30.7310009002686 30.4179992675781 27.7339992523193 21.1909999847412 13.3489999771118 14.6820001602173 15.9180002212524 16.4850006103516 11.9739999771118 14.1459999084473 15.1680002212524 12.3719997406006 13.2980003356934 13.5419998168945
-3.4e+38 -3.4e+38 -3.4e+38 -3.4e+38 14.7969999313354 15.6409997940063 8.50599956512451 3.9909999370575 0.919000029563904 0.814999997615814 0.828000009059906 0.870999991893768 0.925999999046326 1 0.892000019550323 0.890999972820282 0.879000008106232 0.684000015258789 0.504999995231628 0.204999998211861 0.430000007152557 0.448000013828278 0.372999995946884 0.446999996900558 0.43299999833107 0.418000012636185 3.00500011444092 12.5959997177124 2.83899998664856 17.3570003509521 27.5970001220703 27.4039993286133 26.4990005493164 27.173999786377 26.3549995422363 20.9179992675781 7.80200004577637 9.13500022888184 10.4670000076294 11.8000001907349 11.201000213623 11.0349998474121 11.9499998092651 11.9799995422363 12.6859998703003 12.8219995498657
-3.4e+38 -3.4e+38 -3.4e+38 -3.4e+38 17.4899997711182 17.5100002288818 11.6429996490479 3.74399995803833 0.718999981880188 0.813000023365021 0.779999971389771 0.810000002384186 0.846000015735626 0.898999989032745 0.867999970912933 0.828000009059906 0.772000014781952 0.711000025272369 0.363000005483627 0.279000014066696 0.395999997854233 0.699999988079071 0.449000000953674 0.400000005960464 0.389999985694885 0.375 0.360000014305115 2.91599988937378 0.398000001907349 6.51800012588501 20.2759990692139 25.9050006866455 26.6849994659424 26.5610008239746 8.98400020599365 1.14699995517731 7.02500009536743 3.58800005912781 6.16499996185303 9.31799983978271 11.085000038147 10.8009996414185 11.3599996566772 11.5970001220703 11.6730003356934 12.128999710083
-3.4e+38 -3.4e+38 -3.4e+38 -3.4e+38 20.1520004272461 19.2600002288818 11.3959999084473 3.49699997901917 0.421999990940094 0.77700001001358 0.73199999332428 0.763000011444092 0.792999982833862 0.735000014305115 0.46399998664856 0.425000011920929 0.372999995946884 0.331999987363815 0.28099998831749 0.204999998211861 0.153999999165535 0.583999991416931 0.280000001192093 0.287000000476837 0.294999986886978 0.303000003099442 0.319000005722046 0.386999994516373 0.495999991893768 3.2260000705719 13.5860004425049 20.1040000915527 19.8500003814697 14.3229999542236 0.328000009059906 0.688000023365021 0.86599999666214 0.675999999046326 3.38899993896484 6.29699993133545 8.51099967956543 8.79500007629395 9.33399963378906 8.70600032806396 8.2810001373291 11.164999961853
-3.4e+38 -3.4e+38 -3.4e+38 19.882999420166 22.8129997253418 23.511999130249 17.5520000457764 8.30099964141846 0.658999979496002 0.561999976634979 0.698000013828278 0.574000000953674 0.356000006198883 0.550000011920929 0.425999999046326 0.395000010728836 0.349999994039536 0.358999997377396 0.307000011205673 0.230000004172325 0.217999994754791 0.24600000679493 0.256000012159348 0.266000002622604 0.268999993801117 0.275999993085861 0.293000012636185 0.352999985218048 0.497999995946884 0.60699999332428 4.11299991607666 4.60200023651123 4.76999998092651 2.89499998092651 0.750999987125397 0.73199999332428 1.04499995708466 1.02199995517731 0.783999979496002 3.69199991226196 5.63000011444092 5.34499979019165 5.15199995040894 3.01699995994568 2.08999991416931 6.24599981307983
-3.4e+38 -3.4e+38 -3.4e+38 22.8090000152588 23.7759990692139 24.0459995269775 25.3470001220703 22.0520000457764 12.6470003128052 8.12100028991699 0.546000003814697 0.370999991893768 0.326999992132187 0.342999994754791 0.388999998569489 0.368000000715256 0.382999986410141 0.375 0.324999988079071 0.275000005960464 0.263999998569489 0.282000005245209 0.314999997615814 0.293999999761581 0.301999986171722 0.305000007152557 0.349000006914139 0.648999989032745 0.629000008106232 0.347000002861023 0.342000007629395 0.361999988555908 0.507000029087067 0.825999975204468 1.00699996948242 0.712999999523163 1.00199997425079 0.967000007629395 0.689999997615814 1.08599996566772 2.31900000572205 2.00600004196167 1.27499997615814 0.842000007629395 0.563000023365021 0.555999994277954
-3.4e+38 -3.4e+38 -3.4e+38 24.8360004425049 25.5879993438721 26.5879993438721 26.5259990692139 25.9589996337891 24.375 13.7650003433228 5.09200000762939 0.291000008583069 0.33899998664856 0.441000014543533 0.418000012636185 0.39300000667572 0.416999995708466 0.39300000667572 0.370000004768372 0.579999983310699 0.98199999332428 0.328000009059906 0.361000001430511 0.354000002145767 0.333000004291534 0.367000013589859 0.610000014305115 0.695999979972839 0.523000001907349 0.367000013589859 0.282000005245209 0.446999996900558 0.526000022888184 0.630999982357025 0.702000021934509 0.59799998998642 0.806999981403351 0.623000025749207 0.483999997377396 0.662999987602234 0.842000007629395 0.981000006198883 1.30999994277954 1.14800000190735 1.05799996852875 1.16499996185303
