02_asc_chm-r50m/HS211B.asc
NCOLS 200 
NROWS 199 
XLLCORNER 575991.5 
YLLCORNER 5222737.5 
CELLSIZE 0.5 
NODATA_value -3.4e+38 
[rows 40 to 59 of 199, columns 92 to 137 of 200]
3.44799995422363 2.28399991989136 0.737999975681305 0.843999981880188 0.975000023841858 1.19500005245209 1.46399998664856 1.44700002670288 1.54100000858307 1.84099996089935 1.82299995422363 1.85800004005432 1.3639999628067 1.08299994468689 1.125 0.836000025272369 0.458999991416931 0.619000017642975 0.465999990701675 0.312999993562698 0.381000012159348 0.639999985694885 1.04700005054474 1.625 2.20199990272522 2.26500010490417 1.99000000953674 2.34400010108948 2.50200009346008 2.86199998855591 3.50799989700317 3.38499999046326 2.99799990653992 2.26300001144409 10.1999998092651 17.1049995422363 17.3530006408691 21.7740001678467 25.503999710083 26.0820007324219 26.6089992523193 26.7159996032715 26.0100002288818 25.3269996643066 25.0869998931885 23.5750007629395
3.15599989891052 1.942999958992 1.35199999809265 1.19799995422363 0.994000017642975 1.02400004863739 1.37199997901917 1.52100002765656 1.77400004863739 1.81500005722046 1.76199996471405 1.72300004959106 1.60399997234344 1.47699999809265 1.19799995422363 0.925000011920929 0.291999995708466 0.441000014543533 0.580999970436096 0.372000008821487 0.375999987125397 1.09899997711182 1.46200001239777 1.74699997901917 2.16199994087219 2.35800004005432 2.25999999046326 2.35700011253357 2.38100004196167 2.46499991416931 3.38899993896484 3.90400004386902 3.53699994087219 2.70799994468689 1.78699994087219 14.8409996032715 20.5389995574951 24.2290000915527 25.6940002441406 26.1590003967285 28.0729999542236 28.1350002288818 26.7660007476807 26.7940006256104 25.8470001220703 16.8330001831055
2.17300009727478 1.79999995231628 1.35300004482269 1.08599996566772 0.944000005722046 0.986000001430511 1.27499997615814 1.45899999141693 1.79299998283386 1.84700000286102 1.72200000286102 1.5 1.56099998950958 1.52799999713898 1.40499997138977 1.15799999237061 0.602999985218048 0.592000007629395 0.860000014305115 0.700999975204468 1.10699999332428 1.31700003147125 1.71899998188019 2.07800006866455 2.16100001335144 2.34500002861023 2.30299997329712 2.28699994087219 2.1029999256134 2.33899998664856 2.6949999332428 3.00200009346008 2.99300003051758 3.68899989128113 6.03999996185303 10.0229997634888 16.3099994659424 24.3560009002686 25.2019996643066 26.1809997558594 27.8819999694824 29.0230007171631 27.0580005645752 27.1340007781982 21.2859992980957 8.0290002822876
2.30299997329712 1.46200001239777 1.28199994564056 0.971000015735626 0.903999984264374 0.985000014305115 1.07500004768372 1.33200001716614 1.91999995708466 1.97200000286102 1.95799994468689 1.5110000371933 1.39699995517731 1.37399995326996 1.39499998092651 3.28699994087219 10.4650001525879 10.3280000686646 10.0979995727539 2.30299997329712 2.76999998092651 3.72499990463257 4.48400020599365 4.78599977493286 2.76200008392334 1.91199994087219 2.09299993515015 2.05800008773804 1.91700005531311 2.23200011253357 2.29699993133545 2.41400003433228 2.51300001144409 2.82699990272522 6.74599981307983 11.6750001907349 14.668999671936 18.9969997406006 23.7070007324219 25.25 27.6609992980957 29.2609996795654 27.8090000152588 27.386999130249 21.8400001525879 21.5930004119873
1.97800004482269 1.21000003814697 0.896000027656555 0.834999978542328 0.924000024795532 1.00100004673004 1.10599994659424 1.17900002002716 1.56400001049042 1.75300002098083 1.69700002670288 1.30799996852875 1.20799994468689 1.09700000286102 1.01999998092651 4.08599996566772 10.7700004577637 13.4469995498657 13.4230003356934 9.08300018310547 8.82299995422363 10.9209995269775 11.3540000915527 9.51700019836426 4.30800008773804 2.40599989891052 1.86800003051758 1.88100004196167 1.88199996948242 2.08500003814697 2.38199996948242 2.43199992179871 2.2409999370575 2.29999995231628 2.47399997711182 16.7240009307861 18.3649997711182 20.3090000152588 22.0610008239746 25.42799949646 27.4820003509521 27.5240001678467 27.1630001068115 26.75 26.5739994049072 26.2469997406006
1.51699995994568 0.921000003814697 0.703000009059906 0.711000025272369 0.892000019550323 1.01999998092651 1.1599999666214 1.10099995136261 1.09800004959106 1.27400004863739 1.32799994945526 1.03799998760223 1.12000000476837 1.317999958992 1.18900001049042 7.67700004577637 13.1450004577637 13.375 12.871000289917 13.1660003662109 14.8369998931885 14.831000328064 12.8660001754761 13.9309997558594 4.32800006866455 2.03500008583069 1.47800004482269 1.61800003051758 1.94200003147125 2.29299998283386 2.22900009155273 2.1340000629425 2.18199992179871 2.58200001716614 4.39300012588501 12.9619998931885 20.3419990539551 21.1420001983643 21.9360008239746 22.4419994354248 23.9209995269775 25.5979995727539 26.9190006256104 26.6889991760254 26.1359996795654 25.55299949646
0.992999970912933 0.699999988079071 0.582000017166138 0.648000001907349 0.800999999046326 1.01400005817413 1.14400005340576 1.11300003528595 1.03100001811981 1.15699994564056 1.28999996185303 1.19200003147125 0.887000024318695 0.994000017642975 9.60799980163574 12.5839996337891 13.1490001678467 14.2410001754761 13.9119997024536 16.6200008392334 16.8589992523193 16.8419990539551 15.4739999771118 17.3040008544922 12.0249996185303 5.84299993515015 1.20099997520447 1.58899998664856 1.91999995708466 2.01600003242493 1.64100003242493 1.61500000953674 1.94599997997284 2.07100009918213 12.039999961853 16.3999996185303 18.5620002746582 21.57200050354 22.1100006103516 19.2070007324219 21.3190002441406 21.5559997558594 25.318000793457 26.9349994659424 26.5429992675781 26.1310005187988
1.21300005912781 0.691999971866608 0.558000028133392 0.49099999666214 0.495000004768372 0.629999995231628 0.795000016689301 0.948000013828278 1.00499999523163 1.19900000095367 1.30999994277954 1.34200000762939 1.18499994277954 1.19700002670288 12.0740003585815 12.6429996490479 14.5830001831055 15.7659997940063 16.6879997253418 17.1800003051758 16.9710006713867 17.0279998779297 17.1709995269775 17.5130004882812 16.7560005187988 14.2889995574951 13.1309995651245 10.7200002670288 1.86300003528595 2.15300011634827 1.73099994659424 1.92799997329712 2.10500001907349 2.28099989891052 12.8610000610352 17.1849994659424 17.7940006256104 19.5909996032715 21.4130001068115 19.5830001831055 20.8449993133545 23.9130001068115 26.3150005340576 27.0429992675781 27.2770004272461 28.3810005187988
0.889999985694885 0.843999981880188 0.610000014305115 0.307000011205673 0.158000007271767 0.226999998092651 0.605000019073486 0.832000017166138 1.21200001239777 1.37899994850159 2.54399991035461 5.20800018310547 5.68300008773804 4.43900012969971 11.5480003356934 12.3190002441406 14.7419996261597 16.3859996795654 17.6709995269775 18.2119998931885 17.0410003662109 17.0340003967285 17.4370002746582 17.5820007324219 17.0779991149902 16.4540004730225 15.7370004653931 10.4739999771118 3.87299990653992 2.10400009155273 2.42600011825562 2.53299999237061 2.27699995040894 3.40400004386902 5.61899995803833 10.6960000991821 16.8619995117188 16.5900001525879 17.1040000915527 19.9060001373291 19.8759994506836 22.0610008239746 25.9950008392334 26.7789993286133 28.9440002441406 30.0109996795654
1.16700005531311 0.953999996185303 0.813000023365021 0.560000002384186 0.238000005483627 0.223000004887581 1.02300000190735 1.20500004291534 1.85399997234344 6.42999982833862 8.66300010681152 8.84200000762939 8.93000030517578 10.5050001144409 11.3870000839233 13.746000289917 15.0620002746582 16.1679992675781 16.636999130249 17.07200050354 17.5839996337891 17.0380001068115 17.5020008087158 17.7759990692139 17.7870006561279 17.8600006103516 11.1160001754761 1.69599997997284 1.73199999332428 1.95700001716614 1.83800005912781 1.87199997901917 2.11899995803833 2.72900009155273 4.14900016784668 6.06300020217896 9.26000022888184 10.3809995651245 12.2390003204346 16.4500007629395 13.5310001373291 20.1770000457764 26.0939998626709 28.7000007629395 30.1359996795654 30.5100002288818
1.49899995326996 0.990000009536743 1.02600002288818 0.731000006198883 0.726999998092651 0.841000020503998 1.76999998092651 2.15000009536743 1.99899995326996 4.38600015640259 8.55300045013428 8.77799987792969 9.11999988555908 12.0799999237061 13.5270004272461 14.8610000610352 15.6780004501343 16.0669994354248 16.2889995574951 18.4050006866455 19.0809993743896 18.4029998779297 18.4179992675781 18.2950000762939 17.8600006103516 17.8209991455078 17.7630004882812 1.65400004386902 1.43400001525879 1.4889999628067 1.625 2.09599995613098 2.4449999332428 2.39299988746643 2.89499998092651 4.95300006866455 7.41499996185303 10.0329999923706 10.6820001602173 11.0270004272461 10.8120002746582 17.2740001678467 25.3400001525879 28.8719997406006 29.7329998016357 30.3700008392334
1.6139999628067 1.29499995708466 1.14300000667572 0.823000013828278 1.07599997520447 1.17200005054474 1.91199994087219 2.36999988555908 2.50500011444092 2.13000011444092 6.50799989700317 11.0389995574951 13.4630002975464 13.996000289917 14.6199998855591 14.8109998703003 15.4259996414185 16.0659999847412 16.6350002288818 18.2369995117188 18.9669990539551 17.7439994812012 18.0130004882812 17.5020008087158 17.3050003051758 17.3519992828369 14.1440000534058 2.78800010681152 1.56200003623962 1.442999958992 1.77900004386902 2.10999989509583 2.2739999294281 2.23300004005432 2.90300011634827 5.43200016021729 5.35900020599365 7.39499998092651 9.04199981689453 9.26799964904785 9.04800033569336 9.16600036621094 23.6049995422363 27.0359992980957 28.7059993743896 30.0090007781982
1.52799999713898 1.39999997615814 1.13499999046326 1.13800001144409 1.33899998664856 1.35500001907349 1.53199994564056 1.99600005149841 2.11299991607666 1.77999997138977 8.42399978637695 13.0380001068115 13.6569995880127 14.2440004348755 14.5150003433228 14.581000328064 16.1959991455078 17.0620002746582 17.5319995880127 18.0370006561279 17.003999710083 16.261999130249 16.8040008544922 16.4839992523193 16.6909999847412 16.8680000305176 5.56899976730347 2.61800003051758 1.68799996376038 1.45899999141693 1.72099995613098 2.14000010490417 2.36299991607666 2.49699997901917 2.81800007820129 4.08900022506714 4.24300003051758 4.71099996566772 6.85300016403198 7.73799991607666 8.38899993896484 9.8769998550415 24.8229999542236 27.3640003204346 29.1240005493164 29.5049991607666
1.47300004959106 1.44000005722046 1.17400002479553 1.28699994087219 1.52300000190735 1.7940000295639 1.69700002670288 1.12000000476837 3.3989999294281 4.41400003433228 8.73700046539307 13.2790002822876 13.8570003509521 14.298999786377 14.4890003204346 14.5190000534058 15.1540002822876 16.4050006866455 16.7329998016357 16.6019992828369 14.543999671936 14.7969999313354 15.8199996948242 15.6370000839233 15.7220001220703 15.875 16.2730007171631 12.7779998779297 9.20100021362305 12.5719995498657 8.21199989318848 3.02900004386902 2.09400010108948 2.12899994850159 2.34899997711182 1.89699995517731 2.72900009155273 2.59999990463257 4.23099994659424 5.73099994659424 3.5550000667572 11.8870000839233 25.6800003051758 27.6940002441406 28.9969997406006 29.2980003356934
1.35199999809265 1.27799999713898 1.21200001239777 1.61500000953674 1.72200000286102 2.63100004196167 3.13000011444092 2.39100003242493 6.57999992370605 9.4040002822876 11.6529998779297 13.7480001449585 14.0640001296997 14.2770004272461 14.3319997787476 14.3249998092651 14.7340002059937 15.246000289917 15.918999671936 16.0960006713867 14.6619997024536 14.6730003356934 15.2239999771118 15.451000213623 15.4989995956421 15.8050003051758 16.0639991760254 15.5299997329712 14.246000289917 14.6560001373291 14.0950002670288 4.93800020217896 2.84299993515015 3.72699999809265 3.10899996757507 2.07599997520447 2.26300001144409 2.28299999237061 2.51099991798401 2.58400011062622 2.63700008392334 8.89500045776367 20.8470001220703 21.3239994049072 27.2770004272461 28.4060001373291
1.08899998664856 1.17999994754791 1.21899998188019 1.36000001430511 1.54700005054474 2.84500002861023 3.41400003433228 3.00799989700317 5.60900020599365 9.27000045776367 11.8970003128052 10.4619998931885 13.9680004119873 14.0649995803833 14.0229997634888 13.8520002365112 13.9029998779297 14.6029996871948 15.6219997406006 15.3909997940063 14.1569995880127 14.2810001373291 14.8409996032715 15.4219999313354 15.2069997787476 15.5059995651245 12.5380001068115 13.9779996871948 14.2080001831055 14.4350004196167 12.7220001220703 9.96199989318848 9.33600044250488 9.61699962615967 9.40100002288818 6.09700012207031 3.18300008773804 2.44300007820129 2.48900008201599 2.44899988174438 2.44000005722046 2.90899991989136 2.73799991607666 11.4799995422363 24.4969997406006 26.0779991149902
1.20200002193451 1.16100001335144 1.18099999427795 1.17599999904633 1.07000005245209 1.05400002002716 2.26500010490417 1.67200005054474 2.17499995231628 6.0460000038147 7.06500005722046 3.96600008010864 9.30000019073486 13.8520002365112 13.7919998168945 12.4390001296997 12.7229995727539 13.2220001220703 15.3450002670288 15.173999786377 13.9580001831055 13.9270000457764 13.96399974823 14.871000289917 14.7969999313354 9.32499980926514 5.0939998626709 10.1300001144409 14.0319995880127 15.0710000991821 14.8870000839233 14.0100002288818 15.6160001754761 14.2229995727539 14.21399974823 13.2709999084473 10.2600002288818 5.84700012207031 2.27099990844727 2.48200011253357 2.46799993515015 2.43400001525879 2.34500002861023 7.58500003814697 18.6380004882812 23.132999420166
1.19500005245209 1.14999997615814 1.23099994659424 1.12600004673004 0.731000006198883 0.792999982833862 0.731000006198883 0.703999996185303 0.847000002861023 1.30499994754791 1.85800004005432 1.56400001049042 8.98299980163574 7.73000001907349 8.11900043487549 10.6169996261597 11.0600004196167 11.5830001831055 13.9069995880127 14.5050001144409 13.9910001754761 13.8500003814697 13.9720001220703 9.43900012969971 10.9049997329712 2.86199998855591 2.39800000190735 10.0059995651245 13.6330003738403 16.3689994812012 16.9780006408691 20.0389995574951 20.8600006103516 19.6520004272461 17.9360008239746 16.5690002441406 11.1850004196167 4.64400005340576 1.92499995231628 2.00200009346008 1.22500002384186 2.10700011253357 2.20499992370605 4.50400018692017 5.17999982833862 19.8899993896484
0.958999991416931 1.39400005340576 1.33899998664856 1.19200003147125 0.50900000333786 0.667999982833862 0.624000012874603 0.63400000333786 1.05499994754791 1.4650000333786 1.60300004482269 1.6139999628067 1.75300002098083 1.87899994850159 3.56800007820129 3.80100011825562 9.01299953460693 8.65900039672852 9.02499961853027 3.77300000190735 8.73700046539307 9.55799961090088 1.92799997329712 1.9210000038147 4.33799982070923 1.62100005149841 3 11.2650003433228 15.7189998626709 19.2950000762939 20.798999786377 23.4029998779297 22.6709995269775 22.0179996490479 19.55299949646 16.7059993743896 11.9180002212524 1.62800002098083 1.83299994468689 1.40299999713898 1.44000005722046 1.91299998760223 2.11999988555908 1.99699997901917 1.81200003623962 1.4099999666214
1.20700001716614 1.52499997615814 1.60899996757507 1.27600002288818 0.569999992847443 0.547999978065491 0.688000023365021 0.987999975681305 1.3289999961853 1.61899995803833 1.5789999961853 1.49199998378754 1.42499995231628 1.58800005912781 1.79799997806549 2.16400003433228 4.28700017929077 2.09899997711182 3.47099995613098 1.75800001621246 1.77799999713898 1.77100002765656 1.74500000476837 4.11800003051758 8.31400012969971 8.88300037384033 9.14500045776367 12.2819995880127 18.1380004882812 21.4939994812012 23.0130004882812 24.8899993896484 24.9699993133545 23.1280002593994 21.3229999542236 17.0139999389648 9.50500011444092 8.59799957275391 1.84099996089935 1.83599996566772 1.80799996852875 1.85599994659424 1.71399998664856 1.83299994468689 1.47099995613098 0.768999993801117
