02_asc_chm-r50m/HS211B.asc
NCOLS 200 
NROWS 199 
XLLCORNER 575991.5 
YLLCORNER 5222737.5 
CELLSIZE 0.5 
NODATA_value -3.4e+38 
[rows 100 to 119 of 199, columns 0 to 45 of 200]
-339999999999999996123846586046231871488.000000000000000 6.58900022506714 18.818000793457 25.6200008392334 25.753999710083 25.9260005950928 26.757999420166 31.0160007476807 32.1570014953613 33.8230018615723 34.810001373291 34.7190017700195 34.1609992980957 33.6069984436035 32.1199989318848 31.8549995422363 31.5970001220703 30.9069995880127 26.6359996795654 25.3330001831055 24.9060001373291 24.9290008544922 25.261999130249 25.806999206543 26.5650005340576 26.7040004730225 27.5300006866455 27.6679992675781 28.1019992828369 28.3549995422363 27.992000579834 25.988000869751 25.8509998321533 25.3880004882812 18.3090000152588 8.07100009918213 6.33199977874756 10.6470003128052 13.0170001983643 12.8719997406006 2.16100001335144 0.884999990463257 1.45099997520447 1.3639999628067 2.75399994850159 5.84700012207031
-3.4e+38 1.19700002670288 16.2040004730225 23.7830009460449 25.9300003051758 26.3059997558594 28.8470001220703 30.8729991912842 32.0439987182617 32.0690002441406 32.193000793457 31.8899993896484 31.8250007629395 32.3240013122559 31.9790000915527 31.9699993133545 31.4330005645752 29.9850006103516 27.4799995422363 26.8409996032715 23.7880001068115 23.5879993438721 21.5020008087158 20.4659996032715 22.6749992370605 28.5060005187988 29.0909996032715 28.9389991760254 28.1200008392334 28.068000793457 27.4729995727539 25.951000213623 25.1089992523193 22.9370002746582 17.6599998474121 16.4150009155273 16.4599990844727 16.2740001678467 15.9940004348755 15.0410003662109 0.646000027656555 0.879000008106232 4.62099981307983 5.69500017166138 2.22900009155273 4.23400020599365
-3.4e+38 5.47800016403198 16.0669994354248 21.4080009460449 24.6669998168945 26.4559993743896 29.6529998779297 29.9130001068115 31.4389991760254 31.5340003967285 30.6560001373291 30.1119995117188 31.3999996185303 31.5879993438721 31.2250003814697 31.8159999847412 32.0419998168945 28.5639991760254 27.9440002441406 26.8889999389648 22.3519992828369 22.2070007324219 22.1650009155273 20.0709991455078 19.132999420166 28.0030002593994 29.7549991607666 30.0139999389648 28.4230003356934 27.5069999694824 27.2390003204346 26.503999710083 24.9950008392334 22.7350006103516 20.9099998474121 19.2849998474121 18.068000793457 17.4990005493164 16.2290000915527 12.1909999847412 9.23400020599365 9.72900009155273 11.6909999847412 8.22500038146973 4.75899982452393 1.29299998283386
-3.4e+38 14.6450004577637 19.8110008239746 22.931999206543 25.7999992370605 26.3229999542236 27.9150009155273 29.2280006408691 30.132999420166 30.556999206543 29.7770004272461 29.9699993133545 30.5809993743896 30.1140003204346 29.878999710083 27.7980003356934 28.9720001220703 27.375 26.8990001678467 25.3430004119873 23.8040008544922 22.9529991149902 22.6590003967285 22.8959999084473 26.318000793457 28.0389995574951 29.5799999237061 31.0820007324219 30.3920001983643 28.1270008087158 26.8110008239746 26.882999420166 26.2129993438721 24.636999130249 22.5860004425049 21.4400005340576 20.4799995422363 21.3150005340576 19 13.9320001602173 15.4759998321533 14.0699996948242 13.0150003433228 6.11199998855591 2.16000008583069 3.48799991607666
-3.4e+38 20.4340000152588 23.1140003204346 25.0779991149902 25.886999130249 26.128999710083 26.6909999847412 28.1009998321533 29.3409996032715 28.7040004730225 27.6049995422363 28.8579998016357 28.3540000915527 27.5100002288818 26.8959999084473 25.7859992980957 26.5629997253418 27.1889991760254 26.8689994812012 25.6569995880127 25.0860004425049 24.4179992675781 23.1019992828369 27.8889999389648 30.6420001983643 31.30299949646 31.7830009460449 31.7549991607666 30.5930004119873 29.4650001525879 28.0100002288818 29.2520008087158 25.67799949646 24.9379997253418 23.4839992523193 22.636999130249 21.9179992675781 22.0650005340576 21.3850002288818 17.5009994506836 19.1009998321533 15.7620000839233 10.2600002288818 4.20100021362305 0.625999987125397 13.1450004577637
-3.4e+38 20.3320007324219 27.931999206543 29.1700000762939 29.1480007171631 27.7049999237061 26.7649993896484 26.7940006256104 26.9699993133545 26.6189994812012 26.7080001831055 26.951000213623 26.238000869751 25.9389991760254 25.326000213623 24.867000579834 25.2560005187988 26.5160007476807 25.9950008392334 25.6149997711182 24.9930000305176 18.7089996337891 11.2600002288818 24.5869998931885 30.8339996337891 32.3429985046387 32.4889984130859 31.875 30.3990001678467 29.8759994506836 30.2870006561279 30.4650001525879 24.9540004730225 23.2560005187988 23.1389999389648 22.7929992675781 22.2549991607666 22.117000579834 21.1870002746582 18.2169990539551 17.9069995880127 13.7259998321533 8.02999973297119 1.15699994564056 0.660000026226044 3.93600010871887
-3.4e+38 25.4790000915527 29.9759998321533 33.1879997253418 32.4749984741211 28.7740001678467 25.9220008850098 25.0470008850098 25.2430000305176 24.2199993133545 23.5 24.7880001068115 22.4860000610352 23.3190002441406 23.8159999847412 24.1989994049072 24.3740005493164 16.7180004119873 18.6690006256104 8.83500003814697 12.0659999847412 5.05999994277954 12.3179998397827 24.1380004882812 30.3430004119873 31.7789993286133 32.2430000305176 32.185001373291 29.7339992523193 29.6399993896484 29.8680000305176 28.693000793457 24.6389999389648 23.1580009460449 23.1639995574951 21.8040008544922 21.9160003662109 21.4860000610352 19.6720008850098 15.8450002670288 12.4090003967285 11.5329999923706 5.47100019454956 0.435000002384186 0.474000006914139 0.589999973773956
-3.4e+38 26.1989994049072 32.2060012817383 34.9090003967285 34.4550018310547 29.3969993591309 26.7700004577637 23.6259994506836 21.8719997406006 14.9060001373291 18.7080001831055 23.0939998626709 20.7590007781982 21.8379993438721 23.7530002593994 23.8159999847412 17.3020000457764 0.524999976158142 6.07999992370605 3.40700006484985 0.44200000166893 1.93900001049042 10.6479997634888 24.3840007781982 30.4890003204346 31.8139991760254 32.0279998779297 31.9890003204346 31.4120006561279 29.7099990844727 28.8229999542236 28.0949993133545 26.1749992370605 23.4179992675781 22.7290000915527 19.4009990692139 20.3229999542236 20.7049999237061 18.8810005187988 16.4340000152588 12.0179996490479 6.8439998626709 1.26900005340576 0.367000013589859 0.331999987363815 0.425000011920929
-3.4e+38 23.9309997558594 30.7210006713867 34.1049995422363 33.5149993896484 28.4619998931885 25.1949996948242 20.9290008544922 14.0299997329712 4.52099990844727 8.20300006866455 15.7749996185303 17.8080005645752 14.3579998016357 15.2449998855591 9.89099979400635 1.48199999332428 0.488000005483627 11.5109996795654 19.1749992370605 9.63399982452393 5.06599998474121 11.0310001373291 25.0200004577637 30.5809993743896 31.0440006256104 31.3490009307861 31.3099994659424 30.3390007019043 28.7369995117188 28.2210006713867 27.3349990844727 25.1749992370605 23.1879997253418 19.9039993286133 16.2259998321533 17.757999420166 18.9419994354248 15.9750003814697 12.3249998092651 7.38299989700317 0.559000015258789 0.879999995231628 0.702000021934509 0.384999990463257 0.492000013589859
-3.4e+38 13.4949998855591 27.9899997711182 31.2479991912842 30.8150005340576 27.2119998931885 23.3209991455078 13.9720001220703 6.24300003051758 0.908999979496002 3.78200006484985 10.3730001449585 9.64500045776367 0.768999993801117 1.00999999046326 1.98000001907349 4.33400011062622 3.02999997138977 16.6469993591309 26.7880001068115 26.8840007781982 21.867000579834 28.4640007019043 29.7719993591309 29.5919990539551 29.8290004730225 30.0289993286133 30.0069999694824 29.4529991149902 28.3799991607666 28.0590000152588 26.7639999389648 23.9930000305176 21.4130001068115 19.826000213623 15.0550003051758 15.8839998245239 12.8610000610352 5.74100017547607 5.52699995040894 3.24200010299683 0.446000009775162 1.81099998950958 1.75999999046326 1.05299997329712 0.823000013828278
-3.4e+38 3.05900001525879 22.4270000457764 24.6909999847412 23.9309997558594 23.3600006103516 16.7840003967285 7.23799991607666 1.31599998474121 1.3860000371933 1.07299995422363 3.60400009155273 3.13700008392334 0.824000000953674 4.91099977493286 11.28600025177 15.0920000076294 6.44399976730347 10.4580001831055 27.6040000915527 27.6560001373291 27.7830009460449 29.125 27.9370002746582 27.636999130249 28.4540004730225 28.0550003051758 27.3460006713867 28.8199996948242 28.371000289917 26.8810005187988 25.1380004882812 18.8729991912842 16.6429996490479 16.7779998779297 14.6579999923706 14.0059995651245 6.30399990081787 1.11600005626678 1.09099996089935 0.952000021934509 0.435999989509583 1.3309999704361 1.99500000476837 1.20899999141693 1.06900000572205
-3.4e+38 -3.4e+38 9.45800018310547 11.7110004425049 12.3879995346069 13.0410003662109 11.8120002746582 2.38800001144409 1.41700005531311 1.63999998569489 1.07299995422363 0.870999991893768 0.958999991416931 4.70800018310547 11.335000038147 18.0330009460449 24.6700000762939 27.0349998474121 28.6499996185303 30.2469997406006 29.9869995117188 29.9589996337891 30.125 28.1989994049072 26.3120002746582 25.5510005950928 24.5799999237061 24.1380004882812 24.9120006561279 27.8470001220703 24.4249992370605 23.0799999237061 17.8649997711182 15.4429998397827 15.3780002593994 14.2550001144409 12.5609998703003 3.8510000705719 1.12000000476837 0.892000019550323 0.871999979019165 0.791999995708466 0.941999971866608 1.10300004482269 1.48000001907349 3.01300001144409
-3.4e+38 -3.4e+38 0.514999985694885 0.52700001001358 0.603999972343445 1.28900003433228 6.18800020217896 2.01699995994568 1.38900005817413 1.39900004863739 1.12100005149841 0.671999990940094 0.954999983310699 8.05799961090088 16.2229995727539 19.9209995269775 23.8449993133545 28.0839996337891 30.1319999694824 31.1019992828369 31.0949993133545 31.136999130249 31.2059993743896 30.6700000762939 26.4669990539551 25.7430000305176 24.4610004425049 23.9549999237061 24.2089996337891 24.431999206543 17.5779991149902 17.007999420166 16.4680004119873 15.2019996643066 15.1520004272461 12.9820003509521 10.4460000991821 5.70699977874756 3.72699999809265 0.828999996185303 0.841000020503998 1.39100003242493 1.23000001907349 1.38100004196167 2.91000008583069 5.58199977874756
-3.4e+38 -3.4e+38 0.574999988079071 0.632000029087067 0.634999990463257 1.34300005435944 2.26300001144409 2.09899997711182 1.52199995517731 1.79999995231628 1.84200000762939 1.80400002002716 1.09800004959106 6.15100002288818 20.6520004272461 25.0330009460449 27.3729991912842 28.7029991149902 30.8400001525879 31.6730003356934 31.5559997558594 31.326000213623 31.2889995574951 30.9540004730225 29.492000579834 25.8840007781982 24.8400001525879 25.386999130249 25.6720008850098 23.4139995574951 13.9870004653931 15.6199998855591 14.8159999847412 13.9499998092651 13.4300003051758 10.2130002975464 8.94900035858154 4.99499988555908 0.934000015258789 0.776000022888184 3.0239999294281 3.71799993515015 3.05999994277954 2.4779999256134 5.37099981307983 6.65799999237061
-3.4e+38 -3.4e+38 0.495999991893768 0.708999991416931 0.686999976634979 1.13399994373322 1.69400000572205 1.76999998092651 1.67599999904633 1.99699997901917 1.89800000190735 1.67900002002716 4.06500005722046 12.3459997177124 21.6439990997314 23.9820003509521 26.7819995880127 27.9029998779297 30.4529991149902 32.1240005493164 32.7809982299805 31.7830009460449 31.3360004425049 30.6499996185303 29.8610000610352 26.9759998321533 25.1079998016357 24.9680004119873 25.2169990539551 24.5020008087158 20.8199996948242 13.9020004272461 13.9449996948242 13.1590003967285 10.6190004348755 8.27400016784668 7.02600002288818 2.70000004768372 0.570999979972839 0.788999974727631 4.86299991607666 5.94199991226196 4.88899993896484 3.83699989318848 5.91400003433228 7.59499979019165
-3.4e+38 -3.4e+38 0.40200001001358 0.839999973773956 0.777999997138977 0.802999973297119 0.825999975204468 1.06099998950958 1.89100003242493 1.85899996757507 1.36099994182587 1.13800001144409 13.2720003128052 18.5389995574951 21.1919994354248 23.2649993896484 26.2019996643066 27.6399993896484 29.6019992828369 32.1370010375977 33.0789985656738 32.4029998779297 31.6240005493164 30.8099994659424 30.2749996185303 27.4750003814697 25.3530006408691 24.7840003967285 24.7320003509521 24.6700000762939 21.69700050354 10.9209995269775 10.5930004119873 10.878999710083 9.04699993133545 4.92799997329712 4.89599990844727 0.813000023365021 0.955999970436096 8.1899995803833 10.7449998855591 7.71799993515015 6.25 4.81199979782104 5.34800004959106 6.48400020599365
-3.4e+38 -3.4e+38 0.296999990940094 0.785000026226044 0.922999978065491 0.73199999332428 0.702000021934509 0.796999990940094 1.63100004196167 1.49800002574921 1.13999998569489 0.930000007152557 12.6680002212524 18.5030002593994 21.4500007629395 24.2189998626709 25.8680000305176 26.6240005493164 28.431999206543 30.3120002746582 32.2540016174316 32.1279983520508 31.3680000305176 30.2670001983643 28.423999786377 27.5349998474121 25.9270000457764 24.8169994354248 24.57200050354 24.3470001220703 17.7019996643066 7.8899998664856 7.03499984741211 5.52299976348877 3.00600004196167 2.59500002861023 1.80999994277954 2.0090000629425 6.86700010299683 12.4949998855591 12.4099998474121 11.0710000991821 9.98499965667725 8.21700000762939 5.73099994659424 3.92199993133545
-3.4e+38 -3.4e+38 -3.4e+38 0.626999974250793 0.83899998664856 0.837999999523163 0.711000025272369 0.524999976158142 0.77700001001358 0.63400000333786 0.554000020027161 0.532999992370605 0.855000019073486 10.7620000839233 20.6830005645752 23.5030002593994 23.8470001220703 25.7450008392334 26.9190006256104 29.6280002593994 31.1650009155273 31.1919994354248 30.6000003814697 29.4570007324219 27.1189994812012 26.7250003814697 25.5820007324219 24.7840003967285 24.3139991760254 23.7859992980957 15.9610004425049 6.86100006103516 5.68599987030029 2.16100001335144 1.13699996471405 3.2720000743866 3.55999994277954 7.26000022888184 12.3000001907349 14.6700000762939 15.956000328064 16.2800006866455 15.7069997787476 12.6079998016357 8.86999988555908 5.94600009918213
-3.4e+38 -3.4e+38 -3.4e+38 0.565999984741211 0.890999972820282 1.0809999704361 0.90200001001358 0.542999982833862 0.626999974250793 0.493999987840652 0.493000000715256 0.602999985218048 10.0290002822876 17.8449993133545 19.3889999389648 20.5149993896484 22.2140007019043 25.4260005950928 25.613000869751 28.3460006713867 28.9440002441406 29.8059997558594 30.3600006103516 27.3390007019043 26.4120006561279 25.9400005340576 24.6529998779297 24.3719997406006 23.7950000762939 16.7000007629395 11.1400003433228 6.44500017166138 3.77600002288818 1.47200000286102 0.825999975204468 8.65499973297119 11.2469997406006 14.8579998016357 17.9020004272461 21.5319995880127 21.4790000915527 18.0650005340576 17.6450004577637 14.6619997024536 12.0469999313354 6.78599977493286
-3.4e+38 -3.4e+38 -3.4e+38 0.796000003814697 0.949000000953674 1.10500001907349 1.04799997806549 0.768999993801117 0.804000020027161 0.808000028133392 0.749000012874603 0.762000024318695 6.87099981307983 17.6919994354248 18.8120002746582 20.048999786377 22.8339996337891 23.9230003356934 25.5100002288818 27.0599994659424 28.3390007019043 28.9379997253418 28.511999130249 26.3449993133545 25.8020000457764 25.4699993133545 23.2590007781982 23.2940006256104 23.6480007171631 24.0419998168945 21.5510005950928 11.9860000610352 3.98499989509583 1.24399995803833 1.96599996089935 9.59500026702881 12.4429998397827 16.8910007476807 18.318000793457 22.8640003204346 24.0709991455078 21.4549999237061 18.1030006408691 14.3450002670288 11.7659997940063 7.44000005722046
