02_asc_chm-r50m/HS21X1.asc
NCOLS 200 
NROWS 201 
XLLCORNER 570805 
YLLCORNER 5219962 
CELLSIZE 0.5 
NODATA_value -3.4e+38 
[rows 0 to 19 of 201, columns 92 to 137 of 200]
-3.4e+38 -3.4e+38 -3.4e+38 -3.4e+38 -3.4e+38 -3.4e+38 -3.4e+38 -3.4e+38 -3.4e+38 -3.4e+38 -3.4e+38 -3.4e+38 -3.4e+38 -3.4e+38 -3.4e+38 -3.4e+38 -3.4e+38 -3.4e+38 -3.4e+38 -3.4e+38 -3.4e+38 -3.4e+38 -3.4e+38 -3.4e+38 -3.4e+38 -3.4e+38 -3.4e+38 -3.4e+38 -3.4e+38 -3.4e+38 -3.4e+38 -3.4e+38 -3.4e+38 -3.4e+38 -3.4e+38 -3.4e+38 -3.4e+38 -3.4e+38 -3.4e+38 -3.4e+38 -3.4e+38 -3.4e+38 -3.4e+38 -3.4e+38 -3.4e+38 -3.4e+38
27.3059997558594 13.9870004653931 13.4409999847412 14.0389995574951 14.3179998397827 14.3909997940063 13.6789999008179 8.47599983215332 5.13000011444092 4.43699979782104 3.50099992752075 2.56500005722046 1.62899994850159 0.693000018596649 0.574999988079071 0.647000014781952 0.718999981880188 0.788999974727631 0.772000014781952 -3.4e+38 -3.4e+38 -3.4e+38 -3.4e+38 -3.4e+38 -3.4e+38 -3.4e+38 -3.4e+38 -3.4e+38 -3.4e+38 -3.4e+38 -3.4e+38 -3.4e+38 -3.4e+38 -3.4e+38 -3.4e+38 -3.4e+38 -3.4e+38 -3.4e+38 -3.4e+38 -3.4e+38 -3.4e+38 -3.4e+38 -3.4e+38 -3.4e+38 -3.4e+38 -3.4e+38
27.3059997558594 15.6420001983643 14.1099996566772 13.4779996871948 13.7250003814697 13.5150003433228 12.4700002670288 9.43000030517578 0.76800000667572 0.717000007629395 0.462999999523163 0.497999995946884 0.470999985933304 0.404000014066696 0.658999979496002 0.828000009059906 0.495000004768372 0.65200001001358 0.791000008583069 0.708999991416931 1.63499999046326 3.34599995613098 1.84500002861023 1.68599998950958 2.01999998092651 -3.4e+38 -3.4e+38 -3.4e+38 -3.4e+38 -3.4e+38 -3.4e+38 -3.4e+38 -3.4e+38 -3.4e+38 -3.4e+38 -3.4e+38 -3.4e+38 -3.4e+38 -3.4e+38 -3.4e+38 -3.4e+38 -3.4e+38 -3.4e+38 -3.4e+38 -3.4e+38 -3.4e+38
30.0620002746582 17.1690006256104 13.201000213623 12.4469995498657 12.4870004653931 11.8629999160767 11.7679996490479 11.2919998168945 2.73799991607666 0.915000021457672 0.467000007629395 3.11700010299683 2.82599997520447 2.53600001335144 14.3540000915527 13.7930002212524 7.80600023269653 2.94099998474121 0.493000000715256 0.762000024318695 19.3600006103516 18.9060001373291 12.9589996337891 1.47899997234344 1.90400004386902 2.01900005340576 1.80400002002716 1.38699996471405 1.23599994182587 1.41199994087219 1.55200004577637 -3.4e+38 -3.4e+38 -3.4e+38 -3.4e+38 -3.4e+38 -3.4e+38 -3.4e+38 -3.4e+38 -3.4e+38 -3.4e+38 -3.4e+38 -3.4e+38 -3.4e+38 -3.4e+38 -3.4e+38
29.3269996643066 24.05299949646 17.5580005645752 11.5979995727539 11.0290002822876 10.3050003051758 10.7089996337891 9.45300006866455 3.92499995231628 0.722000002861023 2.09699988365173 9.61100006103516 13.4650001525879 13.1750001907349 23.2350006103516 23.1550006866455 20.3540000915527 19.9220008850098 17.9489994049072 26.3339996337891 26.9419994354248 25.8360004425049 19.8059997558594 5.90799999237061 0.686999976634979 0.916999995708466 1.35599994659424 1.24500000476837 1.06500005722046 0.926999986171722 1.26400005817413 1.68900001049042 2.09100008010864 2.05800008773804 2.26799988746643 11.8100004196167 21.3509998321533 -3.4e+38 -3.4e+38 -3.4e+38 -3.4e+38 -3.4e+38 -3.4e+38 -3.4e+38 -3.4e+38 -3.4e+38
30.5389995574951 28.621000289917 26.8770008087158 18.6809997558594 10.2069997787476 8.9399995803833 9.03899955749512 8.14999961853027 3.40000009536743 0.814000010490417 3.21600008010864 13.085000038147 20.125 23.2749996185303 25.1049995422363 26.8500003814697 29.32200050354 29.6650009155273 28.6459999084473 29.4130001068115 29.4190006256104 26.2590007781982 25.69700050354 17.1380004882812 6.21799993515015 0.456999987363815 1.06900000572205 1.42499995231628 1.55200004577637 1.4099999666214 1.82200002670288 2.37199997901917 2.98799991607666 2.95199990272522 2.69400000572205 2.49799990653992 6.48000001907349 8.69600009918213 1.83000004291534 1.26400005817413 -3.4e+38 -3.4e+38 -3.4e+38 -3.4e+38 -3.4e+38 -3.4e+38
32.0390014648438 31.5100002288818 30.9699993133545 19.2189998626709 12.9320001602173 6.64499998092651 6.19099998474121 4.61999988555908 2.81900000572205 0.704999983310699 4.33500003814697 14.2040004730225 23.5480003356934 28.0170001983643 27.8540000915527 29.0259990692139 29.757999420166 31.8600006103516 31.9169998168945 30.9060001373291 30.0389995574951 26.9839992523193 25.8700008392334 24.7859992980957 18.2479991912842 0.358000010251999 1.44799995422363 1.72800004482269 1.557000041008 1.62800002098083 1.67499995231628 2.55299997329712 3.15199995040894 3.1159999370575 3.17300009727478 2.98499989509583 2.79900002479553 1.44200003147125 0.869000017642975 1.02199995517731 0.998000025749207 1.11800003051758 -3.4e+38 -3.4e+38 -3.4e+38 -3.4e+38
32.3219985961914 31.8330001831055 29.3999996185303 21.3780002593994 13.4280004501343 6.8769998550415 6.46999979019165 5.48600006103516 3.4539999961853 3.12100005149841 2.00500011444092 16.7019996643066 27.2350006103516 28.2929992675781 29.8680000305176 30.306999206543 31.4440002441406 34.0979995727539 32.7410011291504 31.4050006866455 31.0659999847412 29.1809997558594 27.1219997406006 23.375 17.4559993743896 4.96299982070923 1.06700003147125 1.41499996185303 1.34899997711182 1.34599995613098 1.80499994754791 2.52900004386902 2.72399997711182 2.76200008392334 2.90199995040894 3.16300010681152 2.48200011253357 0.985000014305115 0.472000002861023 0.879000008106232 1.21000003814697 1.41100001335144 1.53999996185303 2.10999989509583 -3.4e+38 -3.4e+38
31.8530006408691 31.8209991455078 30.3209991455078 26.9039993286133 16.9680004119873 7.0479998588562 7.82800006866455 9.125 9.20899963378906 9.21199989318848 9.03400039672852 21.55299949646 26.6429996490479 27.4389991760254 29.5890007019043 31.5459995269775 30.9750003814697 34.6319999694824 35.2029991149902 33.3689994812012 32.2130012512207 30.3470001220703 27.6420001983643 25.3640003204346 14.5640001296997 3.06699991226196 0.565999984741211 0.731000006198883 0.994000017642975 1.20799994468689 1.9190000295639 2.40799999237061 2.31399989128113 2.24799990653992 1.83000004291534 1.26199996471405 1.34200000762939 0.697000026702881 0.379000008106232 0.611999988555908 0.693000018596649 1.05799996852875 1.2150000333786 1.84200000762939 1.47000002861023 1.2940000295639
30.4629993438721 30.5499992370605 29.7549991607666 27.2369995117188 0.89300000667572 4.5770001411438 5.82200002670288 7.61899995803833 16.4200000762939 25.3549995422363 15.5520000457764 21.4459991455078 25.9890003204346 29.6270008087158 31.8419990539551 34.189998626709 35.4959983825684 35.9690017700195 35.9550018310547 35.8289985656738 34.8059997558594 32.7319984436035 29.0249996185303 28.3819999694824 16.5200004577637 4.32000017166138 1.75699996948242 0.60699999332428 0.880999982357025 1.21800005435944 2.06200003623962 2.44700002670288 2.20199990272522 2.00500011444092 2.01900005340576 1.77699995040894 1.68700003623962 1.26199996471405 1.08899998664856 0.818000018596649 1.35099995136261 1.59399998188019 1.02100002765656 1.47099995613098 1.47000002861023 1.20000004768372
29.6280002593994 29.6650009155273 28.6429996490479 3.53900003433228 2.45099997520447 1.93299996852875 3.81699991226196 18.1469993591309 29.8889999389648 31.3649997711182 27.7929992675781 28.1609992980957 27.0540008544922 29.3129997253418 33.2470016479492 35 35.6990013122559 36.6809997558594 36.935001373291 36.5400009155273 34.515998840332 33.1609992980957 29.1879997253418 28.7199993133545 22.2269992828369 7.57299995422363 3.41199994087219 1.83299994468689 0.741999983787537 1.2059999704361 1.96300005912781 2.43300008773804 2.05699992179871 1.82700002193451 1.83299994468689 2.06100010871887 2.28099989891052 2.13199996948242 1.66799998283386 1.54799997806549 1.85099995136261 1.74399995803833 1.10599994659424 1.40600001811981 1.5349999666214 1.42700004577637
28.5200004577637 27.1490001678467 20.9209995269775 2.90199995040894 4.43800020217896 10.6960000991821 9.9709997177124 25.2439994812012 31.878999710083 32.4090003967285 33.310001373291 31.7310009002686 30.9389991760254 31.3579998016357 34.1150016784668 34.8440017700195 36.2410011291504 36.9640007019043 37.3569984436035 36.1399993896484 34.2750015258789 32.3880004882812 29.5300006866455 26.4589996337891 25.507999420166 20.1909999847412 8.26399993896484 1.38300001621246 0.40200001001358 1.07099997997284 1.2960000038147 3.99699997901917 1.5789999961853 1.62100005149841 1.88199996948242 2.48200011253357 2.66000008583069 2.36899995803833 2.04099988937378 1.82200002670288 1.77799999713898 1.71899998188019 1.01499998569489 1.07700002193451 1.42700004577637 1.57400000095367
26.0520000457764 24.8939990997314 12.3179998397827 4.27299976348877 15.8050003051758 27.886999130249 28.9750003814697 31.8229999542236 32.8860015869141 34.8540000915527 34.9980010986328 35.5940017700195 34.3429985046387 33.5820007324219 34.1119995117188 34.2109985351562 35.3800010681152 35.9259986877441 36.2789993286133 35.7869987487793 33.9609985351562 31.8740005493164 29.6590003967285 26.201000213623 25.1849994659424 21.3929996490479 17.1560001373291 12.8409996032715 5.2649998664856 0.660000026226044 5.72599983215332 10.3629999160767 4.50600004196167 1.48300004005432 2.00999999046326 2.31100010871887 2.54699993133545 2.20000004768372 2.21199989318848 2.08899998664856 1.87600004673004 1.30200004577637 0.925000011920929 1.23699998855591 1.72000002861023 1.71000003814697
18.1310005187988 17.048999786377 4.03999996185303 4.89099979400635 19.6100006103516 28.2810001373291 28.6550006866455 32.8540000915527 34.9210014343262 35.6609992980957 36.1399993896484 36.2239990234375 35.8639984130859 34.5929985046387 34.7220001220703 33.6699981689453 34.226001739502 35.1259994506836 35.625 35.234001159668 33.9459991455078 32.6080017089844 29.8199996948242 26.4300003051758 23.8589992523193 18.4580001831055 16.4990005493164 16.511999130249 12.5989999771118 14.5769996643066 13.6110000610352 7.93699979782104 1.88800001144409 1.75699996948242 2.08899998664856 2.04200005531311 1.98199999332428 1.86000001430511 1.78199994564056 1.39100003242493 0.958000004291534 1.0809999704361 1.17700004577637 1.31700003147125 1.65699994564056 1.80799996852875
11.0270004272461 6.37400007247925 5.86199998855591 6.75500011444092 25.2299995422363 28.8360004425049 29.1870002746582 33.7200012207031 36.0940017700195 36.4420013427734 36.6829986572266 36.3429985046387 35.8580017089844 33.6500015258789 32.2140007019043 32.0139999389648 32.3979988098145 33.7669982910156 34.0589981079102 34.3979988098145 32.5610008239746 31.5219993591309 30.7299995422363 28.3279991149902 24.8010005950928 16.6849994659424 17.2549991607666 16.8129997253418 16.617000579834 16.2089996337891 15.9300003051758 9.54699993133545 1.69500005245209 1.7960000038147 1.56299996376038 1.34099996089935 1.39300000667572 1.16999995708466 1.40799999237061 1.09800004959106 1.22000002861023 1.53199994564056 1.46000003814697 1.50699996948242 1.72800004482269 1.6139999628067
7.05100011825562 6.19600009918213 5.93800020217896 14.7030000686646 28.1879997253418 29.2269992828369 29.1350002288818 31.113000869751 34.3269996643066 36.2360000610352 36.7150001525879 36.4939994812012 36.0540008544922 33.9799995422363 30.5370006561279 27.382999420166 28.94700050354 30.173999786377 30.9050006866455 32.1290016174316 30.2889995574951 29.6079998016357 28.2029991149902 25.2299995422363 23.3540000915527 16.6830005645752 18.2140007019043 18.3479995727539 18.1840000152588 18.1009998321533 16.1079998016357 12.2840003967285 5.93800020217896 2.06299996376038 0.764999985694885 0.845000028610229 0.83899998664856 0.930999994277954 1.09099996089935 1.19799995422363 1.50999999046326 1.75300002098083 1.56700003147125 1.71599996089935 1.75699996948242 1.43299996852875
6.69299983978271 6.69999980926514 6.30000019073486 13.5089998245239 23.7970008850098 29.1979999542236 29.1709995269775 32.0040016174316 34.8450012207031 36.1300010681152 36.4500007629395 36.234001159668 35.8209991455078 34.818000793457 30.951000213623 27.6760005950928 27.3910007476807 28.6630001068115 28.9139995574951 29.443000793457 29.5750007629395 27.9519996643066 25.0230007171631 24.2520008087158 22.2830009460449 21.9519996643066 20.5869998931885 19.617000579834 19.3689994812012 18.7779998779297 16.7959995269775 15.4409999847412 10.3999996185303 3.55299997329712 0.804000020027161 1.00899994373322 1.09899997711182 1.26499998569489 1.60300004482269 2.11400008201599 2.06699991226196 1.82200002670288 1.64300000667572 1.35800004005432 1.05400002002716 0.999000012874603
5.97599983215332 5.60900020599365 4.34899997711182 10.5450000762939 22.9080009460449 28.1580009460449 28.8980007171631 32.181999206543 34.8540000915527 35.5009994506836 35.5670013427734 35.5950012207031 34.7060012817383 33.9300003051758 31.625 29.3339996337891 25.2310009002686 24.4009990692139 23.8209991455078 24.8229999542236 25.1110000610352 21.7590007781982 24.0109996795654 23.0550003051758 21.5559997558594 21.6909999847412 21.3040008544922 20.3770008087158 19.9860000610352 19.2189998626709 17.2189998626709 16.2469997406006 8.40799999237061 3.82800006866455 0.76800000667572 0.888000011444092 1.21099996566772 1.56500005722046 1.60099995136261 2.07100009918213 2.01099991798401 1.90900003910065 1.66600000858307 1.24000000953674 1.07700002193451 1.01300001144409
4.16400003433228 3.74000000953674 2.28999996185303 6.1100001335144 19.9669990539551 27.4099998474121 28.9689998626709 32.3470001220703 32.9980010986328 33.8740005493164 34.4269981384277 34.7360000610352 33.9090003967285 32.0320014953613 27.443000793457 22.8910007476807 18.3390007019043 17.1800003051758 16.5030002593994 15.1180000305176 12.5340003967285 16.1480007171631 20.5650005340576 21.7919998168945 22.3759994506836 22.8229999542236 22.5669994354248 21.8390007019043 20.6720008850098 19.1709995269775 17.0380001068115 16.7849998474121 11.7720003128052 8.32800006866455 0.671000003814697 0.46000000834465 0.58899998664856 0.924000024795532 1.25300002098083 1.66799998283386 1.68599998950958 1.69099998474121 1.62800002098083 1.22800004482269 1.07799994945526 1.00699996948242
1.05400002002716 1.63300001621246 0.828999996185303 0.638000011444092 17.7590007781982 24.3990001678467 24.9599990844727 30.7609996795654 30.9260005950928 31.1159992218018 31.2490005493164 31.8889999389648 32.0050010681152 30.4090003967285 25.7959995269775 15.9989995956421 11.4469995498657 10.4910001754761 9.1850004196167 7.80000019073486 7.66400003433228 10.9479999542236 21.3999996185303 21.9270000457764 22.7119998931885 23.4440002441406 23.632999420166 23.056999206543 21.0380001068115 19.3560009002686 17.2280006408691 16.7569999694824 14.8649997711182 9.76200008392334 0.620000004768372 0.209999993443489 0.43299999833107 0.5 1.34200000762939 1.66100001335144 1.65400004386902 1.59099996089935 1.58700001239777 1.27199995517731 0.996999979019165 0.967000007629395
