02_asc_chm-r50m/HS212D.asc
NCOLS 200 
NROWS 200 
XLLCORNER 569911.5 
YLLCORNER 5221365 
CELLSIZE 0.5 
NODATA_value -3.4e+38 
[rows 180 to 199 of 200, columns 46 to 91 of 200]
21.6889991760254 24.2950000762939 26.2049999237061 24.7800006866455 25.8279991149902 22.5690002441406 23.8859996795654 22.113000869751 23.7229995727539 20.4890003204346 17.7240009307861 19.3759994506836 17.7870006561279 16.1979999542236 14.6099996566772 13.0209999084473 10.4630002975464 7.34700012207031 4.12900018692017 1.03400003910065 0.841000020503998 0.861000001430511 0.762000024318695 0.647000014781952 0.532999992370605 0.418000012636185 0.505999982357025 0.672999978065491 0.630999982357025 0.319000005722046 0.509999990463257 0.460999995470047 0.261000007390976 0.26800000667572 0.275000005960464 0.28099998831749 0.298000007867813 0.462999999523163 0.532000005245209 0.448000013828278 0.379999995231628 0.298000007867813 0.197999998927116 0.111000001430511 0.409000009298325 0.818000018596649
21.2189998626709 24.6019992828369 26.5319995880127 25.2569999694824 26.3169994354248 26.2630004882812 25.7800006866455 23.5580005645752 26.4769992828369 24.8490009307861 18.757999420166 22.3929996490479 20.8040008544922 19.2150001525879 17.3759994506836 14.8039999008179 11.081000328064 7.72300004959106 3.9909999370575 1.18299996852875 0.805000007152557 0.799000024795532 0.699000000953674 0.595000028610229 0.481000006198883 0.36599999666214 0.400000005960464 1.36500000953674 1.4889999628067 1.17299997806549 0.321000009775162 0.416000008583069 0.393999993801117 0.326999992132187 0.162000000476837 0.214000001549721 0.379000008106232 0.544000029563904 0.474999994039536 0.391000002622604 0.305999994277954 0.219999998807907 0.153999999165535 0.108999997377396 0.105999998748302 1.00300002098083
26.8309993743896 26.7329998016357 26.8579998016357 26.6840000152588 26.8020000457764 26.9400005340576 26.4020004272461 26.1720008850098 26.2779998779297 26.3460006713867 22.128999710083 22.8050003051758 23.8209991455078 21.6609992980957 18.5380001068115 14.8149995803833 11.3179998397827 7.22900009155273 4.1399998664856 1.3309999704361 0.768999993801117 0.731000006198883 0.624000012874603 0.542999982833862 0.428999990224838 0.314000010490417 0.42399999499321 0.998000025749207 1.19200003147125 1.21300005912781 1.12199997901917 0.321999996900558 0.321999996900558 0.323000013828278 0.345999985933304 0.30799999833107 0.46000000834465 0.503000020980835 0.418999999761581 0.323000013828278 0.228000000119209 0.195999994874001 0.130999997258186 0.128000006079674 0.125 0.674000024795532
25.0869998931885 27.1700000762939 27.2749996185303 26.9370002746582 27.2150001525879 27.076000213623 26.1979999542236 26.1450004577637 26.1200008392334 26.4009990692139 26.488000869751 26.7140007019043 25.996000289917 22.2730007171631 18.5499992370605 14.9130001068115 10.6070003509521 7.09700012207031 4.28800010681152 1.48000001907349 0.732999980449677 0.662000000476837 0.555999994277954 0.456999987363815 0.375999987125397 0.29899999499321 0.448000013828278 0.551999986171722 0.61599999666214 0.540000021457672 0.46399998664856 0.388000011444092 0.345999985933304 0.389999985694885 0.425999999046326 0.462999999523163 0.508000016212463 0.486000001430511 0.377000004053116 0.275999993085861 0.202999994158745 0.158999994397163 0.150999993085861 0.148000001907349 0.144999995827675 0.344999998807907
-3.4e+38 -3.4e+38 27.7730007171631 27.9080009460449 27.9400005340576 27.7849998474121 27.4720001220703 27.5990009307861 27.4360008239746 26.8449993133545 26.8379993438721 26.6450004577637 24.8229999542236 22.2569999694824 18.5610008239746 13.9849996566772 10.0539999008179 7.24499988555908 4.43699979782104 1.62899994850159 0.695999979972839 0.593999981880188 0.486999988555908 0.381000012159348 0.314999997615814 0.321999996900558 0.41499999165535 0.465999990701675 0.699000000953674 0.714999973773956 0.638999998569489 0.527999997138977 0.446000009775162 0.503000020980835 0.547999978065491 0.583999991416931 0.657999992370605 0.644999980926514 0.550999999046326 0.47299998998642 0.425000011920929 0.303999990224838 0.170000001788139 0.166999995708466 0.164000004529953 0.160999998450279
-3.4e+38 -3.4e+38 -3.4e+38 -3.4e+38 28.9230003356934 29.2099990844727 29.1420001983643 29.0919990539551 28.2830009460449 27.242000579834 27.0750007629395 25.121000289917 23.0580005645752 20.9869995117188 19.3959999084473 13.173999786377 10.3970003128052 7.61999988555908 4.84299993515015 2.19899988174438 0.455000013113022 0.470999985933304 0.33899998664856 0.261999994516373 0.307000011205673 0.266999989748001 0.344999998807907 0.428000003099442 0.730000019073486 0.889999985694885 0.814000010490417 0.625999987125397 0.546000003814697 0.602999985218048 0.660000026226044 0.705999970436096 0.897000014781952 0.929000020027161 0.787999987602234 0.669000029563904 0.561999976634979 0.446000009775162 0.331000000238419 0.187000006437302 0.184000000357628 0.180999994277954
-3.4e+38 -3.4e+38 -3.4e+38 -3.4e+38 -3.4e+38 -3.4e+38 29.246000289917 28.9230003356934 28.4850006103516 28.1299991607666 26.6319999694824 24.7889995574951 23.882999420166 21.0300006866455 19.3899993896484 14.0790004730225 11.8760004043579 9.17099952697754 7.15899991989136 4.81500005722046 1.44200003147125 0.326999992132187 0.412000000476837 0.465000003576279 0.51800000667572 0.31700000166893 0.275999993085861 0.458999991416931 0.760999977588654 1.02600002288818 0.989000022411346 0.725000023841858 0.647000014781952 0.703000009059906 0.759999990463257 0.695999979972839 1.07500004768372 1.16100001335144 0.795000016689301 0.689999997615814 0.704999983310699 0.58899998664856 0.474000006914139 0.358000010251999 0.202999994158745 0.200000002980232
-3.4e+38 -3.4e+38 -3.4e+38 -3.4e+38 -3.4e+38 -3.4e+38 -3.4e+38 -3.4e+38 27.7520008087158 27.9400005340576 26.5879993438721 24.6590003967285 23.5919990539551 21.3859996795654 16.6480007171631 14.8249998092651 13.4530000686646 12.1409997940063 10.1079998016357 6.61999988555908 2.48399996757507 0.448000013828278 0.638000011444092 0.691999971866608 0.721000015735626 0.563000023365021 0.206000000238419 0.490000009536743 0.791999995708466 1.09399998188019 1.16400003433228 0.823000013828278 0.746999979019165 0.46900001168251 0.497000008821487 0.555999994277954 0.788999974727631 0.607999980449677 0.504000008106232 0.66100001335144 0.707000017166138 0.718999981880188 0.61599999666214 0.500999987125397 0.377999991178513 0.219999998807907
-3.4e+38 -3.4e+38 -3.4e+38 -3.4e+38 -3.4e+38 -3.4e+38 -3.4e+38 -3.4e+38 -3.4e+38 -3.4e+38 24.7740001678467 23.9400005340576 23.1429996490479 20.9409999847412 15.6400003433228 14.9820003509521 14.5100002288818 13.5480003356934 11.9399995803833 8.42199993133545 3.19600009918213 0.638000011444092 0.721000015735626 0.941999971866608 0.875999987125397 0.587999999523163 0.560999989509583 0.324000000953674 0.689000010490417 1.00699996948242 1.2039999961853 1.00199997425079 0.41499999165535 0.303000003099442 0.331000000238419 0.416999995708466 0.400999993085861 0.791999995708466 0.501999974250793 0.60699999332428 0.657000005245209 0.65200001001358 0.670000016689301 0.643999993801117 0.527999997138977 0.375
-3.4e+38 -3.4e+38 -3.4e+38 -3.4e+38 -3.4e+38 -3.4e+38 -3.4e+38 -3.4e+38 -3.4e+38 -3.4e+38 -3.4e+38 25.0020008087158 23.3649997711182 22.5599994659424 15.7259998321533 14.8879995346069 14.7430000305176 13.7130002975464 11.9309997558594 5.94600009918213 1.69700002670288 0.660000026226044 0.533999979496002 0.808000028133392 0.656000018119812 0.421999990940094 0.529999971389771 0.535000026226044 0.540000021457672 0.634999990463257 4.89099979400635 6.55299997329712 6.44199991226196 5.28000020980835 3.78399991989136 2.10999989509583 2.03699994087219 1.20299994945526 0.467000007629395 0.551999986171722 0.60699999332428 0.601999998092651 0.597000002861023 0.615000009536743 0.635999977588654 0.555000007152557
-3.4e+38 -3.4e+38 -3.4e+38 -3.4e+38 -3.4e+38 -3.4e+38 -3.4e+38 -3.4e+38 -3.4e+38 -3.4e+38 -3.4e+38 -3.4e+38 -3.4e+38 -3.4e+38 16.3040008544922 14.7779998779297 14.9720001220703 13.7379999160767 11.3420000076294 7.25400018692017 3.16499996185303 0.430000007152557 0.550000011920929 0.702000021934509 0.676999986171722 0.465000003576279 0.458999991416931 0.46399998664856 1.62800002098083 3.36400008201599 7.01999998092651 8.41600036621094 11.6459999084473 16.318000793457 15.4029998779297 13.9940004348755 9.82199954986572 13.1239995956421 1.55499994754791 0.497000008821487 0.555999994277954 0.551999986171722 0.546999990940094 0.541999995708466 0.560000002384186 0.600000023841858
-3.4e+38 -3.4e+38 -3.4e+38 -3.4e+38 -3.4e+38 -3.4e+38 -3.4e+38 -3.4e+38 -3.4e+38 -3.4e+38 -3.4e+38 -3.4e+38 -3.4e+38 -3.4e+38 -3.4e+38 -3.4e+38 13.2620000839233 12.1070003509521 11.2659997940063 8.57600021362305 4.75099992752075 0.925999999046326 0.722000002861023 0.848999977111816 0.782999992370605 0.573000013828278 1.89900004863739 6.35400009155273 8.20199966430664 9.32299995422363 9.4680004119873 14.298999786377 17.4699993133545 20.7980003356934 22.2250003814697 22.57200050354 23.3939990997314 22.7840003967285 16.3560009002686 2.17300009727478 0.505999982357025 0.500999987125397 0.497000008821487 0.492000013589859 0.481000006198883 0.474999994039536
-3.4e+38 -3.4e+38 -3.4e+38 -3.4e+38 -3.4e+38 -3.4e+38 -3.4e+38 -3.4e+38 -3.4e+38 -3.4e+38 -3.4e+38 -3.4e+38 -3.4e+38 -3.4e+38 -3.4e+38 -3.4e+38 -3.4e+38 -3.4e+38 7.21199989318848 6.51599979400635 2.71900010108948 0.819000005722046 1.01900005340576 1.08700001239777 0.86599999666214 0.703000009059906 3.01300001144409 7.7189998626709 8.51099967956543 8.6560001373291 15.3920001983643 21.0900001525879 21.1979999542236 22.4050006866455 24.2929992675781 25.4150009155273 24.7029991149902 23.8840007781982 21.2810001373291 17.2689990997314 6.57000017166138 5.07200002670288 4.73600006103516 4.40100002288818 0.778999984264374 0.384999990463257
-3.4e+38 -3.4e+38 -3.4e+38 -3.4e+38 -3.4e+38 -3.4e+38 -3.4e+38 -3.4e+38 -3.4e+38 -3.4e+38 -3.4e+38 -3.4e+38 -3.4e+38 -3.4e+38 -3.4e+38 -3.4e+38 -3.4e+38 -3.4e+38 -3.4e+38 -3.4e+38 1.125 1.76300001144409 1.87000000476837 1.66600000858307 0.568000018596649 3.41599988937378 6.61600017547607 8.46700000762939 8.38199996948242 12.8900003433228 19.5030002593994 20.5590000152588 22.7520008087158 24.4200000762939 26.0179996490479 26.1870002746582 25.6509990692139 26.1060009002686 23.007999420166 18.9640007019043 19.3810005187988 18.1000003814697 12.3450002670288 5.60799980163574 1.02799999713898 0.495999991893768
-3.4e+38 -3.4e+38 -3.4e+38 -3.4e+38 -3.4e+38 -3.4e+38 -3.4e+38 -3.4e+38 -3.4e+38 -3.4e+38 -3.4e+38 -3.4e+38 -3.4e+38 -3.4e+38 -3.4e+38 -3.4e+38 -3.4e+38 -3.4e+38 -3.4e+38 -3.4e+38 -3.4e+38 -3.4e+38 1.42700004577637 1.41600000858307 0.40599998831749 5.15199995040894 9.67800045013428 9.37199974060059 9.48099994659424 16.2399997711182 19.0690002441406 19.7520008087158 22.7889995574951 26.4290008544922 27.9869995117188 28.0109996795654 26.9699993133545 26.4209995269775 23.8999996185303 19.7649993896484 19.1660003662109 16.2999992370605 9.66199970245361 3.70000004768372 1.49699997901917 0.684000015258789
-3.4e+38 -3.4e+38 -3.4e+38 -3.4e+38 -3.4e+38 -3.4e+38 -3.4e+38 -3.4e+38 -3.4e+38 -3.4e+38 -3.4e+38 -3.4e+38 -3.4e+38 -3.4e+38 -3.4e+38 -3.4e+38 -3.4e+38 -3.4e+38 -3.4e+38 -3.4e+38 -3.4e+38 -3.4e+38 -3.4e+38 -3.4e+38 -3.4e+38 -3.4e+38 4.81799983978271 10.3520002365112 10.5270004272461 13.1219997406006 19.386999130249 21.4249992370605 24.7999992370605 28.0900001525879 28.7859992980957 29.0389995574951 28.8479995727539 28.1310005187988 26.4330005645752 23.2469997406006 20.8840007781982 19.7040004730225 13.5430002212524 3.77900004386902 2.14299988746643 1.14400005340576
-3.4e+38 -3.4e+38 -3.4e+38 -3.4e+38 -3.4e+38 -3.4e+38 -3.4e+38 -3.4e+38 -3.4e+38 -3.4e+38 -3.4e+38 -3.4e+38 -3.4e+38 -3.4e+38 -3.4e+38 -3.4e+38 -3.4e+38 -3.4e+38 -3.4e+38 -3.4e+38 -3.4e+38 -3.4e+38 -3.4e+38 -3.4e+38 -3.4e+38 -3.4e+38 -3.4e+38 -3.4e+38 -3.4e+38 -3.4e+38 -3.4e+38 8.39299964904785 23.6690006256104 27.1319999694824 29.3969993591309 30.0879993438721 29.6410007476807 28.2360000610352 26.0559997558594 25.3880004882812 23.3500003814697 21.8159999847412 18.2740001678467 2.77800011634827 1.97200000286102 1.29200005531311
-3.4e+38 -3.4e+38 -3.4e+38 -3.4e+38 -3.4e+38 -3.4e+38 -3.4e+38 -3.4e+38 -3.4e+38 -3.4e+38 -3.4e+38 -3.4e+38 -3.4e+38 -3.4e+38 -3.4e+38 -3.4e+38 -3.4e+38 -3.4e+38 -3.4e+38 -3.4e+38 -3.4e+38 -3.4e+38 -3.4e+38 -3.4e+38 -3.4e+38 -3.4e+38 -3.4e+38 -3.4e+38 -3.4e+38 -3.4e+38 -3.4e+38 -3.4e+38 -3.4e+38 -3.4e+38 -3.4e+38 -3.4e+38 -3.4e+38 23.3479995727539 21.4619998931885 19.2129993438721 21.7530002593994 21.6650009155273 15.0799999237061 8.21300029754639 8.02099990844727 11.1630001068115
-3.4e+38 -3.4e+38 -3.4e+38 -3.4e+38 -3.4e+38 -3.4e+38 -3.4e+38 -3.4e+38 -3.4e+38 -3.4e+38 -3.4e+38 -3.4e+38 -3.4e+38 -3.4e+38 -3.4e+38 -3.4e+38 -3.4e+38 -3.4e+38 -3.4e+38 -3.4e+38 -3.4e+38 -3.4e+38 -3.4e+38 -3.4e+38 -3.4e+38 -3.4e+38 -3.4e+38 -3.4e+38 -3.4e+38 -3.4e+38 -3.4e+38 -3.4e+38 -3.4e+38 -3.4e+38 -3.4e+38 -3.4e+38 -3.4e+38 -3.4e+38 -3.4e+38 -3.4e+38 -3.4e+38 -3.4e+38 -3.4e+38 20.0450000762939 19.6989994049072 14.6809997558594
-3.4e+38 -3.4e+38 -3.4e+38 -3.4e+38 -3.4e+38 -3.4e+38 -3.4e+38 -3.4e+38 -3.4e+38 -3.4e+38 -3.4e+38 -3.4e+38 -3.4e+38 -3.4e+38 -3.4e+38 -3.4e+38 -3.4e+38 -3.4e+38 -3.4e+38 -3.4e+38 -3.4e+38 -3.4e+38 -3.4e+38 -3.4e+38 -3.4e+38 -3.4e+38 -3.4e+38 -3.4e+38 -3.4e+38 -3.4e+38 -3.4e+38 -3.4e+38 -3.4e+38 -3.4e+38 -3.4e+38 -3.4e+38 -3.4e+38 -3.4e+38 -3.4e+38 -3.4e+38 -3.4e+38 -3.4e+38 -3.4e+38 -3.4e+38 -3.4e+38 -3.4e+38
