02_asc_chm-r50m/HS21X1.asc
NCOLS 200 
NROWS 201 
XLLCORNER 570805 
YLLCORNER 5219962 
CELLSIZE 0.5 
NODATA_value -3.4e+38 
[rows 80 to 99 of 201, columns 0 to 45 of 200]
-3.4e+38 -3.4e+38 -3.4e+38 26.7749996185303 27.5069999694824 27.6679992675781 27.6520004272461 27.2150001525879 26.2329998016357 25.0139999389648 16.1429996490479 0.296000003814697 0.372000008821487 0.46900001168251 0.503000020980835 0.559000015258789 0.804000020027161 0.842000007629395 2.18400001525879 2.28600001335144 2.88000011444092 2.68799996376038 1.50199997425079 0.510999977588654 0.527999997138977 0.504000008106232 0.46000000834465 0.41499999165535 0.356000006198883 0.36599999666214 0.449999988079071 0.412999987602234 0.375999987125397 0.303000003099442 0.404000014066696 0.669000029563904 0.822000026702881 0.683000028133392 0.589999973773956 0.940999984741211 1.932000041008 2.24399995803833 1.96700000762939 1.37800002098083 0.977999985218048 1.16499996185303
-3.4e+38 -3.4e+38 -3.4e+38 27.7889995574951 27.9519996643066 28.2169990539551 28.3349990844727 27.9930000305176 27.2269992828369 24.9839992523193 14.9630002975464 0.528999984264374 0.368999987840652 0.414000004529953 0.412999987602234 0.596000015735626 1.55599999427795 2.06599998474121 4.42199993133545 4.64799976348877 4.42600011825562 6.31899976730347 10.9659996032715 8.76099967956543 7.34600019454956 2.24900007247925 0.749000012874603 0.703999996185303 0.632000029087067 0.509999990463257 0.560000002384186 0.570999979972839 0.40599998831749 0.354000002145767 0.476000010967255 0.660000026226044 0.91100001335144 0.783999979496002 0.602999985218048 1.64699995517731 2.40899991989136 3.3199999332428 2.84500002861023 1.3400000333786 0.779999971389771 0.782999992370605
-3.4e+38 -3.4e+38 23.7189998626709 28.1049995422363 28.9850006103516 29.1730003356934 28.5009994506836 28.0939998626709 26.951000213623 20.0359992980957 5.85900020599365 0.970000028610229 0.935999989509583 0.358999997377396 0.564000010490417 1.60199999809265 2.7260000705719 4.0460000038147 4.76800012588501 4.85500001907349 6.33300018310547 11.1280002593994 14.1599998474121 14.4680004119873 14.4379997253418 8.09799957275391 5.42999982833862 2.76200008392334 0.907000005245209 0.806999981403351 4.04099988937378 0.528999984264374 0.333999991416931 0.456000000238419 0.578999996185303 0.700999975204468 0.899999976158142 0.952000021934509 0.779999971389771 1.14400005340576 1.58800005912781 2.23000001907349 1.9190000295639 0.938000023365021 0.944999992847443 0.925999999046326
-3.4e+38 -3.4e+38 24.5069999694824 27.5200004577637 29.0990009307861 29.1720008850098 28.5459995269775 28.0709991455078 26.9130001068115 23.1679992675781 5.25600004196167 0.749000012874603 0.888000011444092 0.978999972343445 1.69700002670288 2.73699998855591 3.8970000743866 4.73199987411499 4.7189998626709 4.875 10.4739999771118 13.3140001296997 14.2639999389648 14.793999671936 15.1890001296997 14.6999998092651 11.2799997329712 19.4829998016357 20.2469997406006 19.4500007629395 18.5729999542236 6.62099981307983 6.23400020599365 0.316000014543533 0.456999987363815 0.598999977111816 0.736999988555908 0.935999989509583 1.10699999332428 1.13399994373322 1.25600004196167 1.23500001430511 0.712999999523163 0.685999989509583 0.870000004768372 0.958000004291534
-3.4e+38 -3.4e+38 25.2929992675781 28.3610000610352 28.511999130249 28.2129993438721 27.7369995117188 27.3929996490479 26.3040008544922 18.8819999694824 6.49100017547607 2.28699994087219 1.95899999141693 2.77099990844727 3.73099994659424 3.89199995994568 4.79500007629395 5.51900005340576 4.81500005722046 7.59999990463257 13.3520002365112 13.5120000839233 14.0799999237061 14.6879997253418 15.0240001678467 14.923999786377 17.5839996337891 24.1520004272461 26.6790008544922 27.2029991149902 27.4379997253418 24.826000213623 21.1749992370605 8.80700016021729 0.237000003457069 0.293999999761581 0.370999991893768 0.629000008106232 0.975000023841858 0.944000005722046 0.629000008106232 0.444000005722046 0.513999998569489 0.584999978542328 0.916999995708466 0.967999994754791
-3.4e+38 -3.4e+38 24.8020000457764 27.2910003662109 27.625 27.1180000305176 26.7630004882812 26.3780002593994 25.5429992675781 17.5869998931885 12.4099998474121 7.23400020599365 5.52099990844727 5.74200010299683 5.56799983978271 5.37900018692017 5.73400020599365 4.34100008010864 12.0939998626709 16.2840003967285 16.2689990997314 13.8640003204346 14.3690004348755 14.668999671936 15.2030000686646 14.8520002365112 16.8519992828369 24.2140007019043 27.25 28.3490009307861 29.1240005493164 29.1070003509521 29.0550003051758 18.3419990539551 9.11499977111816 7.46999979019165 0.381999999284744 0.601000010967255 0.722000002861023 0.703000009059906 0.53600001335144 0.768999993801117 0.725000023841858 0.669000029563904 0.778999984264374 0.788999974727631
-3.4e+38 -3.4e+38 24.3110008239746 25.9419994354248 25.9619998931885 25.3990001678467 24.7259998321533 24.7059993743896 17.4750003814697 9.14200019836426 3.96600008010864 4.69600009918213 5.98899984359741 5.88000011444092 5.91800022125244 6.15999984741211 6.26399993896484 13.4700002670288 24.5389995574951 23.5860004425049 23.4409999847412 15.6879997253418 14.7189998626709 15.2089996337891 15.6639995574951 15.201000213623 20.7520008087158 25.9599990844727 29.1800003051758 29.5249996185303 30.1140003204346 30.2530002593994 30.07200050354 27.0809993743896 25.9209995269775 22.8819999694824 10.2629995346069 0.967999994754791 2.15499997138977 2.15499997138977 0.528999984264374 0.765999972820282 0.880999982357025 0.848999977111816 0.700999975204468 0.633000016212463
-3.4e+38 -3.4e+38 22.2479991912842 23.2530002593994 23.4860000610352 23.253999710083 22.2000007629395 21.6989994049072 9.44900035858154 1.47899997234344 2.78200006484985 4.55399990081787 6.32499980926514 6.81400012969971 6.86199998855591 14.8629999160767 20.2310009002686 27.3540000915527 28.943000793457 28.3990001678467 28.1609992980957 26.0580005645752 20.7329998016357 19.1650009155273 15.6379995346069 21.2639999389648 23.5279998779297 26.4659996032715 29.5799999237061 31.0160007476807 31.3519992828369 31.201000213623 30.8150005340576 29.6590003967285 28.568000793457 23.4500007629395 8.83100032806396 2.35700011253357 6.34600019454956 7.36299991607666 3.20799994468689 2.60400009155273 3.39299988746643 1.75499999523163 1.00399994850159 3.77600002288818
-3.4e+38 -3.4e+38 21.4230003356934 21.1509990692139 21.0839996337891 21.4080009460449 20.6219997406006 10.2449998855591 4.58500003814697 5.66900014877319 7.53999996185303 9.41100025177002 11.3909997940063 7.9689998626709 16.9050006866455 22.3689994812012 27.0739994049072 29.5170001983643 29.6030006408691 29.9909992218018 27.4419994354248 26.1429996490479 22.7210006713867 16.7999992370605 14.8669996261597 20.488000869751 24.9379997253418 27.7140007019043 30.0729999542236 31.0669994354248 31.9109992980957 31.992000579834 31.1870002746582 29.8479995727539 29.2360000610352 11.2530002593994 3.59800004959106 6.33199977874756 10.3219995498657 11.9709997177124 11.2089996337891 6.58099985122681 5.98299980163574 3.23600006103516 7.23899984359741 7.54099988937378
-3.4e+38 19.2430000305176 18.8460006713867 13.3439998626709 15.298999786377 16.5900001525879 20.5410003662109 16.3530006408691 13.6789999008179 17.257999420166 20.242000579834 22.1049995422363 25.2280006408691 23.5690002441406 26.7929992675781 27.0359992980957 29.7320003509521 31.6809997558594 31.8540000915527 32.4389991760254 30.3570003509521 22.0440006256104 16.0769996643066 14.5150003433228 14.2220001220703 21.003999710083 25.8080005645752 27.306999206543 29.8530006408691 31.0799999237061 31.5310001373291 31.3659992218018 30.9899997711182 30.3540000915527 29.3010005950928 4.66099977493286 4.17199993133545 8.71599960327148 13.0380001068115 14.6850004196167 14.1890001296997 14.293999671936 10.835000038147 10.6319999694824 12.1230001449585 16.2199993133545
-3.4e+38 15.9759998321533 13.6280002593994 10.2040004730225 11.4490003585815 13.9499998092651 18.6909999847412 22.4599990844727 22.7150001525879 26.0550003051758 26.9729995727539 29.0540008544922 30.9379997253418 30.6679992675781 29.4440002441406 29.9720001220703 31.3999996185303 31.1849994659424 32.6609992980957 32.6370010375977 29.9419994354248 22.8330001831055 14.5450000762939 14.2030000686646 15.0109996795654 20.0249996185303 21.2029991149902 27.8379993438721 29.8239994049072 30.30299949646 30.8700008392334 30.69700050354 30.1949996948242 29.1229991912842 27.003999710083 4.05200004577637 3.50500011444092 7.92700004577637 12.1560001373291 15.0749998092651 15.8190002441406 15.1770000457764 14.21399974823 14.3450002670288 16.0200004577637 17.5650005340576
-3.4e+38 10.3030004501343 8.76599979400635 6.33400011062622 7.64900016784668 11.6660003662109 16.4069995880127 22.6219997406006 25.0669994354248 28.0130004882812 28.5919990539551 30.5790004730225 31.5729999542236 31.943000793457 31.7059993743896 32.3730010986328 29.2189998626709 28.9120006561279 32.0060005187988 30.8139991760254 28.923999786377 20.0389995574951 10.8970003128052 10.9499998092651 15.1719999313354 16.1790008544922 17.3379993438721 25.818000793457 27.8290004730225 27.8229999542236 28.9909992218018 29.068000793457 27.5149993896484 25.6979999542236 23.863000869751 14.0190000534058 3.9300000667572 6.30200004577637 10.5249996185303 14.6569995880127 16.2119998931885 15.3780002593994 17.1569995880127 22.3190002441406 19.5020008087158 20.8419990539551
-3.4e+38 5.57999992370605 3.79900002479553 2.91000008583069 4.64200019836426 10.6789999008179 17.0949993133545 22.9519996643066 27.5200004577637 29.7269992828369 30.0979995727539 30.8269996643066 34.7789993286133 34.8190002441406 35.2509994506836 35.0610008239746 31.556999206543 27.7609996795654 29.1770000457764 27.69700050354 25.7240009307861 14.6840000152588 4.02600002288818 5.57499980926514 11.2589998245239 17.1219997406006 21.1009998321533 22.5769996643066 24.1509990692139 25.4489994049072 26.488000869751 27.0550003051758 25.2560005187988 24.3239994049072 23.6569995880127 14.0830001831055 5.58699989318848 5.77500009536743 8.86800003051758 13.5430002212524 15.5050001144409 18.6439990997314 18.8150005340576 28.4559993743896 27.8299999237061 27.3840007781982
-3.4e+38 2.84899997711182 2.87599992752075 2.44199991226196 3.22300004959106 8.66499996185303 15.7489995956421 24.1389999389648 29.8729991912842 30.8649997711182 31.6539993286133 33.3489990234375 36.265998840332 36.4990005493164 36.3419990539551 36.0449981689453 33.3450012207031 32.867000579834 32.2369995117188 24.2469997406006 17.8470001220703 10.3459997177124 5.12799978256226 6.01700019836426 9.23999977111816 14.5629997253418 19.5960006713867 19.3549995422363 21.4599990844727 23.7099990844727 23.8700008392334 24.9080009460449 25.1989994049072 23.8850002288818 18.431999206543 13.5249996185303 6.68100023269653 6.66499996185303 6.61299991607666 11.5749998092651 19.6900005340576 25.2800006866455 27.7350006103516 29.8050003051758 30.8540000915527 31.4039993286133
-3.4e+38 3.46300005912781 3.54900002479553 3.07999992370605 2.52800011634827 5.27699995040894 6.95499992370605 26.007999420166 29.7220001220703 30.7220001220703 33.6399993896484 35.8959999084473 36.8120002746582 36.882999420166 36.5909996032715 36.0540008544922 35.351001739502 34.8059997558594 29.6119995117188 22.8689994812012 16.9209995269775 12.6850004196167 7.80999994277954 7.46700000762939 7.93699979782104 10.0909996032715 10.4270000457764 12.8229999542236 15.4300003051758 18.0650005340576 19.0310001373291 19.5359992980957 17.8339996337891 15.7519998550415 12.9020004272461 7.59200000762939 6.95900011062622 7.08199977874756 6.90899991989136 7.26599979400635 19.4150009155273 26.3349990844727 28.9300003051758 31.1299991607666 32.2070007324219 32.6570014953613
-3.4e+38 3.35800004005432 3.2739999294281 3.02900004386902 2.48099994659424 4.99100017547607 15.8559999465942 26.9440002441406 30.3050003051758 31.0729999542236 34.2379989624023 35.7290000915527 36.9720001220703 37.7569999694824 37.5289993286133 37.0330009460449 35.8219985961914 35.1360015869141 29.863000869751 21.0160007476807 12.6450004577637 11.4809999465942 10.1379995346069 8.68099975585938 8.68000030517578 8.4069995880127 7.79400014877319 7.64900016784668 9.38599967956543 10.9219999313354 11.0600004196167 11.7349996566772 10.0139999389648 7.93200016021729 5.85699987411499 6.54199981689453 6.78399991989136 7.07200002670288 7.06500005722046 7.11600017547607 19.2819995880127 27.6070003509521 30.136999130249 32.0120010375977 32.9539985656738 33.2859992980957
-3.4e+38 2.93899989128113 2.96499991416931 2.65799999237061 6.17199993133545 10.9479999542236 16.8740005493164 25.9090003967285 27.306999206543 31.4820003509521 34.742000579834 36.125 37.1319999694824 37.5810012817383 37.4749984741211 37.1809997558594 36.048999786377 32.9830017089844 26.8169994354248 18.1240005493164 11.0080003738403 10.460000038147 8.77400016784668 9.05599975585938 8.72599983215332 8.23200035095215 7.50799989700317 6.44700002670288 2.44300007820129 3.29099988937378 3.33599996566772 3.63299989700317 2.19400000572205 3.49000000953674 5.14599990844727 6.12599992752075 6.21199989318848 6.75899982452393 6.61100006103516 6.4980001449585 20.8290004730225 28.2250003814697 29.9629993438721 33.1710014343262 33.8950004577637 34.048999786377
-3.4e+38 2.6340000629425 2.59400010108948 2.42799997329712 6.21999979019165 15.3629999160767 24.0090007781982 24.8729991912842 27.2140007019043 31.7210006713867 33.4980010986328 33.5219993591309 34.4550018310547 36.7169990539551 36.5139999389648 36.0940017700195 35.3759994506836 33.4669990539551 24.7770004272461 12.8549995422363 11.8739995956421 10.3030004501343 9.78400039672852 9.86400032043457 9.34799957275391 9.03499984741211 7.88399982452393 7.19399976730347 0.597000002861023 0.23199999332428 0.293999999761581 0.386000007390976 1.0789999961853 2.73399996757507 4.36700010299683 5.77799987792969 5.78599977493286 6.31599998474121 6.24700021743774 6.00699996948242 22.382999420166 29.125 31.0990009307861 32.298999786377 33.7249984741211 33.8470001220703
-3.4e+38 2.55999994277954 2.40199995040894 2.16400003433228 5.51800012588501 13.8620004653931 22.3099994659424 25.3169994354248 27.9689998626709 30.7399997711182 30.5639991760254 29.1860008239746 35.1660003662109 35.451000213623 35.0999984741211 34.439998626709 34.4749984741211 33.0320014953613 22.0779991149902 13.4569997787476 12.8830003738403 12.2399997711182 10.0520000457764 9.97900009155273 9.7790002822876 9.49100017547607 8.59000015258789 5.65999984741211 2.78999996185303 0.316000014543533 0.34799998998642 0.340000003576279 0.323000013828278 1.95799994468689 3.8050000667572 7.58199977874756 6.55700016021729 6.59100008010864 5.94600009918213 7.08799982070923 19.2719993591309 28.3959999084473 30.1200008392334 31.7940006256104 32.6829986572266 32.7519989013672
-3.4e+38 3.86899995803833 3.54299998283386 4.96500015258789 5.79400014877319 12.6049995422363 21.0580005645752 27.5400009155273 28.7560005187988 28.9489994049072 28.6560001373291 32.3429985046387 34.4080009460449 34.5260009765625 34.7210006713867 33.3310012817383 33.3110008239746 33.2369995117188 33.6040000915527 24.0919990539551 12.9879999160767 9.3439998626709 9.9680004119873 9.92199993133545 9.75800037384033 9.125 8.19299983978271 7.52299976348877 5.70800018310547 0.75900000333786 0.666000008583069 0.600000023841858 0.416999995708466 2.25399994850159 7.03900003433228 11.7810001373291 9.28800010681152 8.7480001449585 7.64699983596802 11.7849998474121 23.4740009307861 24.5900001525879 28.1499996185303 30.1110000610352 30.8899993896484 31.6000003814697
