02_asc_chm-r50m/HS211B.asc
NCOLS 200 
NROWS 199 
XLLCORNER 575991.5 
YLLCORNER 5222737.5 
CELLSIZE 0.5 
NODATA_value -3.4e+38 
[rows 120 to 139 of 199, columns 92 to 137 of 200]
1.51800000667572 1.09700000286102 0.833999991416931 0.587999999523163 1.10399997234344 1.37100005149841 1.60000002384186 1.7039999961853 1.72000002861023 1.67999994754791 1.70500004291534 1.82200002670288 4.74399995803833 7.40000009536743 8.27200031280518 9.88799953460693 10.9610004425049 13.581000328064 15.0229997634888 16.7670001983643 16.0049991607666 14.5590000152588 13.9610004425049 15.3680000305176 17.4720001220703 17.6299991607666 17.8759994506836 18.7590007781982 18.826000213623 18.80299949646 13.4700002670288 9.17000007629395 13.6599998474121 13.7299995422363 13.4370002746582 9.31099987030029 1.17499995231628 1.83299994468689 1.43099999427795 0.596000015735626 5.07299995422363 0.772000014781952 19.8080005645752 22.4139995574951 26.9950008392334 29.1229991912842
1.54999995231628 1.28799998760223 1.04799997806549 0.813000023365021 0.879000008106232 1.20299994945526 1.32500004768372 1.30799996852875 1.32500004768372 1.51800000667572 1.72200000286102 1.875 4.01700019836426 6.83699989318848 7.9060001373291 9.23299980163574 10.3660001754761 11.0920000076294 12.7840003967285 14.4759998321533 14.4029998779297 13.3850002288818 13.6009998321533 13.8590002059937 15.8369998931885 15.9040002822876 15.9540004730225 17.5170001983643 17.568000793457 17.0669994354248 5.78900003433228 1.0349999666214 7.30100011825562 9.01000022888184 7.43599987030029 1.09300005435944 1.29900002479553 3.2739999294281 3.15899991989136 1.567999958992 0.746999979019165 7.28800010681152 12.7360000610352 19.757999420166 28.007999420166 29.4029998779297
1.7389999628067 1.53400003910065 1.3289999961853 1.12399995326996 0.804000020027161 0.888000011444092 1.09700000286102 1.17299997806549 1.31900000572205 1.56700003147125 1.70299994945526 1.84099996089935 2.59100008010864 5.46799993515015 7.47499990463257 8.43599987030029 9.75300025939941 10.3649997711182 12.2629995346069 12.6459999084473 12.8590002059937 10.0609998703003 9.99400043487549 13.3640003204346 13.6940002441406 13.831000328064 13.7370004653931 16.2229995727539 16.0400009155273 11.0930004119873 3.03399991989136 0.953000009059906 1.02699995040894 0.922999978065491 1.08500003814697 1.10699999332428 0.805999994277954 3.44799995422363 3.83800005912781 2.55999994277954 2.61700010299683 8.32400035858154 12.6680002212524 19.757999420166 27.9869995117188 29.253999710083
1.7150000333786 1.95500004291534 1.75 1.54499995708466 1.1139999628067 0.822000026702881 1.08299994468689 1.23099994659424 1.43099999427795 1.49699997901917 1.38699996471405 2.37400007247925 2.16199994087219 5.19199991226196 5.48999977111816 6.26200008392334 7.91800022125244 9.96300029754639 10.2600002288818 10.210000038147 10.5749998092651 2.99600005149841 1.62300002574921 1.04299998283386 11.4689998626709 13.2779998779297 13.3800001144409 13.3699998855591 9.02600002288818 3.27699995040894 0.837999999523163 0.782999992370605 0.938000023365021 1.09200000762939 1.25699996948242 1.20000004768372 1.32200002670288 2.81699991226196 2.74300003051758 4.78599977493286 8.16399955749512 9.83199977874756 11.8319997787476 21.1830005645752 27.8540000915527 28.056999206543
1.6139999628067 1.99300003051758 2.1710000038147 1.91799998283386 1.43499994277954 1.25 1.41799998283386 1.38699996471405 1.307000041008 1.22800004482269 1.79299998283386 3.0789999961853 3.31900000572205 3.53099989891052 3.23499989509583 2.43199992179871 4.1729998588562 8.28999996185303 8.7819995880127 8.65100002288818 7.18200016021729 3.78299999237061 1.36099994182587 1.04299998283386 4.04400014877319 9.89599990844727 7.58400011062622 10.0860004425049 7.56899976730347 0.934000015258789 0.628000020980835 0.648999989032745 0.77700001001358 1.47500002384186 1.64600002765656 1.33599996566772 0.938000023365021 1.17999994754791 0.944999992847443 3.82200002670288 6.89499998092651 12.2349996566772 16.6569995880127 23.1860008239746 27.1580009460449 27.4160003662109
1.41100001335144 1.82700002193451 2.24200010299683 2.23900008201599 1.76499998569489 1.61699998378754 1.61000001430511 1.47500002384186 1.22699999809265 1.32200002670288 2.22300004959106 3.03600001335144 3.11899995803833 2.41700005531311 1.76400005817413 0.654999971389771 1.42299997806549 4.90500020980835 3.31699991226196 4.88399982452393 4.30900001525879 3.3199999332428 1.74000000953674 0.824999988079071 0.966000020503998 2.20099997520447 0.805999994277954 0.907999992370605 5.15500020980835 0.565999984741211 0.649999976158142 0.560999989509583 0.540000021457672 2.05800008773804 2.4539999961853 2.12599992752075 1.22699999809265 0.640999972820282 0.370999991893768 1.72899997234344 9.23099994659424 17.6730003356934 16.9669990539551 24.1240005493164 28.5599994659424 28.6539993286133
1.19900000095367 1.65900003910065 2.1340000629425 2.29699993133545 1.94599997997284 1.77600002288818 1.64699995517731 1.59099996089935 1.31599998474121 1.20099997520447 1.92799997329712 2.08200001716614 1.67599999904633 1.29100000858307 0.805999994277954 1.03699994087219 0.814999997615814 1.38900005817413 0.879000008106232 1.61099994182587 2.38000011444092 2.12299990653992 1.06500005722046 0.978999972343445 0.948000013828278 0.985000014305115 0.919000029563904 7.21500015258789 15.8739995956421 13.8489999771118 10.2959995269775 3.43799996376038 0.89300000667572 2.75300002098083 3.26399993896484 2.42600011825562 1.18299996852875 0.518999993801117 0.569000005722046 0.363000005483627 9.54500007629395 19.1800003051758 24.2749996185303 26.2660007476807 28.0069999694824 28.4270000457764
0.874000012874603 1.42900002002716 1.73300004005432 1.84800004959106 1.80999994277954 1.75899994373322 1.65299999713898 1.61800003051758 1.66799998283386 1.54200005531311 1.34099996089935 1.00499999523163 0.948000013828278 0.689000010490417 0.934000015258789 1.1690000295639 0.96399998664856 0.901000022888184 1.00600004196167 1.33599996566772 1.57099997997284 1.05799996852875 0.851000010967255 0.913999974727631 0.945999979972839 1.67799997329712 11.4750003814697 16.6639995574951 17.0990009307861 16.4839992523193 14.746000289917 12.7449998855591 7.27400016784668 7.45100021362305 2.69099998474121 2.10899996757507 0.455000013113022 0.439999997615814 0.291999995708466 0.328999996185303 7.13399982452393 18.7490005493164 23.6499996185303 26.382999420166 26.7759990692139 28.0690002441406
0.742999970912933 1.48399996757507 1.48399996757507 1.41299998760223 1.37199997901917 1.65199995040894 1.67400002479553 1.65400004386902 1.37000000476837 1.77199995517731 1.62300002574921 1.04999995231628 0.639999985694885 0.510999977588654 0.89300000667572 1.10699999332428 1.125 0.691999971866608 0.523000001907349 0.978999972343445 0.764999985694885 0.589999973773956 0.610000014305115 0.742999970912933 0.853999972343445 0.814999997615814 7.77199983596802 16.6089992523193 16.9050006866455 17.0879993438721 18.8209991455078 17.9780006408691 17.4150009155273 15.4119997024536 2.04900002479553 1.25199997425079 0.528999984264374 0.513999998569489 0.432000011205673 0.677999973297119 1.52799999713898 19.9109992980957 23.1049995422363 24.9200000762939 26.1270008087158 27.201000213623
1.46000003814697 1.52600002288818 1.49600005149841 1.27300000190735 1.41199994087219 1.60300004482269 1.66199994087219 1.67999994754791 1.3400000333786 1.75899994373322 1.71399998664856 1.37000000476837 1.26699995994568 0.910000026226044 0.935000002384186 0.804000020027161 0.992999970912933 0.584999978542328 0.222000002861023 0.875999987125397 1.08899998664856 1.48300004005432 1.28299999237061 0.847000002861023 0.841000020503998 2.08500003814697 12.2119998931885 16.443000793457 16.8209991455078 19.5209999084473 21.0820007324219 18.8570003509521 16.4899997711182 12.4829998016357 2.73600006103516 0.393999993801117 0.465000003576279 0.524999976158142 0.610000014305115 0.75900000333786 1.39800000190735 16.5380001068115 22.9899997711182 24.6219997406006 26.1989994049072 26.0820007324219
1.21000003814697 1.36899995803833 1.38800001144409 1.2960000038147 1.46599996089935 1.59899997711182 1.55599999427795 1.60199999809265 1.31200003623962 1.46800005435944 1.48199999332428 1.64300000667572 1.54900002479553 0.992999970912933 0.711000025272369 0.500999987125397 0.73199999332428 0.481000006198883 0.340000003576279 0.416000008583069 0.855000019073486 1.53199994564056 1.3309999704361 1.01499998569489 2.10800004005432 5.23000001907349 9.10299968719482 14.6899995803833 19.6690006256104 21.5359992980957 20.8950004577637 18.931999206543 15.9420003890991 12.4280004501343 4.58500003814697 0.202000007033348 0.331000000238419 0.402999997138977 0.552999973297119 0.767000019550323 1.47899997234344 16.1060009002686 22.9619998931885 23.1590003967285 25.0230007171631 24.6790008544922
1.08000004291534 0.971000015735626 1.03699994087219 1.08899998664856 1.39900004863739 1.43099999427795 1.35500001907349 1.34300005435944 1.18099999427795 1.26400005817413 1.36199998855591 1.70899999141693 1.90100002288818 1.18700003623962 0.912000000476837 0.712000012397766 0.48199999332428 0.584999978542328 0.456000000238419 0.289000004529953 0.275999993085861 0.962999999523163 0.857999980449677 1.61800003051758 5.33300018310547 13.331000328064 17.9029998779297 20.3040008544922 22.0860004425049 22.4109992980957 21.511999130249 19.693000793457 16.5970001220703 12.6359996795654 9.51900005340576 1.45799994468689 0.363999992609024 0.510999977588654 0.583000004291534 0.848999977111816 1.52999997138977 7.7979998588562 16.7399997711182 17.7320003509521 23.173999786377 23.7369995117188
1.0440000295639 0.709999978542328 0.727999985218048 0.880999982357025 1.12000000476837 1.23500001430511 1.46899998188019 1.31900000572205 1.10599994659424 1.05099999904633 1.19500005245209 1.71399998664856 1.97000002861023 1.44000005722046 1.19500005245209 1.07400000095367 0.522000014781952 0.310999989509583 0.187000006437302 0.246999993920326 0.244000002741814 0.222000002861023 0.116999998688698 4.76399993896484 9.29399967193604 16.7700004577637 17.6009998321533 19.6469993591309 21.306999206543 21.9020004272461 21.1790008544922 18.9810009002686 14.2910003662109 12.1319999694824 9.49100017547607 2.10500001907349 0.458000004291534 0.400999993085861 0.41499999165535 0.769999980926514 1.05900001525879 1.30599999427795 4.0770001411438 3.23200011253357 20.5160007476807 23.1849994659424
1.03100001811981 0.689999997615814 0.486000001430511 0.800000011920929 0.875 1.04700005054474 1.22300004959106 1.05999994277954 0.836000025272369 1.02600002288818 1.18900001049042 1.55200004577637 1.45500004291534 1.26600003242493 1.33599996566772 0.727999985218048 0.284000009298325 2.61700010299683 2.24600005149841 1.93700003623962 1.89999997615814 0.222000002861023 0.202000007033348 0.981000006198883 10.08899974823 12.3669996261597 15.1929998397827 16.132999420166 18.7199993133545 20.1389999389648 19.9570007324219 18.3379993438721 13.6009998321533 9.46500015258789 9.17399978637695 1.37000000476837 0.570999979972839 0.550999999046326 0.407999992370605 0.52700001001358 0.787999987602234 0.943000018596649 0.955999970436096 0.915000021457672 22.2509994506836 22.9099998474121
0.765999972820282 0.490000009536743 0.423000007867813 0.760999977588654 1.02499997615814 1.03299999237061 2.11700010299683 1.85399997234344 1.45000004768372 1.08800005912781 1.23099994659424 1.23199999332428 1.05599999427795 1.04700005054474 0.699000000953674 2.0550000667572 7.11499977111816 7.35799980163574 6.97300004959106 5.98600006103516 5.44700002670288 1.89300000667572 0.328999996185303 0.291000008583069 1.83500003814697 4.55200004577637 11.4209995269775 13.7040004730225 16.371000289917 18.6620006561279 18.7840003967285 17.3449993133545 3.16199994087219 3.09400010108948 0.409999996423721 0.49099999666214 0.680000007152557 0.643999993801117 0.509999990463257 0.521000027656555 0.65200001001358 0.497000008821487 0.629999995231628 0.829999983310699 21.7390003204346 23.0319995880127
0.523999989032745 0.467999994754791 0.560000002384186 0.827000021934509 1.07500004768372 1.192999958992 3.99200010299683 4.40100002288818 3.76500010490417 1.22699999809265 1.23199999332428 1.12000000476837 0.999000012874603 0.912000000476837 2.40400004386902 10.9870004653931 13.1040000915527 12.1199998855591 11.701000213623 10.0229997634888 8.49899959564209 4.94500017166138 1.38999998569489 0.439000010490417 0.446000009775162 0.435000002384186 4.59600019454956 12.1070003509521 13.0659999847412 13.9119997024536 12.7239999771118 13.8870000839233 0.314999997615814 0.437999993562698 0.531000018119812 0.611999988555908 0.736000001430511 0.689000010490417 0.532000005245209 0.52700001001358 0.703000009059906 0.656000018119812 5.10300016403198 16.2859992980957 20.4360008239746 22.1359996795654
0.43299999833107 0.421000003814697 0.560000002384186 0.833999991416931 0.930999994277954 1.14600002765656 4.69500017166138 5.88000011444092 5.48600006103516 1.93700003623962 1.11899995803833 0.939999997615814 0.955999970436096 0.991999983787537 4.51800012588501 16.6049995422363 16.9610004425049 16.882999420166 16.181999206543 14.1979999542236 11.5509996414185 7.99599981307983 4.76100015640259 2.47300004959106 2.31800007820129 0.732999980449677 0.546999990940094 10.5989999771118 10.6859998703003 4.43400001525879 2.48200011253357 4.05000019073486 0.186000004410744 0.372999995946884 0.495000004768372 0.61599999666214 0.720000028610229 0.708999991416931 0.541999995708466 0.535000026226044 0.666000008583069 1.71599996089935 7.80399990081787 14.8420000076294 20.2880001068115 22.1879997253418
0.421000003814697 0.409999996423721 0.469999998807907 0.671000003814697 0.721000015735626 0.699000000953674 3.69199991226196 5.4520001411438 4.0149998664856 0.938000023365021 0.958000004291534 0.755999982357025 0.787999987602234 1.47000002861023 12.6479997634888 16.4200000762939 17.0189990997314 17.7959995269775 18.4120006561279 17.7399997711182 15.6009998321533 11.4849996566772 7.04300022125244 5.63500022888184 6.0149998664856 3.48399996757507 2.83299994468689 6.55999994277954 8.53400039672852 4.34999990463257 3.00799989700317 1.08800005912781 0.801999986171722 0.30799999833107 0.430000007152557 0.623000025749207 0.60699999332428 0.656000018119812 0.633000016212463 0.600000023841858 0.337000012397766 2.54099988937378 7.68900012969971 12.6169996261597 16.5750007629395 20.7049999237061
0.412999987602234 0.395000010728836 0.370000004768372 0.52700001001358 0.578999996185303 0.596000015735626 2.06900000572205 3.85500001907349 3.04900002479553 1.07000005245209 0.936999976634979 0.90200001001358 8.05700016021729 9.45800018310547 15.5229997634888 17.4890003204346 17.5310001373291 18.2560005187988 18.5830001831055 17.7700004577637 15.5319995880127 11.7150001525879 8.39299964904785 7.63000011444092 7.60799980163574 7.08500003814697 7.23099994659424 7.61499977111816 7.71299982070923 7.73799991607666 1.41299998760223 0.657000005245209 0.476000010967255 0.312999993562698 0.453000009059906 0.523999989032745 0.526000022888184 0.591000020503998 0.754000008106232 0.88400000333786 2.67199993133545 7.90500020980835 10.6759996414185 11.8819999694824 13.5609998703003 19.6959991455078
0.40599998831749 0.379999995231628 0.310999989509583 0.583000004291534 0.555000007152557 0.379999995231628 0.263999998569489 1.63499999046326 0.680000007152557 0.712000012397766 0.976999998092651 1.09700000286102 14.418999671936 15.7419996261597 17.6720008850098 18.878999710083 19.5709991455078 19.8500003814697 18.9580001831055 18.1149997711182 15.9479999542236 9.50399971008301 7.52099990844727 7.64799976348877 7.61700010299683 7.50099992752075 7.46099996566772 7.52899980545044 7.52699995040894 4.64599990844727 0.624000012874603 0.522000014781952 0.386999994516373 0.224999994039536 0.293999999761581 0.326999992132187 0.397000014781952 0.582000017166138 0.572000026702881 0.808000028133392 1.36099994182587 4.28599977493286 10.7670001983643 11.2089996337891 19.7390003204346 23.9409999847412
