02_asc_chm-r50m/HS212D.asc
NCOLS 200 
NROWS 200 
XLLCORNER 569911.5 
YLLCORNER 5221365 
CELLSIZE 0.5 
NODATA_value -3.4e+38 
[rows 120 to 139 of 200, columns 0 to 45 of 200]
-3.4e+38 -3.4e+38 -3.4e+38 21.2399997711182 19.2970008850098 9.94400024414062 0.146999999880791 0.10700000077486 0.0939999967813492 0.351000010967255 0.768999993801117 1.25199997425079 2.33899998664856 3.42700004577637 4.51399993896484 3.11700010299683 3.43199992179871 4.08199977874756 16.3589992523193 18.5030002593994 17.3619995117188 17.2240009307861 12.9469995498657 13.0150003433228 13.2709999084473 11.9460000991821 10.7399997711182 10.7510004043579 9.70800018310547 9.52200031280518 20.5349998474121 23.9060001373291 24.6040000915527 25.6940002441406 26.1830005645752 26.5939998626709 26.3080005645752 25.2959995269775 24.5990009307861 23.326000213623 21.7049999237061 21.3390007019043 19.2959995269775 14.4479999542236 9.26399993896484 6.89599990844727
-3.4e+38 -3.4e+38 -3.4e+38 22.4759998321533 14.0690002441406 0.216000005602837 0.177000001072884 0.136999994516373 0.123999997973442 2.62599992752075 4.85099983215332 5.93900012969971 7.02600002288818 8.11400032043457 9.37600040435791 7.46500015258789 7.25600004196167 10.0469999313354 23.0930004119873 24.0349998474121 23.4599990844727 21.257999420166 16.3020000457764 15.9090003967285 14.7679996490479 13.0450000762939 12.3850002288818 11.2679996490479 12.0469999313354 13.1350002288818 21.7660007476807 24.0410003662109 24.9489994049072 26.2290000915527 27.3250007629395 27.882999420166 28.0049991607666 27.121000289917 25.6270008087158 23.7569999694824 21.8050003051758 19.5200004577637 16.6410007476807 7.60599994659424 4.85400009155273 6.41300010681152
-3.4e+38 -3.4e+38 -3.4e+38 -3.4e+38 23.9160003662109 16.7099990844727 12.5480003356934 4.62200021743774 1.00699996948242 2.70900011062622 5.58300018310547 8.44099998474121 11.298999786377 12.8009996414185 14.3380002975464 17.326000213623 19.9650001525879 23.3770008087158 24.173999786377 24.5249996185303 23.4220008850098 21.8610000610352 19.1790008544922 17.6639995574951 16.4669990539551 15.0240001678467 13.2829999923706 12.1630001068115 14.7200002670288 17.8369998931885 22.1630001068115 23.9990005493164 25.0639991760254 26.9130001068115 28.3250007629395 28.6650009155273 28.5890007019043 27.4389991760254 26.5340003967285 24.6620006561279 21.0820007324219 16.7059993743896 11.6319999694824 7.39300012588501 3.44199991226196 5.06699991226196
-3.4e+38 -3.4e+38 -3.4e+38 -3.4e+38 25.4099998474121 22.7740001678467 15.4670000076294 8.60499954223633 5.96500015258789 3.73600006103516 2.37400007247925 5.71999979019165 9.0649995803833 12.41100025177 18.8479995727539 22.6030006408691 24.0480003356934 25.2630004882812 26.67799949646 26.3780002593994 26.2299995422363 25.4659996032715 24.5520000457764 22.9689998626709 19.8560009002686 17.0130004882812 13.8509998321533 13.2089996337891 15.9499998092651 18.9829998016357 22.7569999694824 23.9069995880127 25.951000213623 26.7630004882812 28.4669990539551 28.9029998779297 28.8810005187988 27.8390007019043 26.1539993286133 25.181999206543 21.3939990997314 15.3240003585815 9.9379997253418 4.85200023651123 4.84800004959106 13.5629997253418
-3.4e+38 -3.4e+38 -3.4e+38 -3.4e+38 25.8840007781982 24.1480007171631 19.1019992828369 13.6040000915527 10.9659996032715 8.73799991607666 6.50899982452393 4.28000020980835 5.38500022888184 8.72999954223633 18.3369998931885 24.4720001220703 25.068000793457 26.1949996948242 27.6730003356934 28.378999710083 27.4939994812012 27.6000003814697 26.4340000152588 25.8880004882812 25.6459999084473 22.7800006866455 16.8579998016357 15.6809997558594 16.2700004577637 18.1089992523193 21.7250003814697 24.3209991455078 24.6520004272461 26.5650005340576 28.1949996948242 28.4209995269775 28.0830001831055 27.0639991760254 25.6919994354248 24.8010005950928 24.3400001525879 18.5100002288818 12.6800003051758 6.84999990463257 17.9160003662109 29.7660007476807
-3.4e+38 -3.4e+38 -3.4e+38 -3.4e+38 26.2299995422363 24.6100006103516 21.181999206543 18.1959991455078 15.9680004119873 13.7390003204346 11.5109996795654 9.2819995880127 7.05299997329712 5.05000019073486 16.2169990539551 24.6919994354248 26.3780002593994 28.0540008544922 28.8159999847412 28.746000289917 28.5939998626709 28.4669990539551 27.4710006713867 25.8600006103516 25.4160003662109 24.2959995269775 20.4909992218018 17.3610000610352 15.1680002212524 17.5809993743896 20.44700050354 23.7670001983643 25.1720008850098 25.5900001525879 27.5650005340576 27.4479999542236 27.2320003509521 26.0799999237061 24.8190002441406 22.94700050354 21.6009998321533 23.0849990844727 24.3209991455078 24.8689994812012 31.4740009307861 32.0400009155273
-3.4e+38 -3.4e+38 -3.4e+38 -3.4e+38 25.4860000610352 24.503999710083 20.92799949646 20.1310005187988 17.9650001525879 17.4190006256104 16.8740005493164 16.3279991149902 15.7829999923706 15.2370004653931 23.0109996795654 24.82200050354 27.5879993438721 28.8430004119873 28.9810009002686 28.9449996948242 29.1620006561279 29.0949993133545 28.4109992980957 27.2119998931885 24.7670001983643 23.6070003509521 22.8120002746582 20.867000579834 15.4940004348755 14.9399995803833 12.7950000762939 17.326000213623 22.5389995574951 23.8120002746582 24.9519996643066 24.826000213623 24.9899997711182 24.9099998474121 24.0799999237061 22.181999206543 21.9519996643066 24.492000579834 25.7830009460449 29.2040004730225 31.5230007171631 32.7239990234375
-3.4e+38 -3.4e+38 -3.4e+38 -3.4e+38 23.5540008544922 21.4829998016357 20.7299995422363 20.2759990692139 19.9130001068115 20.6630001068115 21.5839996337891 22.4599990844727 22.9379997253418 23.4160003662109 24.0599994659424 25.7150001525879 27.9459991455078 29.2399997711182 29.4829998016357 29.568000793457 29.9039993286133 29.6359996795654 28.6919994354248 27.8780002593994 26.628999710083 24.8309993743896 22.9389991760254 22.7730007171631 16.875 10.8249998092651 5.60599994659424 14.9029998779297 22.2970008850098 22.2819995880127 22.3099994659424 22.6560001373291 23.6410007476807 23.423999786377 22.3439998626709 22.1459999084473 24.5620002746582 25.9629993438721 27.3640003204346 27.4370002746582 28.9360008239746 34.0050010681152
-3.4e+38 -3.4e+38 -3.4e+38 -3.4e+38 -3.4e+38 21.242000579834 20.8199996948242 20.3560009002686 19.8369998931885 19.3190002441406 19.4759998321533 20.3969993591309 21.3169994354248 22.238000869751 24.0179996490479 25.8659992218018 27.5979995727539 28.9909992218018 29.4829998016357 30.1429996490479 30.3969993591309 29.8899993896484 28.8640003204346 28.07200050354 27.117000579834 25.681999206543 23.2439994812012 22.2970008850098 13.9910001754761 7.07499980926514 5.68300008773804 13.4759998321533 22.3990001678467 22.3080005645752 22.4099998474121 22.6690006256104 22.9249992370605 22.8810005187988 22.3959999084473 20.2150001525879 20.2800006866455 22.5289993286133 23.5259990692139 24.5259990692139 29.1879997253418 33.9029998779297
-3.4e+38 -3.4e+38 -3.4e+38 -3.4e+38 -3.4e+38 21.3500003814697 21.0779991149902 20.4360008239746 19.7940006256104 19.3479995727539 18.8810005187988 18.4020004272461 19.2089996337891 21.1310005187988 24.2169990539551 26.125 27.5830001831055 28.6219997406006 29.1679992675781 29.8610000610352 30.1919994354248 29.3780002593994 28.7040004730225 28.1520004272461 26.1420001983643 24.5939998626709 23.1019992828369 17.9449996948242 9.4709997177124 4.94399976730347 4.87200021743774 5.79500007629395 18.742000579834 14.6330003738403 15.7419996261597 19.3250007629395 19.1009998321533 23.1299991607666 23.1359996795654 22.7929992675781 16.4370002746582 11.9460000991821 14.6619997024536 17.3780002593994 28.0769996643066 31.8320007324219
-3.4e+38 -3.4e+38 -3.4e+38 -3.4e+38 -3.4e+38 21.4479999542236 21.363000869751 21.0790004730225 20.7940006256104 20.5100002288818 20.2259998321533 19.5200004577637 18.4120006561279 21.0189990997314 23.617000579834 25.3939990997314 26.9060001373291 28.0410003662109 28.8150005340576 29.0389995574951 28.988000869751 28.7759990692139 28.3439998626709 26.6539993286133 25.2210006713867 23.9370002746582 17.8719997406006 10.6359996795654 7.46600008010864 4.36899995803833 4.79400014877319 5.28599977493286 6.49200010299683 5.18300008773804 4.70499992370605 4.9689998626709 12.8290004730225 20.636999130249 23.7269992828369 23.5330009460449 19.2430000305176 12.6599998474121 6.0770001411438 6.3270001411438 13.8280000686646 31.5
-3.4e+38 -3.4e+38 -3.4e+38 -3.4e+38 -3.4e+38 -3.4e+38 21.5669994354248 21.363000869751 21.0790004730225 20.7950000762939 20.5109996795654 20.2259998321533 19.9419994354248 19.6660003662109 19.4939994812012 22.6019992828369 26.1830005645752 26.9220008850098 27.5499992370605 28.2080001831055 28.2789993286133 27.7900009155273 27.3549995422363 26.3929996490479 25.1749992370605 22.9740009307861 21.2999992370605 17.3519992828369 10.0069999694824 5.0479998588562 5.44999980926514 4.84100008010864 5.05299997329712 4.66400003433228 4.30800008773804 5.31199979782104 9.16699981689453 16.9759998321533 24.2509994506836 24.2740001678467 22.048999786377 15.4659996032715 8.88300037384033 1.67499995231628 19.8840007781982 25.6000003814697
-3.4e+38 -3.4e+38 -3.4e+38 -3.4e+38 -3.4e+38 -3.4e+38 21.6439990997314 21.6469993591309 21.363000869751 21.0790004730225 20.7950000762939 20.5109996795654 20.2269992828369 19.9479999542236 19.7220001220703 21.2670001983643 23.625 24.8050003051758 25.3990001678467 26.7730007171631 27.6219997406006 26.3560009002686 25.6720008850098 25.8460006713867 24.3339996337891 21.0849990844727 20.8929996490479 15.4580001831055 10.0240001678467 7.18499994277954 7.09499979019165 6.2039999961853 5.31300020217896 4.69099998474121 6.67600011825562 8.7480001449585 10.8210000991821 13.7150001525879 21.1229991912842 24.7880001068115 24.6709995269775 18.2709999084473 11.9899997711182 2.9760000705719 11.28600025177 15.1269998550415
-3.4e+38 -3.4e+38 -3.4e+38 -3.4e+38 -3.4e+38 -3.4e+38 -3.4e+38 21.7759990692139 21.6469993591309 21.363000869751 21.0790004730225 20.7950000762939 20.5109996795654 20.2290000915527 20.0030002593994 21.6749992370605 23.6399993896484 24.3740005493164 24.1709995269775 25.2049999237061 23.878999710083 23.8950004577637 25.1849994659424 24.628999710083 22.693000793457 20.5510005950928 20.8390007019043 15.4750003814697 10.0410003662109 9.32199954986572 8.53699970245361 7.64599990844727 6.36299991607666 6.09100008010864 9.17399978637695 12.1850004196167 14.2569999694824 16.6359996795654 19.5459995269775 25.2700004577637 25.3250007629395 22.3050003051758 13.2910003662109 4.27699995040894 3.50300002098083 4.57600021362305
-3.4e+38 -3.4e+38 -3.4e+38 -3.4e+38 -3.4e+38 -3.4e+38 -3.4e+38 21.8390007019043 21.8929996490479 21.6469993591309 21.363000869751 21.0790004730225 20.7950000762939 20.5109996795654 20.2840003967285 21.4370002746582 23.4349994659424 23.2210006713867 21.6770000457764 23.1280002593994 20.8159999847412 22.3570003509521 22.4979991912842 22.2590007781982 21.0510005950928 20.2029991149902 20.4890003204346 15.4930000305176 11.0559997558594 10.8690004348755 9.97799968719482 9.06099987030029 7.2979998588562 7.51999998092651 8.90499973297119 13.543999671936 17.693000793457 19.7649993896484 22.4669990539551 25.3770008087158 25.9419994354248 25.1499996185303 19.1429996490479 7.69199991226196 0.867999970912933 0.620999991893768
-3.4e+38 -3.4e+38 -3.4e+38 -3.4e+38 -3.4e+38 -3.4e+38 -3.4e+38 -3.4e+38 21.9710006713867 21.9309997558594 21.6469993591309 21.363000869751 21.0790004730225 20.7950000762939 20.5650005340576 21.8780002593994 21.8169994354248 21.2029991149902 20.7759990692139 20.4820003509521 20.3689994812012 20.4130001068115 20.2029991149902 19.9290008544922 19.7409992218018 19.8530006408691 20.1380004882812 15.5100002288818 13.1929998397827 12.3109998703003 11.7600002288818 9.9689998626709 8.39700031280518 8.94900035858154 9.93400001525879 13.2749996185303 17.9150009155273 22.5550003051758 25.386999130249 26.9099998474121 26.5480003356934 26.3959999084473 24.8360004425049 8.01299953460693 1.98300004005432 2.25200009346008
-3.4e+38 -3.4e+38 -3.4e+38 -3.4e+38 -3.4e+38 -3.4e+38 -3.4e+38 -3.4e+38 22.0349998474121 22.1030006408691 21.931999206543 21.6469993591309 21.363000869751 21.0790004730225 20.8460006713867 22.3190002441406 22.4669990539551 19.7159996032715 19.0209999084473 18.7789993286133 19.1979999542236 19.8509998321533 19.7439994812012 19.5259990692139 19.3479995727539 19.5130004882812 19.7880001068115 15.5270004272461 14.6440000534058 14.3579998016357 12.6680002212524 10.8760004043579 9.49600028991699 10.3769998550415 11.3629999160767 13.0050001144409 17.6450004577637 22.2849998474121 26.371000289917 28.4899997711182 28.5779991149902 27.818000793457 27.3290004730225 16.8540000915527 8.3129997253418 5.42700004577637
-3.4e+38 -3.4e+38 -3.4e+38 -3.4e+38 -3.4e+38 -3.4e+38 -3.4e+38 -3.4e+38 -3.4e+38 22.1669998168945 22.2159996032715 21.931999206543 21.6480007171631 21.363000869751 21.19700050354 22.7059993743896 22.556999206543 21.0769996643066 17.6159992218018 16.9619998931885 17.7210006713867 19.2889995574951 19.1959991455078 19.3530006408691 19.0620002746582 19.2210006713867 19.4379997253418 16.9759998321533 16.636999130249 15.3669996261597 13.5749998092651 11.7840003967285 10.8199996948242 11.8059997558594 12.7910003662109 13.7770004272461 17.3759994506836 17.4689998626709 24.1469993591309 28.3799991607666 29.7490005493164 29.0839996337891 28.8309993743896 26.9769992828369 18.2759990692139 14.2069997787476
-3.4e+38 -3.4e+38 -3.4e+38 -3.4e+38 -3.4e+38 -3.4e+38 -3.4e+38 -3.4e+38 -3.4e+38 22.2310009002686 22.298999786377 22.2159996032715 21.931999206543 21.6480007171631 21.6380004882812 22.826000213623 22.6480007171631 21.9190006256104 18.9759998321533 15.5150003433228 16.2430000305176 18.3540000915527 19.1959991455078 19.3500003814697 19.1180000305176 19.9519996643066 19.2329998016357 18.9169998168945 18.0650005340576 16.2740001678467 14.4829998016357 12.6909999847412 12.2489995956421 13.2349996566772 14.2200002670288 14.8430004119873 14.8500003814697 17.2029991149902 25.7350006103516 29.9580001831055 30.5520000457764 30.1889991760254 28.9930000305176 26.9610004425049 21.8080005645752 12.4200000762939
-3.4e+38 -3.4e+38 -3.4e+38 -3.4e+38 -3.4e+38 -3.4e+38 -3.4e+38 -3.4e+38 -3.4e+38 -3.4e+38 22.363000869751 22.4309997558594 22.2159996032715 21.931999206543 22.0779991149902 22.9459991455078 22.738000869751 22.0100002288818 20.3369998931885 17.1919994354248 19.9090003967285 22.9080009460449 19.8020000457764 21.7870006561279 21.5799999237061 20.7700004577637 20.8159999847412 20.4020004272461 18.9729995727539 17.181999206543 15.3900003433228 13.5989999771118 13.6780004501343 14.6630001068115 14.8269996643066 17.0900001525879 17.4729995727539 22.548999786377 29.3759994506836 30.8509998321533 31.0559997558594 30.8330001831055 28.1450004577637 26.2199993133545 20.9169998168945 10.6330003738403
