02_asc_chm-r50m/HS220I.asc
NCOLS 201 
NROWS 201 
XLLCORNER 571864 
YLLCORNER 5219043 
CELLSIZE 0.5 
NODATA_value -3.4e+38 
[rows 40 to 59 of 201, columns 138 to 183 of 201]
18.9829998016357 21.3020000457764 21.8600006103516 22.1189994812012 22.253999710083 22.8290004730225 24.3990001678467 25.9669990539551 26.0170001983643 25.9409999847412 25.4050006866455 22.5340003967285 23.4799995422363 23.4039993286133 20.8190002441406 21.0949993133545 21.4549999237061 21.8549995422363 21.9020004272461 21.3600006103516 20.8020000457764 20.0890007019043 19.3239994049072 18.1229991912842 17.1809997558594 15.7659997940063 15.9799995422363 15.8039999008179 14.0530004501343 15.201000213623 17.3619995117188 18.5869998931885 17.5520000457764 19.42799949646 20.6919994354248 20.5249996185303 22.3540000915527 23.2639999389648 23.2709999084473 20.4529991149902 21.7830009460449 22.1180000305176 18.7880001068115 -3.4e+38 -3.4e+38 -3.4e+38
19.2980003356934 20.0890007019043 21.1070003509521 21.3570003509521 21.242000579834 21.1490001678467 23.238000869751 24.1989994049072 24.4899997711182 24.6700000762939 24.673999786377 20.2709999084473 21.8110008239746 21.5809993743896 21.507999420166 22.7469997406006 23.7110004425049 22.5 23.4829998016357 21.8549995422363 20.6660003662109 19.9850006103516 18.9209995269775 17.6580009460449 16.8589992523193 15.4930000305176 16.996000289917 17.7189998626709 18.0659999847412 20.5639991760254 22.6560001373291 22.5370006561279 21.2530002593994 21.1319999694824 21.1989994049072 22.9209995269775 24.1319999694824 24.3619995117188 24.7290000915527 22.6100006103516 19.3099994659424 18.6089992523193 19.2450008392334 19.4160003662109 -3.4e+38 -3.4e+38
17.9500007629395 19.1709995269775 20.0709991455078 20.5799999237061 20.7929992675781 19.9950008392334 18.7150001525879 18.3090000152588 21.2150001525879 22.6410007476807 20.3320007324219 14.6780004501343 20.3780002593994 23.1229991912842 24.0130004882812 25.0790004730225 28.0440006256104 24.8560009002686 26.6849994659424 26.1079998016357 24.0580005645752 19.7000007629395 17.8299999237061 17.3519992828369 16.4209995269775 15.164999961853 17.8199996948242 18.871000289917 23.0219993591309 24.121000289917 24.8229999542236 25.2719993591309 24.0790004730225 22.886999130249 21.6040000915527 24.5520000457764 26.7929992675781 25.5240001678467 25.6110000610352 24.011999130249 21.0849990844727 19.6870002746582 19.6700000762939 19.5419998168945 -3.4e+38 -3.4e+38
17.3339996337891 18.3470001220703 19.9060001373291 19.6580009460449 19.9750003814697 18.3299999237061 17.7719993591309 17.2250003814697 16.3719997406006 18.4580001831055 16.5130004882812 13.3819999694824 19.4729995727539 24.9619998931885 28.242000579834 29.7479991912842 30.7679996490479 28.80299949646 29.9109992980957 28.9810009002686 29.2159996032715 24.4179992675781 17.8320007324219 15.4469995498657 13.9069995880127 15.6040000915527 17.8419990539551 21.3540000915527 23.9080009460449 24.5909996032715 25.2630004882812 25.1180000305176 24.7439994812012 23.8910007476807 28.1119995117188 29.2800006866455 28.8560009002686 28.0470008850098 27.7259998321533 25.5540008544922 24.5049991607666 23.0769996643066 20.7199993133545 20.7779998779297 20.451000213623 -3.4e+38
17.5200004577637 17.7339992523193 19.0149993896484 18.6180000305176 18.7789993286133 18.3659992218018 17.5209999084473 17.1149997711182 17.3579998016357 18.3859996795654 17.8649997711182 14.7489995956421 17.55299949646 25.5429992675781 29.488000869751 31.2730007171631 32.1399993896484 31.8659992218018 31.2919998168945 29.7310009002686 29.443000793457 28.1749992370605 24.2639999389648 15.6029996871948 3.3840000629425 13.2770004272461 18.3899993896484 21.7679996490479 24.4020004272461 25.0160007476807 27.4330005645752 24.8920001983643 28.3999996185303 29.8040008544922 30.882999420166 30.4540004730225 29.8549995422363 28.7600002288818 28.5599994659424 27.4990005493164 26.9799995422363 25.5160007476807 22.4150009155273 22.1100006103516 22.7150001525879 -3.4e+38
15.66100025177 17.4449996948242 17.7789993286133 18.2080001831055 18.8169994354248 18.7789993286133 17.761999130249 20.4270000457764 21.5020008087158 21.5400009155273 20.7810001373291 18.8530006408691 21.1499996185303 27.1609992980957 30.3780002593994 31.826000213623 32.7050018310547 32.9140014648438 32.4889984130859 31.7430000305176 30.0410003662109 26.6669998168945 26.2950000762939 24.9360008239746 21.8120002746582 19.8619995117188 22.6679992675781 25.1280002593994 26.3880004882812 26.5240001678467 28.9580001831055 29.7439994812012 30.9930000305176 31.55299949646 31.7819995880127 31.7889995574951 31.9169998168945 31.2310009002686 29.9039993286133 28.5650005340576 27.4150009155273 26.6790008544922 24.4099998474121 22.5400009155273 23.8010005950928 24.1550006866455
14.6780004501343 16.6520004272461 17.0550003051758 17.4589996337891 18.3770008087158 20.2290000915527 20.1590003967285 23.1599998474121 23.5160007476807 24.0690002441406 21.9029998779297 22.1919994354248 22.1849994659424 27.1019992828369 31.3199996948242 32.8819999694824 33.2319984436035 33.3019981384277 33.3629989624023 32.859001159668 31.4659996032715 31.5030002593994 30.8819999694824 28.5209999084473 24.7409992218018 21.6650009155273 24.6399993896484 26.9069995880127 27.5189990997314 27.7329998016357 29.0170001983643 29.9750003814697 30.9829998016357 32.060001373291 32.4809989929199 32.9160003662109 32.9129981994629 32.890998840332 31.8689994812012 29.5849990844727 28.0590000152588 27.6529998779297 25.3490009307861 22.3239994049072 22.0669994354248 24.0790004730225
13.835000038147 15.5120000839233 16.1849994659424 16.8120002746582 20.3519992828369 21.1690006256104 22.9009990692139 24.3080005645752 25.3269996643066 26.0359992980957 26.0480003356934 26.2929992675781 26.0300006866455 25.367000579834 32.4710006713867 34.6419982910156 35.2680015563965 35.6100006103516 35.701000213623 34.3489990234375 33.1749992370605 32.3720016479492 32.2070007324219 31.8530006408691 27.0849990844727 21.1609992980957 24.1539993286133 26.92799949646 28.0429992675781 28.4379997253418 29.9150009155273 30.3400001525879 31.5380001068115 33.7239990234375 34.4889984130859 34.4000015258789 33.8129997253418 32.8129997253418 32.3680000305176 31.1790008544922 29.9050006866455 29.6609992980957 27.80299949646 21.3290004730225 23.2240009307861 23.6940002441406
12.4779996871948 14.3170003890991 15.4329996109009 18.9869995117188 24.7169990539551 26.3470001220703 27.8519992828369 28.7169990539551 28.9549999237061 29.9330005645752 29.8850002288818 28.3759994506836 27.8199996948242 31.7810001373291 35.6100006103516 36.0950012207031 36.7120018005371 36.9690017700195 37.2630004882812 35.8310012817383 34.4459991455078 32.9129981994629 32.4469985961914 31.4850006103516 28.2329998016357 22.2520008087158 23.4610004425049 26.1940002441406 28.068000793457 29.9659996032715 30.9340000152588 32.7190017700195 34.2309989929199 35.4669990539551 35.5890007019043 35.382999420166 34.1399993896484 33.2210006713867 32.4379997253418 31.5900001525879 30.173999786377 29.4440002441406 25.2080001831055 22.1180000305176 25.4669990539551 27.798999786377
8.34799957275391 12.6770000457764 14.6300001144409 19.1940002441406 26.1509990692139 28.9020004272461 29.4780006408691 30.2059993743896 30.8939990997314 31.8099994659424 31.8299999237061 31.1060009002686 29.55299949646 32.7410011291504 35.4029998779297 36.5559997558594 37.6189994812012 37.8769989013672 37.5260009765625 36.992000579834 35.2080001831055 33.6590003967285 32.3409996032715 30.9060001373291 28.9060001373291 24.1100006103516 24.1490001678467 27.4249992370605 29.951000213623 31.0450000762939 32.8930015563965 34.6310005187988 35.8059997558594 36.6699981689453 36.8199996948242 36.5740013122559 35.5250015258789 34.9280014038086 33.2669982910156 31.9680004119873 30.3519992828369 28.4829998016357 21.3139991760254 20.4440002441406 25.2119998931885 30.7959995269775
7.79199981689453 11.5139999389648 14.076000213623 21.4069995880127 26.7479991912842 28.94700050354 30.1580009460449 31.4300003051758 32.1870002746582 32.7760009765625 32.6510009765625 32.2509994506836 30.6590003967285 33.4099998474121 35.7799987792969 37.0060005187988 37.7849998474121 38.2140007019043 37.935001373291 36.5620002746582 34.6580009460449 33.0810012817383 32.8349990844727 31.5189990997314 27.9230003356934 25.3020000457764 24.8159999847412 28.2119998931885 30.632999420166 31.992000579834 33.6980018615723 35.0519981384277 36.8440017700195 37.9029998779297 37.7099990844727 37.2159996032715 36.0190010070801 35.7280006408691 33.9790000915527 32.3289985656738 31.818000793457 30.2719993591309 24.4930000305176 22.2779998779297 27.9810009002686 30.451000213623
7.50899982452393 8.36499977111816 11.7530002593994 21.5349998474121 25.5769996643066 28.7049999237061 31.6760005950928 33.0740013122559 33.5859985351562 33.8370018005371 33.4140014648438 32.7459983825684 31.8589992523193 34.2480010986328 35.8170013427734 36.8959999084473 37.7330017089844 37.8300018310547 37.4440002441406 36.875 34.6889991760254 33.117000579834 32.5709991455078 30.8640003204346 28.1529998779297 23.2189998626709 26.3640003204346 27.7509994506836 29.9769992828369 32.3250007629395 34.6459999084473 35.6129989624023 36.5369987487793 38.3839988708496 38.1459999084473 37.4259986877441 36.3499984741211 35.3769989013672 33.5460014343262 32.0050010681152 31.173999786377 29.0890007019043 25.0480003356934 23.7310009002686 29.1229991912842 31.4190006256104
7.5149998664856 7.89599990844727 16.7940006256104 23.8659992218018 28.2430000305176 29.6609992980957 32.7789993286133 33.9290008544922 34.4910011291504 34.6370010375977 33.8170013427734 33.4889984130859 32.4970016479492 32.4259986877441 35.109001159668 36.1399993896484 36.8400001525879 37.1769981384277 36.9189987182617 36.3600006103516 33.5410003662109 33.2229995727539 32.2879981994629 29.6319999694824 28.5909996032715 12.210000038147 22.992000579834 26.298999786377 27.923999786377 31.7509994506836 33.9650001525879 35.2809982299805 35.8849983215332 37.4879989624023 37.4109992980957 37.0660018920898 36.2910003662109 33.9480018615723 32.3569984436035 32.2630004882812 31.4050006866455 28.8190002441406 25.3579998016357 26.2639999389648 29.5359992980957 30.4969997406006
6.61899995803833 7.6399998664856 22.4409999847412 25.7089996337891 29.2609996795654 31.1630001068115 32.9690017700195 34.1259994506836 34.9749984741211 35.2550010681152 34.8489990234375 34.0429992675781 32.6990013122559 33.1209983825684 34.8190002441406 34.8530006408691 35.4259986877441 35.7169990539551 36.2290000915527 34.6049995422363 32.8889999389648 32.4710006713867 30.7150001525879 28.4009990692139 24.7940006256104 20.1630001068115 20.30299949646 22.3649997711182 28.0100002288818 31.7229995727539 33.451000213623 34.2039985656738 35.5839996337891 36.0830001831055 36.1580009460449 35.6220016479492 35.6160011291504 32.2719993591309 31.9349994659424 32.1300010681152 31.6140003204346 29.8799991607666 24.3689994812012 25.6609992980957 27.6420001983643 28.7679996490479
11.2049999237061 18.30299949646 22.8689994812012 26.3840007781982 29.7119998931885 31.1490001678467 32.8619995117188 33.9410018920898 34.931999206543 35.148998260498 34.5130004882812 33.6430015563965 32.5060005187988 32.3680000305176 31.8719997406006 32.5740013122559 33.8289985656738 33.9959983825684 34.3110008239746 33.0789985656738 31.6219997406006 31.2390003204346 30.2360000610352 26.6200008392334 21.0820007324219 17.7059993743896 20.3239994049072 22.5440006256104 26.8540000915527 30.4379997253418 32.443000793457 32.9339981079102 34.2649993896484 34.8120002746582 35.3650016784668 34.7540016174316 33.9000015258789 32.4189987182617 31.2360000610352 30.6019992828369 28.5879993438721 26.7509994506836 23.4659996032715 24.2119998931885 26.1259994506836 27.7019996643066
20.1340007781982 23.4009990692139 24.6539993286133 26.7590007781982 28.8369998931885 31.2269992828369 32.4150009155273 33.4749984741211 33.9809989929199 34.3209991455078 33.7029991149902 32.4650001525879 32.3040008544922 32.1599998474121 30.5380001068115 31.3990001678467 31.7169990539551 31.4459991455078 31.2210006713867 31.0949993133545 30.6490001678467 30.0979995727539 27.1399993896484 21.0709991455078 13.9209995269775 15.1280002593994 20.6609992980957 22.6720008850098 24.5249996185303 28.2310009002686 28.9249992370605 29.2730007171631 29.7889995574951 32.2779998779297 33.0410003662109 33.2290000915527 31.5879993438721 31.4340000152588 30.2670001983643 28.5330009460449 23.6399993896484 22.9150009155273 23.82200050354 25.2360000610352 26.6490001678467 27.2590007781982
21.0849990844727 24.4270000457764 26.3239994049072 27.4150009155273 27.3479995727539 29.011999130249 31.2679996490479 32.0540008544922 32.5219993591309 32.9300003051758 32.7509994506836 31.8279991149902 31.5869998931885 29.4099998474121 28.2810001373291 29.8659992218018 30.1860008239746 29.5060005187988 30.4090003967285 29.8589992523193 29.7280006408691 28.0879993438721 20.121000289917 5.93300008773804 7.72900009155273 14.5080003738403 22.1009998321533 22.8299999237061 24.492000579834 26.0860004425049 27.9389991760254 29.2830009460449 29.7870006561279 30.4589996337891 30.4610004425049 30.4150009155273 30.7199993133545 30.9979991912842 27.9020004272461 22.1420001983643 20.69700050354 22.9669990539551 24.2150001525879 26.7140007019043 29.0400009155273 28.8360004425049
23.7670001983643 26.0200004577637 27.3460006713867 28.1730003356934 28.1259994506836 29.1350002288818 29.7880001068115 30.4489994049072 31.4039993286133 31.8680000305176 31.7150001525879 31.0009994506836 29.7660007476807 27.75 26.3320007324219 24.0520000457764 24.9080009460449 25.8099994659424 26.621000289917 25.382999420166 18.6630001068115 19.2530002593994 5.55499982833862 5.99700021743774 6.0479998588562 8.45699977874756 19.738000869751 21.4640007019043 23.8549995422363 25.6840000152588 27.1560001373291 28.8299999237061 29.0179996490479 29.2029991149902 29.8150005340576 29.4570007324219 29.6879997253418 27.3959999084473 23.1389999389648 22.1800003051758 22.7119998931885 24.0550003051758 26.5330009460449 28.3509998321533 29.4190006256104 29.951000213623
24.2889995574951 26.4220008850098 27.8360004425049 28.2509994506836 28.1830005645752 27.7159996032715 28.3120002746582 29.2129993438721 30.1900005340576 30.8880004882812 30.2849998474121 28.878999710083 27.9500007629395 26.6299991607666 23.886999130249 21.2560005187988 22.1310005187988 22.0279998779297 21.5830001831055 14.1400003433228 5.70300006866455 3.97300004959106 7.75500011444092 9.20400047302246 8.05500030517578 6.97300004959106 14.7200002670288 19.0009994506836 21.5699996948242 22.9270000457764 23.9340000152588 25.5540008544922 26.8090000152588 26.5090007781982 27.3799991607666 27.7590007781982 26.5069999694824 23.5480003356934 22.5179996490479 22.0249996185303 22.3349990844727 22.867000579834 26.1189994812012 28.3880004882812 29.9060001373291 30.9130001068115
22.9069995880127 25.4039993286133 27.246000289917 27.818000793457 27.6790008544922 26.9069995880127 26.6189994812012 27.0410003662109 28.2819995880127 28.6389999389648 27.9729995727539 26.8299999237061 26.443000793457 23.8490009307861 20.1879997253418 16.757999420166 17.4850006103516 18.431999206543 16.632999420166 5.03599977493286 4.06400012969971 5.33300018310547 10.6230001449585 15.4759998321533 15.3430004119873 9.90100002288818 13.9180002212524 18.507999420166 19.3500003814697 19.7819995880127 20.8780002593994 22.617000579834 24.0240001678467 24.4619998931885 24.7709999084473 24.798999786377 24.0610008239746 23.4640007019043 21.8099994659424 21.3990001678467 22.3129997253418 22.55299949646 26.2709999084473 28.636999130249 30.3449993133545 31.6560001373291
