02_asc_chm-r50m/HS220C.asc
NCOLS 200 
NROWS 200 
XLLCORNER 570250 
YLLCORNER 5222121.5 
CELLSIZE 0.5 
NODATA_value -3.4e+38 
[rows 80 to 99 of 200, columns 0 to 45 of 200]
-3.4e+38 -3.4e+38 -3.4e+38 28.8889999389648 27.6639995574951 28.9449996948242 27.4519996643066 30.8490009307861 29.9309997558594 28.4290008544922 28.9459991455078 28.5130004882812 28.0459995269775 28.8999996185303 26.2900009155273 28.011999130249 27.5939998626709 27.0620002746582 25.9209995269775 26.8490009307861 26.3339996337891 25.7089996337891 26.8939990997314 25.9899997711182 24.2439994812012 20.4820003509521 16.382999420166 13.173999786377 10.5699996948242 8.55500030517578 8.32199954986572 3.96099996566772 2.85400009155273 2.08100008964539 1.40100002288818 0.916999995708466 0.851999998092651 0.939000010490417 1.02600002288818 1.11300003528595 1.95200002193451 2.70099997520447 4.86199998855591 14.2930002212524 22.2880001068115 24.4829998016357
-3.4e+38 -3.4e+38 -3.4e+38 30.4740009307861 30.181999206543 31.2080001831055 30.9729995727539 31.1949996948242 28.8980007171631 26.5820007324219 25.9810009002686 25.7959995269775 27.3980007171631 31.6270008087158 31.0750007629395 30.4060001373291 29.0629997253418 28.2290000915527 27.6100006103516 25.9200000762939 25.3419990539551 24.0729999542236 23.5879993438721 23.2150001525879 22.3959999084473 19.6310005187988 15.9359998703003 13.3579998016357 10.9130001068115 9.57299995422363 5.48699998855591 1.85899996757507 1.64499998092651 1.45799994468689 1.42999994754791 1.24000000953674 1.01900005340576 0.933000028133392 1.01999998092651 1.34800004959106 2.79699993133545 9.66800022125244 16.0100002288818 18.9860000610352 22.7430000305176 21.1200008392334
-3.4e+38 -3.4e+38 -3.4e+38 33.6559982299805 33.3819999694824 32.6539993286133 31.9069995880127 31.117000579834 28.8929996490479 26.8080005645752 25.3980007171631 26.1469993591309 30.871000289917 33.5060005187988 33.4539985656738 32.3219985961914 30.8899993896484 30.0160007476807 28.5750007629395 26.117000579834 25.5319995880127 24.326000213623 22.8229999542236 19.6690006256104 16.8929996490479 16.5930004119873 13.6330003738403 12.9090003967285 10.3420000076294 9.30000019073486 4.8289999961853 1.66600000858307 1.36899995803833 1.27300000190735 1.19700002670288 1.08599996566772 1.04499995708466 1.21300005912781 1.19099998474121 1.78199994564056 3.21300005912781 18.4080009460449 23.0650005340576 19.576000213623 18.5990009307861 17.5960006713867
-3.4e+38 -3.4e+38 -3.4e+38 33.6699981689453 33.6809997558594 32.9179992675781 32.0309982299805 30.6679992675781 28.3899993896484 25.4209995269775 26.4440002441406 28.9220008850098 34.2159996032715 34.7130012512207 34.0460014343262 33.9640007019043 32.9790000915527 32.4970016479492 30.4330005645752 27.757999420166 26.3980007171631 23.8199996948242 20.6089992523193 15.9130001068115 14.1990003585815 13.3999996185303 12.7379999160767 11.9379997253418 9.02200031280518 7.70100021362305 4.18599987030029 1.47200000286102 1.28299999237061 1.23099994659424 1.08200001716614 1.07700002193451 1.25800001621246 3.39400005340576 3.91499996185303 4.13299989700317 15.9670000076294 28.1459999084473 15.8409996032715 16.8729991912842 16.7530002593994 17.2789993286133
-3.4e+38 -3.4e+38 29.548999786377 33.5069999694824 33.640998840332 32.8199996948242 32.2599983215332 22.57200050354 21.9109992980957 29.2970008850098 33.3120002746582 34.6129989624023 35.2929992675781 35.4129981994629 34.4480018615723 33.6640014648438 33.1990013122559 33.0750007629395 31.5209999084473 28.7740001678467 26.3010005950928 24.3050003051758 19.7630004882812 16.5429992675781 13.4899997711182 12.8380002975464 12.1569995880127 11.8360004425049 10.6479997634888 4.80100011825562 2.65400004386902 1.44500005245209 1.39100003242493 1.26699995994568 1.10000002384186 1.16799998283386 1.32299995422363 4.09100008010864 4.26200008392334 4.43300008773804 20.9710006713867 17.5130004882812 4.40399980545044 13.1750001907349 15.8640003204346 17.2600002288818
-3.4e+38 -3.4e+38 31.875 33.2490005493164 33.1180000305176 32.4640007019043 31.4890003204346 25.8379993438721 26.5100002288818 30.8299999237061 33.8160018920898 35.2939987182617 36.0139999389648 36.1209983825684 35.5439987182617 35.3079986572266 33.8800010681152 33.0139999389648 31.1580009460449 28.8990001678467 26.1429996490479 23.0240001678467 18.8479995727539 18.3110008239746 14.1999998092651 12.2600002288818 12.1960000991821 11.8240003585815 9.11400032043457 1.50100004673004 1.18599998950958 1.73000001907349 1.61600005626678 2.03800010681152 0.50900000333786 1.28400003910065 2.4539999961853 3.73000001907349 4.10500001907349 4.23099994659424 5.11499977111816 7.32600021362305 9.26700019836426 15.0600004196167 16.5769996643066 18.7759990692139
-3.4e+38 -3.4e+38 31.5739994049072 32.0740013122559 31.9500007629395 31.6399993896484 30.681999206543 28.7049999237061 30.7649993896484 33.4010009765625 35.2820014953613 36.1599998474121 36.4869995117188 36.7309989929199 36.3209991455078 36.0089988708496 34.4620018005371 33.9230003356934 32.5719985961914 29.5160007476807 25.3680000305176 22.94700050354 19.6720008850098 17.8810005187988 15.9049997329712 13.0719995498657 11.1529998779297 6.9689998626709 4.15100002288818 0.922999978065491 1.03100001811981 1.82299995422363 1.89600002765656 3.22900009155273 3.11899995803833 3.50799989700317 3.74699997901917 4.05600023269653 5.88399982452393 6.5019998550415 6.24900007247925 7.70599985122681 8.08600044250488 14.83899974823 17.8589992523193 22.1380004882812
-3.4e+38 -3.4e+38 30.0049991607666 30.2169990539551 30.3400001525879 30.1060009002686 28.7929992675781 25.5270004272461 25.2520008087158 30.7870006561279 34.7280006408691 35.8940010070801 36.9039993286133 37.3129997253418 37.1609992980957 36.0169982910156 34.6580009460449 34.2150001525879 32.931999206543 29.3379993438721 24.878999710083 22.632999420166 19.7859992980957 17.371000289917 15.8540000915527 13.5290002822876 8.74400043487549 3.94400000572205 1.52199995517731 1.375 1.31400001049042 1.60899996757507 2.02800011634827 10.0200004577637 14.9049997329712 12.7489995956421 11.1540002822876 10.7320003509521 8.99699974060059 7.56599998474121 7.55700016021729 8.28999996185303 8.29699993133545 11.9099998474121 18.6299991607666 22.3990001678467
-3.4e+38 -3.4e+38 28.6499996185303 28.9839992523193 28.8649997711182 23.6340007781982 27.4300003051758 24.9680004119873 25.0389995574951 30.9740009307861 34.3359985351562 35.8499984741211 36.6160011291504 36.9550018310547 36.7130012512207 35.7620010375977 34.5320014953613 33.7430000305176 31.7999992370605 27.0499992370605 22.298999786377 20.3110008239746 19.2320003509521 16.8040008544922 13.0190000534058 5.49499988555908 3.17700004577637 3.17000007629395 2.00600004196167 1.80499994754791 1.50600004196167 1.4889999628067 2.81599998474121 15.7259998321533 20.757999420166 20.7649993896484 18.1730003356934 15.8819999694824 14.3649997711182 9.49300003051758 9.71500015258789 10.1059999465942 8.72299957275391 10.8409996032715 17.0410003662109 21.4209995269775
-3.4e+38 -3.4e+38 27.8530006408691 27.568000793457 18.9610004425049 8.14000034332275 16.8110008239746 24.5639991760254 25.5410003662109 26.0270004272461 33.7330017089844 34.935001373291 35.7610015869141 36.0359992980957 35.3040008544922 34.6129989624023 34.2960014343262 32.8359985351562 29.8190002441406 27.8449993133545 20.1919994354248 19.8299999237061 15.3109998703003 12.1490001678467 0.852999985218048 2.03299999237061 4.30299997329712 5.31199979782104 4.27600002288818 10.4270000457764 11.6059999465942 10.2869997024536 12.206000328064 17.6590003967285 21.2639999389648 20.8589992523193 20.0669994354248 18.7110004425049 16.8460006713867 15.6920003890991 16.4979991912842 15.5459995269775 14.4099998474121 15.7250003814697 18.798999786377 17.17799949646
-3.4e+38 10.1529998779297 11.3950004577637 16.2569999694824 9.9709997177124 6.33199977874756 16.2959995269775 23.1110000610352 25.193000793457 25.7029991149902 30.1879997253418 33.4599990844727 34.6660003662109 35.2299995422363 34.4669990539551 33.1380004882812 32.5859985351562 30.6040000915527 28.1340007781982 27.4899997711182 23.6730003356934 14.0310001373291 2.88800001144409 1.77499997615814 1.08599996566772 3.94099998474121 7.80600023269653 11.871000289917 12.0010004043579 16.0259990692139 17.0659999847412 17.3589992523193 19.0389995574951 22.0990009307861 23.943000793457 20.6490001678467 20.5480003356934 21.2749996185303 20.8899993896484 20.0610008239746 20.0100002288818 18.9710006713867 15.3319997787476 14.9709997177124 15.7220001220703 12.8839998245239
-3.4e+38 13.5089998245239 4.38800001144409 5.13600015640259 5.40700006484985 5.49599981307983 17.378999710083 23.7959995269775 25.5340003967285 25.6949996948242 25.9659996032715 27.9930000305176 33.7550010681152 34.1150016784668 33.0919990539551 32.6650009155273 32.2190017700195 31.1520004272461 28.5189990997314 27.5930004119873 17.423999786377 8.50800037384033 1.27799999713898 0.954999983310699 1.16499996185303 1.85500001907349 6.97200012207031 13.8760004043579 16.4099998474121 17.1189994812012 17.4290008544922 19.7929992675781 21.2119998931885 24.5470008850098 26.4300003051758 24.7159996032715 25.2040004730225 23.5279998779297 24.2089996337891 23.9829998016357 24.0949993133545 22.2940006256104 16.0359992980957 15.5909996032715 15.8219995498657 13.3649997711182
-3.4e+38 3.19300007820129 4.1230001449585 4.7350001335144 5.01800012588501 4.9689998626709 10.0640001296997 17.5330009460449 24.9080009460449 25.5310001373291 25.7800006866455 24.8439998626709 31.1410007476807 32.3330001831055 31.7119998931885 31.3040008544922 31.4060001373291 30.4150009155273 28.2299995422363 23.9300003051758 12.8360004425049 4.1710000038147 0.755999982357025 1.13300001621246 1.99300003051758 2.46000003814697 8.48900032043457 15.2609996795654 17.0109996795654 17.5470008850098 17.7240009307861 19.8659992218018 24.9529991149902 27.6340007781982 27.5410003662109 27.5359992980957 27.0060005187988 25.6709995269775 25.1660003662109 24.8950004577637 24.4950008392334 24.3129997253418 18.4270000457764 17.3209991455078 18.6049995422363 18.2630004882812
-3.4e+38 2.27500009536743 3.41599988937378 4.06699991226196 4.2039999961853 3.75500011444092 3.67400002479553 5.58599996566772 18.8840007781982 23.5629997253418 23.132999420166 22.7310009002686 28.0860004425049 30.8479995727539 30.3010005950928 30.44700050354 29.0620002746582 28.1180000305176 26.0030002593994 19.1200008392334 12.3780002593994 4.72399997711182 0.800000011920929 1.09399998188019 1.88800001144409 5.21799993515015 11.8990001678467 14.8879995346069 16.8799991607666 18.2810001373291 23.8099994659424 24.6340007781982 28.0629997253418 28.0930004119873 28.6700000762939 28.8649997711182 27.9930000305176 27.443000793457 26.1030006408691 25.6009998321533 24.8990001678467 24.3719997406006 20.4009990692139 18.5009994506836 20.2590007781982 21.943000793457
-3.4e+38 1.98500001430511 2.73699998855591 3.23600006103516 3.16000008583069 2.50600004196167 2.71000003814697 3.03500008583069 6.74599981307983 19.0979995727539 22.8099994659424 22.9449996948242 24.7609996795654 27.6110000610352 30.6189994812012 30.8320007324219 28.0219993591309 25.5289993286133 21.2730007171631 15.5459995269775 5.15000009536743 1.46800005435944 0.474000006914139 0.762000024318695 2.96799993515015 8.54899978637695 13.576000213623 16.5879993438721 18.5400009155273 21.701000213623 25.3619995117188 27.2399997711182 28.7360000610352 30.2080001831055 31.7159996032715 31.7479991912842 31.1560001373291 30.6340007781982 29.0380001068115 28.3560009002686 26.5620002746582 24.0510005950928 23.0130004882812 20.6079998016357 22.57200050354 23.1879997253418
-3.4e+38 5.69299983978271 3.92000007629395 5.06599998474121 3.60700011253357 3.78999996185303 5.99300003051758 5.70900011062622 9.11200046539307 19.1660003662109 23.4540004730225 24.9979991912842 28.1860008239746 31.0510005950928 32.4080009460449 31.7099990844727 28.6389999389648 26.6959991455078 18.1949996948242 14.2200002670288 5.47499990463257 0.981000006198883 0.389999985694885 0.372000008821487 5.38600015640259 8.73900032043457 10.4750003814697 16.9790000915527 21.5809993743896 24.8299999237061 26.2450008392334 27.6790008544922 28.7210006713867 30.9580001831055 32.2369995117188 32.8619995117188 32.7680015563965 32.2949981689453 30.5699996948242 29.5380001068115 26.8430004119873 24.246000289917 22.6900005340576 21.4360008239746 22.5849990844727 22.5739994049072
-3.4e+38 7.23400020599365 6.83099985122681 5.7020001411438 4.0479998588562 7.125 9.27700042724609 10.8649997711182 14.2440004348755 20.5750007629395 27.6340007781982 29.0979995727539 32.4560012817383 33.0050010681152 33.3190002441406 32.7379989624023 31.5310001373291 28.8430004119873 24.3439998626709 12.8940000534058 7.39300012588501 2.26699995994568 0.351999998092651 1.27300000190735 3.21000003814697 1.20700001716614 2.30999994277954 13.3129997253418 18.1709995269775 23.9029998779297 26.4449996948242 28.2700004577637 29.6700000762939 32.0250015258789 33.2809982299805 33.726001739502 33.5349998474121 32.6220016479492 31.3859996795654 30.2639999389648 28.8759994506836 25.6639995574951 22.7290000915527 21.2549991607666 21.3719997406006 21.8379993438721
-3.4e+38 9.66399955749512 10.3380002975464 6.51100015640259 5.42899990081787 10.4589996337891 12.7840003967285 16.0909996032715 19.6889991760254 27.1399993896484 31.1509990692139 31.7180004119873 33.6450004577637 33.8339996337891 33.8880004882812 33.4150009155273 32.7589988708496 31.7679996490479 27.5860004425049 21.1650009155273 12.6909999847412 4.80100011825562 4.84100008010864 7.11499977111816 13.2089996337891 12.1599998474121 9.30599975585938 16.8980007171631 17.488000869751 21.048999786377 26.1030006408691 28.0979995727539 29.173999786377 32.8959999084473 33.773998260498 34.609001159668 34.2280006408691 33.1380004882812 31.6840000152588 30.2830009460449 27.9099998474121 26.0890007019043 23.7870006561279 21.5639991760254 21.3500003814697 22.9230003356934
-3.4e+38 10.2030000686646 10.5139999389648 10.9849996566772 10.1230001449585 14.3380002975464 15.2910003662109 14.9949998855591 25.1949996948242 29.2080001831055 31.6650009155273 32.2459983825684 34.6730003356934 35.757999420166 35.7190017700195 33.3810005187988 32.9570007324219 31.7940006256104 29.9659996032715 26.8589992523193 22.8990001678467 17.6840000152588 17.8640003204346 19.2049999237061 19.6669998168945 19.1499996185303 17.5499992370605 15.9519996643066 17.0849990844727 21.5550003051758 26.2390003204346 27.8129997253418 29.3780002593994 32.5709991455078 33.5019989013672 33.7620010375977 33.6040000915527 33.1129989624023 31.17799949646 28.5149993896484 27.8339996337891 25.9169998168945 23.2590007781982 21.1690006256104 23.7940006256104 28.3239994049072
-3.4e+38 10.3509998321533 10.7869997024536 11.1490001678467 13.9989995956421 16.548999786377 16.2889995574951 18.3209991455078 24.1569995880127 29.326000213623 31.0939998626709 34.0900001525879 34.9869995117188 36.1310005187988 36.6949996948242 34.1209983825684 33.7050018310547 31.7779998779297 30.056999206543 28.757999420166 26.7240009307861 24.8600006103516 24.6840000152588 23.742000579834 24.0179996490479 23.1439990997314 21.6410007476807 18.0230007171631 19.8889999389648 23.7649993896484 24.2509994506836 26.5209999084473 28.0709991455078 30.5629997253418 32.1580009460449 31.8950004577637 32.0870018005371 32.2849998474121 31.1240005493164 28.9309997558594 27.3549995422363 25.7320003509521 21.9990005493164 20.5830001831055 23.6159992218018 30.8360004425049
