02_asc_chm-r50m/HS222D.asc
NCOLS 200 
NROWS 201 
XLLCORNER 569924.5 
YLLCORNER 5222283.5 
CELLSIZE 0.5 
NODATA_value -3.4e+38 
[rows 40 to 59 of 201, columns 92 to 137 of 200]
23.0729999542236 24.9759998321533 26.742000579834 27.9540004730225 29.0779991149902 29.0380001068115 28.871000289917 29.3439998626709 29.613000869751 30.0750007629395 30.2450008392334 29.7970008850098 29.3969993591309 28.3570003509521 26.818000793457 24.5930004119873 22.2870006561279 13.496000289917 10.0909996032715 6.91400003433228 3.97699999809265 1.23000001907349 5.59899997711182 14.9919996261597 21.0869998931885 22.9109992980957 23.2910003662109 23.7119998931885 23.8950004577637 25.3129997253418 26.1830005645752 26.07200050354 26.6520004272461 28.431999206543 29.0990009307861 30.5550003051758 32.5429992675781 33.3740005493164 33.4830017089844 32.882999420166 32.0089988708496 30.8929996490479 27.7479991912842 26.3239994049072 26.1019992828369 25.1280002593994
23.681999206543 24.3640003204346 27.7240009307861 29.4440002441406 29.8080005645752 29.2490005493164 29.0639991760254 29.7369995117188 29.4069995880127 29.8369998931885 29.507999420166 28.6389999389648 28.3269996643066 27.67799949646 25.5790004730225 23.3339996337891 22.5470008850098 11.5369997024536 10.6560001373291 7.90899991989136 5.16200017929077 2.38800001144409 3.9760000705719 12.5550003051758 19.5769996643066 20.1100006103516 20.6590003967285 21.4909992218018 22.0809993743896 24.8570003509521 26.1730003356934 27.9559993743896 28.621000289917 28.9680004119873 29.9500007629395 30.42799949646 32.2120018005371 32.7970008850098 32.693000793457 32.2949981689453 31.0319995880127 28.7140007019043 27.0189990997314 25.4839992523193 24.5820007324219 22.9060001373291
23.9969997406006 25.6560001373291 29.3500003814697 30.1319999694824 30.5769996643066 30.253999710083 30.4559993743896 30.1919994354248 29.7129993438721 28.9160003662109 29.3430004119873 29.2040004730225 27.9790000915527 26.1650009155273 24.3080005645752 20.3959999084473 19.9659996032715 17.3339996337891 12.951000213623 10.1879997253418 7.40199995040894 4.61499977111816 7.29300022125244 12.5150003433228 18.9249992370605 19.0830001831055 19.9050006866455 20.5610008239746 22.1860008239746 24.6100006103516 26.6229991912842 27.3379993438721 28.1560001373291 29.2169990539551 30.1159992218018 30.6189994812012 30.7950000762939 31.181999206543 31.1319999694824 30.6650009155273 29.9419994354248 26.9589996337891 27.0200004577637 26.3209991455078 20.8090000152588 20.4570007324219
24.1730003356934 27.0410003662109 29.826000213623 31.0790004730225 32.1110000610352 32.3390007019043 32.060001373291 32.2280006408691 31.2119998931885 31.0909996032715 31.9489994049072 31.3999996185303 29.8059997558594 27.4169998168945 24.121000289917 16.3680000305176 19.3190002441406 18.6149997711182 17.7019996643066 15.2489995956421 12.7959995269775 10.3439998626709 9.28299999237061 13.9169998168945 16.5389995574951 17.0990009307861 18.488000869751 16.5629997253418 19.4379997253418 25.5389995574951 26.423999786377 26.8570003509521 27.5930004119873 29.4020004272461 30.1359996795654 30.5979995727539 30.4449996948242 30.3899993896484 30.5170001983643 29.5230007171631 28.2119998931885 26.5450000762939 26.1299991607666 19.9899997711182 10.7519998550415 9.41300010681152
22.92799949646 26.9640007019043 30.6909999847412 32.5340003967285 32.9939994812012 32.3959999084473 32.6349983215332 32.3779983520508 32.435001373291 32.2869987487793 32 31.0340003967285 29.9160003662109 27.5849990844727 26.9150009155273 24.3680000305176 21.5599994659424 21.8430004119873 21.7450008392334 19.4780006408691 15.9899997711182 11.7930002212524 10.3929996490479 11.1269998550415 14.7720003128052 15.8699998855591 16.1770000457764 20.7770004272461 24.9220008850098 24.3080005645752 26.636999130249 26.5020008087158 27.6509990692139 29.4309997558594 29.9720001220703 30.2150001525879 29.9190006256104 29.44700050354 28.8120002746582 28.1270008087158 26.8190002441406 25.7430000305176 24.1700000762939 21.5340003967285 15.9040002822876 14.9980001449585
24.6270008087158 28.5750007629395 31.0380001068115 32.3540000915527 33.2820014953613 32.8569984436035 33.2840003967285 33.2560005187988 33.3530006408691 33.1069984436035 32.2760009765625 31.1420001983643 29.94700050354 29.8279991149902 28.4519996643066 27.3439998626709 25.0209999084473 23.128999710083 23.5170001983643 22.4669990539551 16.8700008392334 10.8159999847412 11.2950000762939 15.7150001525879 17.4340000152588 19.6009998321533 24.4309997558594 25.3110008239746 23.2119998931885 23.1429996490479 26.1620006561279 26.0459995269775 27.1000003814697 28.6730003356934 29.3229999542236 29.4559993743896 29.7320003509521 29.3229999542236 28.6770000457764 28.4370002746582 27.9619998931885 27.3600006103516 25.9200000762939 26.951000213623 27.3229999542236 24.5779991149902
26.9720001220703 28.4099998474121 31.3990001678467 32.2669982910156 33.5390014648438 33.6669998168945 34.2910003662109 34.3660011291504 33.8250007629395 33.8320007324219 33.3810005187988 32.2169990539551 30.5130004882812 30.0729999542236 29.6669998168945 29.2269992828369 27.931999206543 25.4759998321533 24.7430000305176 24.0650005340576 22.257999420166 16.7430000305176 16.7919998168945 21.0370006561279 23.6180000305176 24.1340007781982 26.1989994049072 27.0109996795654 26.0610008239746 25.4290008544922 25.882999420166 26.1189994812012 27.9139995574951 29.136999130249 29.5520000457764 29.9659996032715 30.1560001373291 29.4349994659424 29.0960006713867 28.9379997253418 29.201000213623 30.0340003967285 29.0459995269775 29.753999710083 27.67799949646 26.2900009155273
26.2810001373291 29.0949993133545 30.9009990692139 32.8470001220703 33.7610015869141 34.6679992675781 35.1959991455078 35.2470016479492 34.5309982299805 33.7350006103516 33.4010009765625 32.7280006408691 32.0200004577637 31.318000793457 30.6049995422363 30.1509990692139 29.9009990692139 27.6350002288818 26.7399997711182 25.0319995880127 21.8379993438721 20.9790000915527 22.3610000610352 24.4740009307861 26.30299949646 27.3090000152588 27.9459991455078 28.1410007476807 27.6089992523193 27.2350006103516 26.298999786377 26.3110008239746 28.0249996185303 29.6009998321533 30.0100002288818 30.7040004730225 30.4540004730225 29.8859996795654 29.2849998474121 29.8490009307861 30.7730007171631 30.8150005340576 30.2649993896484 29.2409992218018 27.8880004882812 27.2439994812012
27.121000289917 29.3369998931885 31.0709991455078 33.2519989013672 33.5730018615723 34.2630004882812 35.193000793457 35.1100006103516 34.2150001525879 33.4620018005371 32.6479988098145 32.226001739502 32.1889991760254 32.0470008850098 31.5520000457764 30.9270000457764 30.1420001983643 28.69700050354 27.1849994659424 24.6770000457764 23.4160003662109 22.1630001068115 23.451000213623 25.4890003204346 26.7859992980957 28.0289993286133 28.9080009460449 29.0300006866455 28.742000579834 28.0060005187988 27.1569995880127 26.8339996337891 28.173999786377 29.3640003204346 29.9829998016357 31.0879993438721 30.9479999542236 30.3689994812012 30.2900009155273 30.6889991760254 31.6469993591309 31.9309997558594 30.5259990692139 29.5310001373291 29.0979995727539 26.0389995574951
27.496000289917 29.2089996337891 31.3050003051758 32.5719985961914 33.1049995422363 33.6599998474121 34.1949996948242 34.2179985046387 33.7190017700195 33.3050003051758 32.7449989318848 31.3780002593994 31.8759994506836 32.5699996948242 32.6440010070801 31.6410007476807 30.3729991912842 29.5319995880127 26.6270008087158 24.757999420166 24.621000289917 24.1909999847412 24.6259994506836 25.7730007171631 28.2240009307861 29.5849990844727 30.5179996490479 30.863000869751 29.8150005340576 29.0499992370605 27.9740009307861 26.9820003509521 27.4950008392334 28.7369995117188 29.7509994506836 30.1800003051758 30.1529998779297 29.6480007171631 29.9200000762939 30.2910003662109 31.6380004882812 32.859001159668 31.6630001068115 31.0650005340576 30.5550003051758 26.4440002441406
29.6019992828369 29.496000289917 30.8080005645752 31.0639991760254 32.7599983215332 33.2560005187988 33.3899993896484 33.5130004882812 33.4819984436035 32.5880012512207 31.681999206543 31.8770008087158 31.8449993133545 32.6189994812012 32.6710014343262 31.6650009155273 30.1009998321533 29.5100002288818 27.2159996032715 26.1809997558594 25.1119995117188 22.6429996490479 24.4190006256104 26.7609996795654 29.0030002593994 30.5230007171631 31.5009994506836 31.9680004119873 30.6599998474121 29.9500007629395 28.8190002441406 26.8939990997314 26.9699993133545 28.4039993286133 29.0149993896484 29.6119995117188 29.5659999847412 29.3780002593994 29.5510005950928 31.121000289917 32.0540008544922 32.3370018005371 31.9519996643066 30.8959999084473 30.3430004119873 28.3780002593994
27.6000003814697 28.1060009002686 28.9200000762939 29.125 32.8720016479492 33.1809997558594 33.0330009460449 32.9090003967285 32.8460006713867 32.3079986572266 31.2140007019043 30.7950000762939 31.4039993286133 31.6359996795654 31.7730007171631 31.1679992675781 29.3700008392334 29.0890007019043 27.1319999694824 25.5389995574951 23.3980007171631 23.6720008850098 24.9540004730225 26.6299991607666 28.6760005950928 30.0459995269775 30.7220001220703 31.4500007629395 30.6720008850098 29.5990009307861 27.5209999084473 27.2320003509521 26.7770004272461 27.2590007781982 27.9340000152588 28.2600002288818 28.7520008087158 28.5240001678467 28.5279998779297 30.0459995269775 30.6909999847412 30.7220001220703 30.8330001831055 30.3579998016357 29.4979991912842 28.1410007476807
22.7639999389648 24.3549995422363 27.3680000305176 30.55299949646 32.0419998168945 32.8530006408691 32.4360008239746 32.3479995727539 32.3709983825684 31.3610000610352 30.7859992980957 30.4109992980957 30.4099998474121 30.2339992523193 30.4169998168945 30.2940006256104 29.1420001983643 27.2840003967285 25.128999710083 23.3929996490479 23.6380004882812 24.4740009307861 25.3589992523193 25.8250007629395 27.7670001983643 29.2600002288818 30.0440006256104 30.1100006103516 30.011999130249 28.6879997253418 26.4290008544922 26.0729999542236 26.0510005950928 25.5559997558594 25.9029998779297 27.0690002441406 27.6660003662109 27.2609996795654 26.863000869751 28.8449993133545 29.8360004425049 30.4500007629395 29.8859996795654 29.4750003814697 28.8850002288818 28.1989994049072
22.7530002593994 23.0149993896484 26.1709995269775 30.1089992523193 29.7889995574951 31.1089992523193 31.3099994659424 31.4839992523193 31.3570003509521 30.9479999542236 30.4340000152588 29.6840000152588 29.4209995269775 29.3090000152588 29.0209999084473 28.7490005493164 27.6639995574951 26.3290004730225 24.943000793457 23.4769992828369 24.2210006713867 25.0370006561279 25.1560001373291 25.5459995269775 27.1439990997314 28.6480007171631 29.2220001220703 29.2129993438721 29.3120002746582 26.6889991760254 24.867000579834 24.6979999542236 25.2199993133545 24.9979991912842 25.4060001373291 26.4029998779297 26.9549999237061 26.4890003204346 25.9479999542236 27.6520004272461 28.9270000457764 29.5410003662109 28.9860000610352 27.7320003509521 28.0179996490479 26.6580009460449
22.9599990844727 22.8090000152588 24.9400005340576 27.1459999084473 27.3229999542236 27.9190006256104 29.2929992675781 29.7099990844727 28.4810009002686 26.7479991912842 29.6340007781982 28.6679992675781 27.8479995727539 26.3920001983643 26.5919990539551 26.2080001831055 25.9400005340576 25.3339996337891 23.5669994354248 23.2210006713867 24.6760005950928 25.0139999389648 24.8859996795654 24.67799949646 25.1389999389648 26.3560009002686 27.4200000762939 27.3889999389648 27.738000869751 25.6149997711182 24.0709991455078 22.2759990692139 22.798999786377 23.5979995727539 23.4099998474121 24.9009990692139 25.5970001220703 24.6919994354248 24.3969993591309 26.3579998016357 26.3659992218018 25.7730007171631 25.1690006256104 26.1499996185303 26.6429996490479 24.0890007019043
25.2660007476807 25.4810009002686 25.8610000610352 26.2600002288818 26.1200008392334 26.4799995422363 27.3780002593994 27.2919998168945 25.3689994812012 20.8600006103516 26.5179996490479 26.3610000610352 22.6900005340576 22.5830001831055 24.5 24.3579998016357 24 23.4130001068115 22.8959999084473 22.8439998626709 23.8570003509521 24.2679996490479 24.1420001983643 24.0860004425049 24.5060005187988 24.556999206543 25.4710006713867 26.3969993591309 26.1310005187988 25.7089996337891 24.9869995117188 21.8500003814697 19.7490005493164 20.6520004272461 23.1700000762939 23.0869998931885 23.1720008850098 23.4169998168945 25.1350002288818 26.0480003356934 25.382999420166 26.5890007019043 24.4699993133545 22.3090000152588 24.0919990539551 14.2239999771118
27.3920001983643 27.1790008544922 26.6240005493164 25.6989994049072 25.6730003356934 25.7320003509521 25.3209991455078 25.242000579834 20.9080009460449 20.7649993896484 22.3050003051758 22.3309993743896 21.1070003509521 22.7859992980957 23.1830005645752 23.2830009460449 22.4029998779297 20.1599998474121 21.5900001525879 22.4810009002686 23.0580005645752 23.2709999084473 23.3859996795654 24.4130001068115 25.1499996185303 25.2749996185303 25.5179996490479 25.5130004882812 25.923999786377 25.7110004425049 25.7819995880127 23.0939998626709 19.4680004119873 16.0510005950928 21.0970001220703 22.0209999084473 24.75 25.9440002441406 26.5909996032715 26.0909996032715 27.0020008087158 27.8250007629395 27.3880004882812 24.0629997253418 23.056999206543 14.2659997940063
28.2210006713867 28.056999206543 27.9790000915527 26.9540004730225 25.1009998321533 24.7169990539551 25.1110000610352 24.7870006561279 22.992000579834 24.0739994049072 23.3239994049072 23.1380004882812 16.8509998321533 21.0219993591309 22.1280002593994 19.4580001831055 18.9249992370605 19.4160003662109 20.7269992828369 21.7099990844727 22.1679992675781 22.9570007324219 23.6770000457764 24.8910007476807 25.9260005950928 26.056999206543 25.9370002746582 26.0890007019043 26.2959995269775 26.0990009307861 25.1879997253418 22.943000793457 20.5620002746582 19.6889991760254 19.6520004272461 20.6410007476807 24.6149997711182 28.0879993438721 28.9160003662109 28.2469997406006 29.1770000457764 29.2350006103516 27.9540004730225 27.5459995269775 24.6630001068115 20.181999206543
29.1459999084473 29.0990009307861 28.8419990539551 28.3530006408691 27.2229995727539 25.1679992675781 25.6900005340576 26.2639999389648 25.57200050354 25.0389995574951 23.753999710083 23.0909996032715 21.2269992828369 21.7830009460449 19.1709995269775 16.6630001068115 14.9270000457764 16.3659992218018 18.5790004730225 19.5550003051758 21.2220001220703 21.9419994354248 23.6879997253418 26.625 27.6919994354248 27.5659999847412 26.7569999694824 27.742000579834 28.3889999389648 28.0839996337891 27.2970008850098 26.3190002441406 22.867000579834 23.3269996643066 23.6909999847412 25.3129997253418 26.9909992218018 29.1669998168945 30.0820007324219 30.2339992523193 31.2749996185303 30.8159999847412 30.2779998779297 28.6840000152588 26.9689998626709 25.3610000610352
30.261999130249 30.2999992370605 30.0219993591309 28.6469993591309 27.6900005340576 26.4060001373291 27.3959999084473 27.2150001525879 26.878999710083 26.5909996032715 23.9349994659424 23.511999130249 21.6949996948242 21.261999130249 18.7870006561279 15.9670000076294 15.2849998474121 15.8280000686646 17.378999710083 17.3579998016357 20.2089996337891 21.6599998474121 23.3449993133545 27.2600002288818 28.7700004577637 28.3939990997314 28.992000579834 29.8020000457764 30.0100002288818 29.4699993133545 28.6219997406006 27.0669994354248 23.7730007171631 23.7159996032715 23.8279991149902 26.4799995422363 28.7490005493164 30.6909999847412 31.5499992370605 32.0299987792969 31.9810009002686 31.7310009002686 31.0970001220703 30.0030002593994 26.5699996948242 25.30299949646
