02_asc_chm-r50m/HS222D.asc
NCOLS 200 
NROWS 201 
XLLCORNER 569924.5 
YLLCORNER 5222283.5 
CELLSIZE 0.5 
NODATA_value -3.4e+38 
[rows 120 to 139 of 201, columns 92 to 137 of 200]
22.2269992828369 21.0550003051758 19.5219993591309 18.2859992980957 19.0599994659424 19.7870006561279 19.5139999389648 18.5330009460449 16.1480007171631 15.6680002212524 14.8039999008179 17.0389995574951 22.0699996948242 24.4050006866455 21.8899993896484 25.3939990997314 27.003999710083 26.9230003356934 27.8530006408691 25.8209991455078 25.4130001068115 23.8880004882812 21.8659992218018 21.0839996337891 18.8549995422363 17.3099994659424 17.0659999847412 19.181999206543 17.5300006866455 16.6520004272461 15.6350002288818 15.4329996109009 13.6639995574951 13.7799997329712 13.1669998168945 14.3450002670288 14.2119998931885 15.6350002288818 15.8439998626709 22.0739994049072 24.5919990539551 25.8799991607666 29.6909999847412 31.181999206543 31.9740009307861 34.2869987487793
23.4580001831055 22.5610008239746 20.6119995117188 16.9869995117188 14.4739999771118 16.0189990997314 17.7800006866455 16.6299991607666 14.1700000762939 14.0369997024536 14.5019998550415 15.4420003890991 20.5279998779297 22.242000579834 20.4150009155273 21.2810001373291 24.6830005645752 25.8150005340576 25.8330001831055 25.9969997406006 25.8610000610352 24.3980007171631 21.8279991149902 20.9990005493164 20.382999420166 18.4169998168945 17.9629993438721 15.9429998397827 14.1330003738403 14.1840000152588 13.7569999694824 12.2930002212524 11.5019998550415 13.0369997024536 14.0019998550415 14.8479995727539 15.0939998626709 15.8439998626709 15.83899974823 18.951000213623 21.8819999694824 22.7630004882812 29.7709999084473 31.8369998931885 33.2350006103516 34.8450012207031
22.9850006103516 21.9599990844727 20.5319995880127 18.6490001678467 14.7150001525879 15.1450004577637 14.9499998092651 13.5640001296997 11.8649997711182 13.2080001831055 13.8090000152588 12.5729999542236 13.4899997711182 17.9930000305176 20.5370006561279 21.6580009460449 23.5230007171631 24.7880001068115 25.8880004882812 26.6889991760254 26.4699993133545 25.4260005950928 24.0139999389648 25.05299949646 23.6459999084473 23.5209999084473 18.0830001831055 12.2580003738403 11.3800001144409 9.84799957275391 9.32100009918213 7.98799991607666 11.6579999923706 12.923999786377 14.1590003967285 15.6890001296997 15.7119998931885 15.8100004196167 15.5609998703003 15.6420001983643 17.0459995269775 21.4160003662109 29.3090000152588 31.363000869751 33.5779991149902 35.1839981079102
21.4349994659424 19.867000579834 19.5370006561279 17.3899993896484 14.6499996185303 13.8290004730225 13.4169998168945 7.52299976348877 7.16800022125244 10.6730003356934 10.9429998397827 7.72599983215332 8.32999992370605 13.0909996032715 18.7880001068115 22.1270008087158 22.7999992370605 24.9780006408691 27.3659992218018 28.1979999542236 27.8770008087158 27.4610004425049 26.7409992218018 26.7150001525879 25.8700008392334 24.75 20.9449996948242 16.2089996337891 15.3559999465942 9.70600032806396 6.94899988174438 10.1709995269775 14.9020004272461 17.6469993591309 16.9519996643066 17.9050006866455 17.5459995269775 15.7760000228882 15.423999786377 15.9370002746582 16.4309997558594 19.9529991149902 28.011999130249 30.5860004425049 33.6040000915527 35.1549987792969
20.6149997711182 18.6909999847412 18.5499992370605 16.0820007324219 12.4069995880127 6.58099985122681 7.68800020217896 5.0789999961853 5.12900018692017 8.61100006103516 8.13500022888184 4.44999980926514 3.84899997711182 6.7039999961853 13.4870004653931 20.7059993743896 22.9950008392334 25.8759994506836 27.4769992828369 29.0429992675781 29.8080005645752 29.7450008392334 29.1650009155273 27.7900009155273 27.2859992980957 25.6389999389648 22.5410003662109 20.3290004730225 16.8700008392334 12.5979995727539 9.74400043487549 15.7110004425049 20.2800006866455 20.2819995880127 19.2280006408691 18.9179992675781 17.6709995269775 16.0520000457764 15.9440002441406 16.4249992370605 17.1690006256104 20.92799949646 24.9190006256104 28.9449996948242 32.4739990234375 34.5699996948242
19.798999786377 17.4029998779297 15.2919998168945 12.6529998779297 11.3819999694824 7.62799978256226 4.46299982070923 4.78900003433228 5.13700008392334 5.23000001907349 5.90199995040894 4.05700016021729 3.60899996757507 6.9689998626709 13.7399997711182 19.7819995880127 24.0380001068115 26.8600006103516 28.7520008087158 29.6760005950928 30.4899997711182 30.8500003814697 30.2660007476807 28.8309993743896 27.5380001068115 26.2409992218018 24.5669994354248 20.3920001983643 19.8470001220703 18.423999786377 13.0240001678467 20.9549999237061 21.3010005950928 20.4179992675781 19.9720001220703 19.19700050354 18.30299949646 18.1639995574951 18.4589996337891 17.3969993591309 20.2040004730225 23.8649997711182 24.19700050354 27.0849990844727 31.3040008544922 33.5089988708496
16.2450008392334 13.3000001907349 9.70600032806396 8.4350004196167 7.85599994659424 7.26700019836426 3.51399993896484 3.75399994850159 4.27699995040894 5.47599983215332 5.40999984741211 5.03900003433228 7.52299976348877 14.3570003509521 17.9549999237061 20.7229995727539 25.6149997711182 28.1650009155273 29.3439998626709 30.5020008087158 30.9340000152588 31.503999710083 30.7880001068115 29.3239994049072 28.3150005340576 26.9230003356934 23.806999206543 21.6459999084473 21.1590003967285 21.6660003662109 24.0599994659424 24.6509990692139 23.5709991455078 22.0540008544922 23.1119995117188 23.5389995574951 22.6280002593994 21.8059997558594 20.2819995880127 20.9330005645752 23.7509994506836 24.3610000610352 26.1840000152588 27.6200008392334 30.2390003204346 32.6679992675781
7.83400011062622 6.09299993515015 4.50500011444092 4.4210000038147 3.64100003242493 2.98600006103516 2.40599989891052 2.78299999237061 3.0550000667572 6.19000005722046 6.01599979400635 5.47399997711182 6.7649998664856 13.8120002746582 17.511999130249 20.4559993743896 24.5 27.6079998016357 29.4419994354248 30.4969997406006 31.1909999847412 31.3449993133545 30.7089996337891 29.3770008087158 28.1450004577637 25.9820003509521 22.7360000610352 22.0310001373291 22.0060005187988 21.8299999237061 24.8020000457764 26.4260005950928 25.3390007019043 25.0020008087158 25.8939990997314 25.0319995880127 25.742000579834 25.2310009002686 22.3239994049072 21.8810005187988 23.2290000915527 25.6730003356934 27.5659999847412 27.8320007324219 30.9810009002686 31.4090003967285
4.79300022125244 4.73699998855591 12.8509998321533 18.9759998321533 18.011999130249 13.5620002746582 6.16900014877319 2.41300010681152 2.58800005912781 4.52199983596802 4.79400014877319 4.88899993896484 8.89299964904785 16.2590007781982 19.6879997253418 22.4629993438721 24.7059993743896 26.4909992218018 28.9379997253418 29.7870006561279 29.6830005645752 30.4549999237061 28.7770004272461 27.0709991455078 26.7350006103516 25.9659996032715 22.1830005645752 22.2840003967285 24.7399997711182 25.1000003814697 27.7530002593994 27.9720001220703 26.0900001525879 26.1790008544922 28.3199996948242 25.9909992218018 26.4720001220703 26.2900009155273 24.6630001068115 23.5459995269775 24.1569995880127 26.4899997711182 26.4459991455078 28.6900005340576 30.4720001220703 31.0370006561279
12.0089998245239 14.0970001220703 24.9680004119873 26.9710006713867 23.7679996490479 21.5139999389648 19.2590007781982 4.99300003051758 2.68400001525879 6.1710000038147 9.95199966430664 11.4429998397827 14.0480003356934 20.3279991149902 21.2180004119873 22.4109992980957 23.875 24.9290008544922 27.4220008850098 28.0370006561279 27.6539993286133 28.7749996185303 27.9069995880127 27.007999420166 26.2770004272461 25.7770004272461 24.4479999542236 24.6420001983643 26.0130004882812 27.0690002441406 29.2430000305176 30.0610008239746 29.1679992675781 29.4270000457764 29.8519992828369 28.1340007781982 28.1599998474121 26.9060001373291 25.7849998474121 25.6679992675781 25.9050006866455 26.826000213623 28.0970001220703 28.7369995117188 29.9860000610352 31.8799991607666
23.75 24.3819999694824 27.0259990692139 28.3810005187988 28.6650009155273 27.8110008239746 27.3449993133545 18.132999420166 10.78600025177 10.1020002365112 15.5710000991821 17.0990009307861 19.6919994354248 22.4599990844727 24.0540008544922 26.1879997253418 25.6100006103516 25.3169994354248 24.8969993591309 25.8659992218018 27.125 27.5550003051758 27.8369998931885 26.92799949646 26.4389991760254 26.1280002593994 25.3239994049072 24.5200004577637 25.5580005645752 27.5160007476807 29.3619995117188 30.2830009460449 30.7360000610352 31.75 30.4969997406006 29.5230007171631 30.0960006713867 26.5090007781982 22.1590003967285 25.6569995880127 25.8159999847412 26.8589992523193 27.4540004730225 28.0620002746582 30.386999130249 32.125
24.7199993133545 24.6270008087158 27.0389995574951 29.2070007324219 30.1439990997314 30.1159992218018 29.1140003204346 27.7840003967285 26.5750007629395 23.5049991607666 21.0869998931885 22.3530006408691 24.0240001678467 24.6180000305176 25.5400009155273 27.1639995574951 27.3369998931885 26.2530002593994 25.1159992218018 25.6009998321533 26.113000869751 26.8229999542236 27.6100006103516 27.9449996948242 27.3269996643066 26.6180000305176 25.9309997558594 24.5520000457764 24.9839992523193 27.8059997558594 29.6889991760254 30.7749996185303 30.7670001983643 32.007999420166 32.8310012817383 32.6889991760254 31.7350006103516 28.7280006408691 24.4379997253418 25.2740001678467 25.3120002746582 25.44700050354 26.67799949646 27.3780002593994 29.7689990997314 30.7919998168945
27.4599990844727 28.367000579834 30.4650001525879 31.42799949646 31.0939998626709 31.3290004730225 30.9190006256104 28.8819999694824 28.0690002441406 26.3810005187988 24.4360008239746 24.5750007629395 26.4549999237061 27.0990009307861 27.7709999084473 27.9080009460449 28.0149993896484 27.5960006713867 26.5030002593994 26.2180004119873 26.1909999847412 27.2560005187988 28.2269992828369 28.9270000457764 28.1079998016357 26.693000793457 25.4990005493164 24.8540000915527 25.6389999389648 28.8600006103516 30.6119995117188 33.0029983520508 33.8409996032715 34.148998260498 34.576000213623 33.8880004882812 31.632999420166 29.8050003051758 26.3759994506836 25.9930000305176 25.9549999237061 25.5839996337891 25.5520000457764 26.5209999084473 27.4740009307861 28.9680004119873
30.1439990997314 31.4930000305176 31.5020008087158 32.7830009460449 32.9010009765625 32.4360008239746 31.8719997406006 30.4969997406006 29.181999206543 27.9370002746582 24.4440002441406 25.6100006103516 26.8589992523193 28.3519992828369 28.863000869751 29.1620006561279 28.9769992828369 27.3059997558594 27.6490001678467 27.7220001220703 27.6040000915527 28.1189994812012 28.9669990539551 29.382999420166 28.1650009155273 27.6870002746582 25.8080005645752 26.5109996795654 27.5699996948242 28.7840003967285 30.8740005493164 32.6310005187988 34.0870018005371 35.5719985961914 35.2669982910156 34.4910011291504 32.0379981994629 28.8020000457764 28.068000793457 27.6709995269775 27.4790000915527 26.7110004425049 25.3850002288818 25.8139991760254 25.2159996032715 26.4020004272461
32.3889999389648 31.9890003204346 31.8589992523193 33.1150016784668 33.5069999694824 33.6129989624023 32.757999420166 31.253999710083 30.1959991455078 30.0270004272461 24.2029991149902 25.5709991455078 27.1240005493164 29.0209999084473 29.8419990539551 30.2059993743896 29.568000793457 28.8729991912842 28.1410007476807 28.5699996948242 28.5270004272461 27.9360008239746 28.7290000915527 28.9689998626709 27.6720008850098 27.4200000762939 25.8719997406006 26.4950008392334 26.9009990692139 27.80299949646 29.6459999084473 31.3320007324219 32.5330009460449 33.8190002441406 35.2039985656738 34.6969985961914 33.7019996643066 31.3990001678467 29.443000793457 28.5620002746582 28.1049995422363 28.0659999847412 27.3139991760254 26.9459991455078 24.3040008544922 24.746000289917
33.0779991149902 32.9010009765625 34.1259994506836 34.2150001525879 34.2369995117188 33.9210014343262 32.9140014648438 32.0289993286133 31.2639999389648 30.6840000152588 29.5510005950928 27.8439998626709 28.2290000915527 29.261999130249 29.4769992828369 30.4549999237061 29.6229991912842 28.92799949646 28.4209995269775 28.6770000457764 29.0149993896484 28.4650001525879 28.0240001678467 28.0699996948242 27.326000213623 26.3810005187988 25.3969993591309 25.69700050354 27.2399997711182 27.9120006561279 29.3910007476807 30.5919990539551 31.9009990692139 32.8289985656738 33.2960014343262 33.1559982299805 32.4650001525879 30.8689994812012 30.4619998931885 30.1219997406006 30.3640003204346 29.5179996490479 28.3680000305176 27.5200004577637 26.8390007019043 25.7439994812012
33.2980003356934 34.1360015869141 35.0250015258789 35.859001159668 35.3040008544922 34.2060012817383 33.0110015869141 33.0900001525879 31.5839996337891 29.7749996185303 28.4069995880127 27.2679996490479 28.0380001068115 29.4009990692139 30.5259990692139 31.2000007629395 30.4169998168945 29.2679996490479 28.9139995574951 28.1200008392334 28.6240005493164 27.8549995422363 27.25 26.4529991149902 26.4519996643066 26.1800003051758 25.5949993133545 25.6550006866455 26.0310001373291 27.6989994049072 29.4759998321533 30.0639991760254 31.3659992218018 32.0810012817383 31.8579998016357 30.3010005950928 29.6709995269775 29.9689998626709 30.8950004577637 31.1149997711182 30.6539993286133 30.2409992218018 29 27.7950000762939 26.7870006561279 25.5629997253418
32.9189987182617 34.6800003051758 35.556999206543 36.4599990844727 36.4059982299805 35.2960014343262 33.9199981689453 32.7369995117188 31.6889991760254 30.3619995117188 28.5839996337891 27.568000793457 26.8990001678467 28.5550003051758 29.9750003814697 30.613000869751 30.3910007476807 29.1900005340576 28.121000289917 27.0790004730225 27.1599998474121 26.4039993286133 26.6889991760254 26.4559993743896 25.2169990539551 25.4899997711182 25.2339992523193 24.5259990692139 25.988000869751 26.9899997711182 27.5179996490479 28.4599990844727 29.7910003662109 30.818000793457 30.2639999389648 28.625 29.1070003509521 30.5100002288818 31.3740005493164 31.5690002441406 31.4009990692139 30.6439990997314 29.363000869751 28.6310005187988 27.7730007171631 25.5470008850098
32.5229988098145 34.3390007019043 34.8429985046387 36.1119995117188 35.8650016784668 34.8450012207031 33.9210014343262 32.2140007019043 32.4809989929199 30.326000213623 28.8530006408691 28.257999420166 27.0310001373291 27.9729995727539 29.1299991607666 29.5960006713867 28.806999206543 28.5820007324219 28.3059997558594 26.1499996185303 25.8889999389648 26.2099990844727 26.3150005340576 25.0499992370605 25.0729999542236 24.8409996032715 24.6720008850098 24.7859992980957 25.5629997253418 26.0559997558594 26.0429992675781 27.4939994812012 29.6609992980957 30.0690002441406 30.3010005950928 29.3889999389648 29.1259994506836 30.6380004882812 31.7350006103516 32.7099990844727 32.4630012512207 31.0849990844727 29.8600006103516 29.3950004577637 28.5849990844727 25.7310009002686
32.2630004882812 34.2799987792969 34.9679985046387 34.9659996032715 34.3479995727539 34.1020011901855 33.4599990844727 32.0209999084473 31.7530002593994 30.173999786377 28.7299995422363 28.2600002288818 26.9689998626709 27.5599994659424 27.9340000152588 28.3780002593994 27.2369995117188 27.3999996185303 28.05299949646 27.9209995269775 25.80299949646 26.0459995269775 25.2919998168945 23.6439990997314 24.3349990844727 24.5100002288818 24.496000289917 24.8409996032715 25.4069995880127 25.55299949646 24.9990005493164 25.3549995422363 27.4440002441406 28.1770000457764 27.8490009307861 28.5960006713867 28.7169990539551 31.0209999084473 31.6490001678467 32.2330017089844 31.9330005645752 31.1159992218018 30.2290000915527 29.3449993133545 26.1529998779297 24.1760005950928
