02_asc_chm-r50m/HS220I.asc
NCOLS 201 
NROWS 201 
XLLCORNER 571864 
YLLCORNER 5219043 
CELLSIZE 0.5 
NODATA_value -3.4e+38 
[rows 80 to 99 of 201, columns 0 to 45 of 201]
-3.4e+38 -3.4e+38 -3.4e+38 21.6480007171631 22.1299991607666 22.9979991912842 23.8379993438721 27.2390003204346 27.7509994506836 24.7250003814697 20.4489994049072 19.7110004425049 19.4750003814697 18.8810005187988 18.798999786377 23.632999420166 26.19700050354 26.1590003967285 27.3339996337891 29.5890007019043 29.738000869751 31.5189990997314 30.617000579834 30.2810001373291 34.3899993896484 33.3930015563965 32.4199981689453 31.4109992980957 30.2229995727539 28.3959999084473 28.7409992218018 26.867000579834 25.2810001373291 28.5659999847412 22.7169990539551 17.6149997711182 15.0909996032715 13.2080001831055 12.1059999465942 13.0719995498657 13.5139999389648 14.1920003890991 15.0310001373291 15.5939998626709 15.6149997711182 14.9969997406006
-3.4e+38 -3.4e+38 -3.4e+38 22.246000289917 23.2199993133545 25.7450008392334 33.0060005187988 41.8660011291504 35.3250007629395 23.1009998321533 17.318000793457 17.0839996337891 19.0240001678467 19.693000793457 19.9559993743896 22.5590000152588 24.3199996948242 24.3719997406006 25.9479999542236 26.9839992523193 29.7569999694824 32.351001739502 33.048999786377 32.8580017089844 36.601001739502 37.3810005187988 37.2669982910156 35.2050018310547 32.734001159668 31.5419998168945 31.2469997406006 29.9729995727539 31.5559997558594 31.7600002288818 25.2639999389648 16.5359992980957 14.91100025177 14.4930000305176 12.1639995574951 12.3009996414185 13.9720001220703 14.7480001449585 15.5830001831055 15.8879995346069 15.7980003356934 15.2709999084473
-3.4e+38 -3.4e+38 -3.4e+38 23.5869998931885 24.2140007019043 25.5839996337891 34.875 47.3639984130859 41.4860000610352 19.2849998474121 17.4360008239746 17.4930000305176 19.1979999542236 20.253999710083 20.7150001525879 21.5520000457764 22.8409996032715 23.6849994659424 25.326000213623 30.0520000457764 32.7379989624023 33.3129997253418 35.3650016784668 37.2159996032715 39.3300018310547 41.1959991455078 41.7400016784668 39.6020011901855 35.7400016784668 33.4830017089844 32.5550003051758 31.5100002288818 32.7630004882812 32.6049995422363 31.673999786377 28.886999130249 28.5049991607666 22.7369995117188 11.9359998703003 11.4580001831055 13.7980003356934 14.4250001907349 15.2480001449585 15.5509996414185 15.628999710083 15.0170001983643
-3.4e+38 -3.4e+38 -3.4e+38 25.3479995727539 30.2059993743896 26.6749992370605 25.863000869751 39.8019981384277 32.2960014343262 21.9419994354248 19.7280006408691 19.0259990692139 18.9349994659424 20.1469993591309 21.173999786377 21.6620006561279 22.5300006866455 22.7129993438721 24.5020008087158 30.5240001678467 33.4529991149902 35.5800018310547 39.1049995422363 40.2400016784668 40.5219993591309 41.9690017700195 42.2019996643066 41.8979988098145 40.576000213623 39.673999786377 38.9990005493164 34.6720008850098 33.2809982299805 32.8610000610352 31.0440006256104 29.9599990844727 28.9969997406006 28.132999420166 12.1230001449585 12.2340002059937 13.2180004119873 14.1669998168945 15.0769996643066 15.1149997711182 15.1800003051758 14.8680000305176
-3.4e+38 -3.4e+38 -3.4e+38 28.7929992675781 32.015998840332 29.6270008087158 28.7469997406006 28.7310009002686 27.5550003051758 21.3780002593994 20.871000289917 20.1060009002686 19.4780006408691 19.4290008544922 20.5939998626709 21.6079998016357 22.3339996337891 25.2689990997314 25.9200000762939 28.0499992370605 31.4340000152588 39.1650009155273 41.4900016784668 41.5830001831055 41.9850006103516 41.7589988708496 42.273998260498 42.5349998474121 42.8019981384277 41.5009994506836 39.423999786377 37.3089981079102 37.3940010070801 34.1360015869141 29.6350002288818 28.9090003967285 28.992000579834 27.7569999694824 22.9939994812012 15.5 13.4329996109009 15.0059995651245 15.46399974823 15.0729999542236 15.1780004501343 15.5909996032715
-3.4e+38 -3.4e+38 -3.4e+38 31.9020004272461 32.2869987487793 32.298999786377 31.2399997711182 30.2259998321533 27.818000793457 21.8999996185303 20.6340007781982 21.4190006256104 21.3579998016357 19.2910003662109 20.3390007019043 21.1319999694824 21.6979999542236 24.4500007629395 27.1480007171631 31.9370002746582 35.0550003051758 40.1419982910156 42.2830009460449 42.6839981079102 42.9819984436035 42.9339981079102 43.7389984130859 43.7029991149902 43.7490005493164 41.673999786377 40.9000015258789 40.6669998168945 39.306999206543 36.0730018615723 31.4529991149902 29.2910003662109 29.1299991607666 22.5990009307861 10.293999671936 13.1520004272461 15.6800003051758 16.878999710083 17.0440006256104 17.117000579834 17.7350006103516 16.8010005950928
-3.4e+38 -3.4e+38 31.3490009307861 32.8810005187988 32.9199981689453 32.5769996643066 32.7649993896484 31.7000007629395 27.5219993591309 22.0559997558594 22.0839996337891 24.863000869751 25.3519992828369 22.5839996337891 20.5970001220703 21.371000289917 21.5709991455078 21.7310009002686 27.6280002593994 34.7859992980957 36.326000213623 39.3720016479492 42.6230010986328 43.3230018615723 43.4300003051758 44.1479988098145 44.7569999694824 44.3230018615723 43.4630012512207 42.7099990844727 41.568000793457 41.298999786377 39.689998626709 35.5890007019043 32.2140007019043 30.9799995422363 27.8519992828369 24.3649997711182 14.2469997406006 17.617000579834 17.1800003051758 17.8360004425049 19.0219993591309 19.0319995880127 18.7509994506836 17.738000869751
-3.4e+38 -3.4e+38 32.9570007324219 33.6479988098145 33.9199981689453 33.9150009155273 33.9599990844727 31.6830005645752 31.746000289917 29.2759990692139 27.9669990539551 27.5310001373291 26.5440006256104 25.2740001678467 24.632999420166 26.4109992980957 27.3279991149902 20.6350002288818 28.0429992675781 34.9729995727539 36.2519989013672 38.8339996337891 42.3849983215332 43.3720016479492 44.1749992370605 45.3120002746582 45.314998626709 45.056999206543 43.5250015258789 42.6669998168945 41.023998260498 41.318000793457 39.423999786377 36.2529983520508 32.75 32.0449981689453 30.9570007324219 26.0750007629395 23.57200050354 21.6310005187988 18.0100002288818 18.3090000152588 19.132999420166 19.3470001220703 19.0389995574951 18.4629993438721
-3.4e+38 -3.4e+38 33.6479988098145 34.1450004577637 34.3709983825684 34.2869987487793 33.5040016174316 32.314998626709 32.476001739502 32.5400009155273 30.92799949646 28.2150001525879 27.2259998321533 26.4860000610352 26.6599998474121 28.6200008392334 30.2049999237061 28.0340003967285 31.2830009460449 31.7450008392334 33.9160003662109 38.3440017700195 41.9210014343262 44.023998260498 44.875 45.9410018920898 46.4020004272461 45.4220008850098 44.2610015869141 43.6980018615723 41.2910003662109 41.8689994812012 37.6440010070801 35.7459983825684 31.6979999542236 31.2299995422363 29.7290000915527 26.0009994506836 25.69700050354 24.2040004730225 19.3719997406006 18.4750003814697 19.261999130249 19.5540008544922 18.9349994659424 18.4680004119873
-3.4e+38 -3.4e+38 33.7820014953613 34.2620010375977 34.314998626709 33.6940002441406 32.6529998779297 32.4440002441406 32.8300018310547 34.8779983520508 37.8940010070801 38.2529983520508 30.0939998626709 27.173999786377 28.5149993896484 32.8250007629395 33.9570007324219 31.4179992675781 29.9979991912842 30.3330001831055 34.890998840332 39.2879981994629 41.3680000305176 43.2859992980957 44.3269996643066 45.5180015563965 45.7639999389648 45.1300010681152 44.1479988098145 43.7389984130859 42.4420013427734 42.0960006713867 36.9490013122559 33.8030014038086 29.9419994354248 29.4549999237061 29.1580009460449 26.5809993743896 23.8889999389648 15.503999710083 16.0879993438721 18.4130001068115 18.6650009155273 18.9650001525879 18.8309993743896 19.44700050354
-3.4e+38 -3.4e+38 33.2980003356934 33.6749992370605 33.5690002441406 33.4669990539551 33.3089981079102 33.060001373291 33.0429992675781 38.015998840332 41.5470008850098 40.2309989929199 35.0989990234375 34.0099983215332 32.8390007019043 35.8199996948242 34.2239990234375 29.8020000457764 31.5659999847412 32.2400016784668 36.560001373291 39.818000793457 40.7449989318848 42.7019996643066 43.4539985656738 44.734001159668 44.2569999694824 44.2859992980957 43.6839981079102 43.2820014953613 42.6829986572266 39.6669998168945 36.2379989624023 30.9549999237061 29.5349998474121 29.1280002593994 28.9080009460449 27.7719993591309 25.386999130249 15.6820001602173 13.6309995651245 17.4769992828369 17.3239994049072 17.4810009002686 18.7150001525879 19.6240005493164
-3.4e+38 -3.4e+38 33.1619987487793 32.4900016784668 32.8870010375977 34.2649993896484 34.757999420166 34.5559997558594 34.8460006713867 41.9269981384277 42.2830009460449 40.6269989013672 40.6549987792969 39.8800010681152 39.4650001525879 39.4650001525879 33.882999420166 29.556999206543 31.4150009155273 32.806999206543 36.2229995727539 39.0120010375977 40.8709983825684 42.2449989318848 42.810001373291 43.0960006713867 43.5139999389648 43.4370002746582 42.9620018005371 43.2099990844727 41.3499984741211 38.7249984741211 35.2809982299805 34.1570014953613 29.7880001068115 29.3439998626709 29.0209999084473 27.548999786377 23.2490005493164 16.9750003814697 13.5270004272461 15.4689998626709 15.7440004348755 17.6889991760254 19.4610004425049 21.193000793457
-3.4e+38 -3.4e+38 33.1080017089844 32.4539985656738 32.5740013122559 34.5960006713867 37.7929992675781 38.2200012207031 37.7919998168945 41.7820014953613 42.7060012817383 42.3470001220703 43.2140007019043 42.7309989929199 42.3190002441406 42.3849983215332 34.1380004882812 29.3120002746582 27.632999420166 31.7940006256104 33.4389991760254 37.1259994506836 39.4269981384277 40.6879997253418 42.193000793457 42.0750007629395 41.9739990234375 42.6310005187988 41.8699989318848 40.9480018615723 39.1310005187988 37.4379997253418 34.8009986877441 32.3680000305176 30.2549991607666 28.7469997406006 27.8490009307861 25.7469997406006 15.1879997253418 11.668999671936 12.5340003967285 12.835000038147 14.0679998397827 17.2770004272461 20.2530002593994 21.6709995269775
-3.4e+38 31.8400001525879 33.007999420166 31.9860000610352 33.1679992675781 33.8030014038086 38.9599990844727 40.726001739502 41.9490013122559 43.0190010070801 44.1459999084473 44.8349990844727 44.5870018005371 43.2099990844727 42.6180000305176 41.3489990234375 37.523998260498 34.3540000915527 28.3229999542236 30.8560009002686 30.1529998779297 32.9090003967285 35.5480003356934 37.5279998779297 40.3419990539551 41.3370018005371 40.6860008239746 40.3009986877441 40.3339996337891 39.8390007019043 38.7400016784668 36.2239990234375 32.484001159668 32.1080017089844 30.2929992675781 24.1049995422363 20.8549995422363 20.9029998779297 10.7600002288818 2.54500007629395 4.79500007629395 11.8179998397827 12.7950000762939 17.6459999084473 19.7430000305176 21.2000007629395
-3.4e+38 32.6160011291504 31.8799991607666 31.0709991455078 30.2929992675781 30.8449993133545 40.6889991760254 41.1380004882812 43.6800003051758 44.8269996643066 45.4469985961914 45.6020011901855 45.0279998779297 44.0789985656738 43.185001373291 42.3120002746582 40.451000213623 36.3950004577637 30.6509990692139 25.7660007476807 25.128999710083 30.0930004119873 34.7540016174316 37.5960006713867 38.7379989624023 39.0719985961914 39.4220008850098 39.1809997558594 38.8440017700195 38.5270004272461 37.939998626709 34.4179992675781 30.1389999389648 26.181999206543 20.4200000762939 13.4569997787476 13.831000328064 14.3090000152588 10.7749996185303 10.7910003662109 10.2629995346069 14.6280002593994 15.4079999923706 15.6669998168945 19.3470001220703 20.8959999084473
-3.4e+38 32.3839988708496 31.1709995269775 30.2560005187988 30.0739994049072 31.4130001068115 38.8650016784668 41.2649993896484 43.8250007629395 45.3359985351562 46.484001159668 46.5559997558594 46.0099983215332 44.9379997253418 43.7109985351562 42.859001159668 41.1769981384277 37.0960006713867 28.511999130249 25.0520000457764 25.0049991607666 26.0900001525879 31.1909999847412 33.0509986877441 31.3299999237061 33.1949996948242 34.4620018005371 36.3860015869141 37.1580009460449 36.3250007629395 34.9630012512207 26.9669990539551 24.5209999084473 18.9669990539551 18.1989994049072 13.0620002746582 11.6269998550415 12.16100025177 12.9429998397827 13.5229997634888 13.7609996795654 14.3030004501343 15.5150003433228 16.2530002593994 19.0240001678467 20.1609992980957
-3.4e+38 30.9419994354248 30.3479995727539 29.2700004577637 31.0209999084473 36.673999786377 40.1080017089844 42.2000007629395 43.5880012512207 44.8800010681152 46.3650016784668 46.9690017700195 45.8639984130859 45.7029991149902 43.3800010681152 42.6529998779297 40.0620002746582 38.6749992370605 26.6240005493164 25.4640007019043 24.9750003814697 23.9150009155273 23.9459991455078 24.4449996948242 24.2390003204346 28.0380001068115 30.621000289917 32.4850006103516 32.9410018920898 29.9349994659424 29.0090007781982 30.8530006408691 20.1480007171631 17.3500003814697 17.7870006561279 16.3880004882812 13.0200004577637 16.0450000762939 14.2620000839233 14.3079996109009 15.2130002975464 16.0100002288818 17.423999786377 18.1420001983643 19.6030006408691 19.5380001068115
-3.4e+38 29.0750007629395 27.8810005187988 26.6089992523193 31.5219993591309 38.306999206543 40.1059989929199 41.9580001831055 43.5530014038086 44.5830001831055 45.5060005187988 45.5629997253418 45.6269989013672 45.076000213623 42.7350006103516 42 39.4720001220703 34.6279983520508 27.7840003967285 26.3419990539551 24.6319999694824 20.1700000762939 20.8309993743896 21.6979999542236 20.3120002746582 26.4230003356934 28.9300003051758 25.9710006713867 26.2900009155273 24.8840007781982 23.0440006256104 20.4780006408691 17.7679996490479 17.7900009155273 18.1359996795654 18.6700000762939 18.57200050354 17.7560005187988 16.1580009460449 17.2240009307861 18.4860000610352 19.4930000305176 19.7520008087158 19.3010005950928 18.8080005645752 18.4559993743896
-3.4e+38 25.1849994659424 26.5060005187988 23.94700050354 29.5930004119873 31.5090007781982 36.6650009155273 41.0130004882812 42.4230003356934 43.9739990234375 44.7669982910156 44.6539993286133 44.7599983215332 44.3160018920898 42.625 42.1959991455078 37.2360000610352 34.2560005187988 27.9260005950928 27.3330001831055 25.5970001220703 17.80299949646 16.443000793457 19.2110004425049 16.7259998321533 23.0650005340576 25.4230003356934 21.4160003662109 22.6760005950928 22.5200004577637 21.0510005950928 17.6749992370605 16.2910003662109 17.2889995574951 18.9740009307861 19.8969993591309 20.1520004272461 18.5979995727539 17.8889999389648 18.1940002441406 19.7719993591309 20.3700008392334 20.636999130249 19.3929996490479 17.9799995422363 17.8880004882812
-3.4e+38 25.5090007781982 25.6749992370605 25.1720008850098 22.5820007324219 23.7509994506836 33.5880012512207 40.4630012512207 41.6860008239746 42.2960014343262 42.9080009460449 43.5340003967285 43.3619995117188 42.3730010986328 42.3839988708496 38.6100006103516 33.1769981384277 32.5449981689453 24.1860008239746 23.2859992980957 22.6280002593994 13.4630002975464 9.63700008392334 14.1309995651245 16.6070003509521 17.30299949646 19.3400001525879 21.181999206543 22.3649997711182 22.3770008087158 21.2360000610352 18.3570003509521 17.6630001068115 17.7159996032715 19.8880004882812 21.4839992523193 22 22.0750007629395 20.8269996643066 20.9930000305176 21.1319999694824 21.5849990844727 21.6299991607666 20.2999992370605 18.0060005187988 19.2450008392334
