02_asc_chm-r50m/HS222G.asc
NCOLS 200 
NROWS 200 
XLLCORNER 570540 
YLLCORNER 5220568 
CELLSIZE 0.5 
NODATA_value -3.4e+38 
[rows 20 to 39 of 200, columns 46 to 91 of 200]
13.423999786377 12.7119998931885 12.0209999084473 11.9940004348755 11.9919996261597 11.9720001220703 10.9940004348755 9.63700008392334 8.10700035095215 5.38700008392334 4.40700006484985 4.58599996566772 10.8610000610352 13.9390001296997 17.0100002288818 20.1720008850098 21.1809997558594 21.6760005950928 24.431999206543 24.6539993286133 25.2719993591309 25.5310001373291 25.548999786377 25.5580005645752 25.2759990692139 24.2649993896484 23.0690002441406 22.4160003662109 19.2390003204346 17.2689990997314 17.4200000762939 17.6040000915527 17.1860008239746 17.0890007019043 16.8910007476807 18.4640007019043 18.7929992675781 18.2689990997314 18.1989994049072 19.3959999084473 19.1989994049072 18.8050003051758 18.7889995574951 18.0440006256104 19.2129993438721 29.1499996185303
11.1789999008179 10.8669996261597 11.28600025177 11.1350002288818 11.1569995880127 10.9440002441406 8.13000011444092 7.56300020217896 6.42199993133545 4.99200010299683 4.33099985122681 10.1359996795654 16.4109992980957 19.2889995574951 19.4360008239746 18.1040000915527 18.7600002288818 17.6229991912842 21.2609996795654 23.3339996337891 23.5860004425049 24.5739994049072 24.7049999237061 23.2390003204346 22.9109992980957 22.5300006866455 22.0200004577637 19.7140007019043 15.1280002593994 15.8959999084473 16.7919998168945 16.92799949646 16.9080009460449 17.8490009307861 17.7220001220703 18.5270004272461 19.2320003509521 19.6420001983643 20.5270004272461 20.2749996185303 19.681999206543 20.2689990997314 20.576000213623 19.5049991607666 18.3899993896484 30.548999786377
10.5380001068115 11.1840000152588 11.8339996337891 11.1350002288818 10.0799999237061 9.05399990081787 12.1680002212524 12.3529996871948 10.9160003662109 7.25799989700317 13.2580003738403 21.0100002288818 20.9069995880127 20.7320003509521 20.6350002288818 19.6259994506836 17.7350006103516 18.0690002441406 19.8470001220703 20.2740001678467 22.0410003662109 23.6539993286133 22.8799991607666 21.0289993286133 13.0260000228882 19.3369998931885 18.6200008392334 15.8000001907349 14.0970001220703 14.6579999923706 15.5120000839233 15.5530004501343 15.6660003662109 17.382999420166 18.1340007781982 19.8889999389648 20.3540000915527 21.1609992980957 21.0499992370605 20.8339996337891 20.5179996490479 20.7299995422363 21.0960006713867 21.576000213623 22.4939994812012 26.9020004272461
10.5500001907349 11.2670001983643 11.9720001220703 12.048999786377 10.2159996032715 12.4270000457764 19.6830005645752 22.9020004272461 23.2889995574951 19.4909992218018 25.806999206543 24.8939990997314 24.7199993133545 23.2199993133545 21.1840000152588 18.8939990997314 18.4249992370605 18.6499996185303 18.5639991760254 18.2390003204346 19.0450000762939 19.826000213623 21.0699996948242 20.1420001983643 12.3830003738403 13.8599996566772 13.2919998168945 11.9079999923706 12.9720001220703 13.1269998550415 13.8570003509521 14.9720001220703 15.0909996032715 16.8680000305176 19.132999420166 20.9759998321533 21.1539993286133 21.0189990997314 21.0359992980957 20.9740009307861 20.6679992675781 20.7569999694824 20.8349990844727 21.3880004882812 22.7220001220703 25.8439998626709
10.9849996566772 10.7709999084473 11.5419998168945 12.1700000762939 15.1389999389648 16.738000869751 26.6539993286133 27.4769992828369 28.3470001220703 28.6700000762939 28.4160003662109 29.7399997711182 30.9360008239746 27.5499992370605 24.67799949646 23.5179996490479 23.9120006561279 22.9729995727539 20.5270004272461 18.1860008239746 17.6159992218018 14.46399974823 15.8579998016357 15.8079996109009 11.4390001296997 11.4849996566772 11.1940002441406 10.8819999694824 11.3579998016357 10.6280002593994 11.2220001220703 11.6049995422363 14.4989995956421 15.8889999389648 18.7450008392334 19.4790000915527 20.5009994506836 20.746000289917 20.9580001831055 21.1429996490479 20.8519992828369 20.7089996337891 20.6919994354248 21.117000579834 22.0389995574951 26.4109992980957
15.8369998931885 11.6040000915527 11.3400001525879 11.8690004348755 11.8739995956421 22.6840000152588 27.9839992523193 28.2740001678467 29.1219997406006 29.0890007019043 29.0380001068115 32.5909996032715 34.4780006408691 33.1730003356934 30.1450004577637 26.9449996948242 26.4370002746582 25.9349994659424 24.0669994354248 19.6189994812012 17.7660007476807 15.5710000991821 10.9020004272461 10.253999710083 11.4499998092651 11.5900001525879 11.6429996490479 9.97200012207031 9.53999996185303 8.06900024414062 6.50699996948242 4.07200002670288 13.0249996185303 15.7130002975464 16.5209999084473 19.8589992523193 21.2490005493164 21.3059997558594 21.3680000305176 21.3640003204346 21.2250003814697 20.8920001983643 20.8560009002686 20.7409992218018 21.693000793457 27.1100006103516
18.8840007781982 11.5690002441406 11.1520004272461 11.3950004577637 14.3690004348755 23.2959995269775 28.5 29.1879997253418 29.3139991760254 31.3969993591309 33.2869987487793 34.5200004577637 34.9080009460449 34.0519981384277 32.8390007019043 29.3059997558594 27.8490009307861 26.7709999084473 24.6800003051758 24.2350006103516 20.7959995269775 17.4869995117188 11.6780004501343 9.56700038909912 10.6219997406006 11.4980001449585 11.8500003814697 10.3529996871948 9.52200031280518 13.6370000839233 8.23799991607666 4.86800003051758 8.92399978637695 13.7790002822876 16.298999786377 19.931999206543 21.6420001983643 21.7430000305176 21.4519996643066 21.2740001678467 21.1989994049072 21.125 20.742000579834 20.7569999694824 25.1110000610352 28.5669994354248
25.5270004272461 22.6049995422363 20.9130001068115 15.4879999160767 25.1949996948242 30.6189994812012 32.435001373291 34.6380004882812 34.3800010681152 35.1290016174316 35.390998840332 36.125 35.8460006713867 34.3489990234375 33.685001373291 32.4790000915527 31.1569995880127 25.7350006103516 24.8920001983643 24.4939994812012 21.6429996490479 11.664999961853 11.1569995880127 9.61699962615967 10.375 14.8959999084473 14.753999710083 18.1509990692139 22.6070003509521 24.9750003814697 19.496000289917 11.2799997329712 5.98299980163574 12.2080001831055 16.5100002288818 18.996000289917 19.7660007476807 20.9109992980957 21.3980007171631 21.0510005950928 21.6119995117188 23.3460006713867 24.0160007476807 25.9069995880127 28.4370002746582 28.4740009307861
28.8040008544922 28.6219997406006 22.8229999542236 16.2180004119873 31.6849994659424 31.9629993438721 32.1450004577637 34.5330009460449 35.6300010681152 36.443000793457 36.8460006713867 36.8250007629395 36.4700012207031 35.6080017089844 35.2299995422363 34.5769996643066 32.5870018005371 27.0259990692139 25.0799999237061 24.5069999694824 21.2950000762939 11.28600025177 10.621000289917 12.923999786377 14.5790004730225 22.6860008239746 26.1089992523193 30.0149993896484 31.0930004119873 31.7310009002686 27.6089992523193 27.3850002288818 19.6669998168945 15.8039999008179 16.8349990844727 18.8320007324219 18.8139991760254 19.3680000305176 20.6350002288818 21.8689994812012 24.5459995269775 27.1879997253418 28.5 29.2339992523193 29.2299995422363 30.1219997406006
29.076000213623 27.7240009307861 24.8330001831055 28.2770004272461 31.5879993438721 31.8190002441406 31.8950004577637 34.2319984436035 36.0519981384277 36.8540000915527 37.1689987182617 37.2459983825684 36.6790008544922 36.3059997558594 36.2379989624023 35.4370002746582 34.226001739502 28.6100006103516 27.4349994659424 23.7940006256104 20.7019996643066 17.6299991607666 15.1879997253418 19.798999786377 19.7360000610352 25.1499996185303 29.7479991912842 32.2840003967285 32.2680015563965 32.0820007324219 31.8159999847412 31.4479999542236 25.9440002441406 18.8110008239746 17.6979999542236 18.0419998168945 18.5170001983643 19.2859992980957 20.0860004425049 22.0620002746582 27.0599994659424 29.9360008239746 29.7630004882812 30.6359996795654 31.8610000610352 31.2509994506836
31.0389995574951 28.3320007324219 25.8419990539551 27.8509998321533 30.2709999084473 31.4179992675781 34.6279983520508 36.5870018005371 37.0019989013672 37.5009994506836 37.8950004577637 37.9690017700195 37.5060005187988 36.867000579834 36.5499992370605 35.2459983825684 34.1889991760254 29.1200008392334 26.9270000457764 23.3190002441406 20.80299949646 19.128999710083 11.16100025177 24.1480007171631 24.7970008850098 25.7000007629395 31.193000793457 33.1110000610352 33.9300003051758 35.7820014953613 35.3279991149902 32.1650009155273 31.6030006408691 26.9379997253418 24.5820007324219 20.7689990997314 18.0429992675781 18.757999420166 19.6760005950928 25.2220001220703 28.6889991760254 31.1420001983643 31.5820007324219 33.6790008544922 34.4850006103516 33.8489990234375
34.8740005493164 32.2430000305176 28.1609992980957 25.5909996032715 29.6580009460449 31.9260005950928 35.6800003051758 36.632999420166 37.5880012512207 38.0639991760254 38.9160003662109 39.0830001831055 38.048999786377 37.3870010375977 36.8600006103516 35.9990005493164 34.8079986572266 32.3310012817383 26.7110004425049 23.1480007171631 22.4820003509521 20.6760005950928 24.7259998321533 26.3209991455078 29.3090000152588 31.4160003662109 33.443000793457 34.9259986877441 37.2799987792969 37.181999206543 37.0299987792969 34.7280006408691 33.8709983825684 33.0040016174316 29.4230003356934 26.1340007781982 20.4309997558594 19.0909996032715 21.1359996795654 27.4080009460449 28.5580005645752 30.9699993133545 34.4620018005371 35.4189987182617 36.148998260498 36.0979995727539
36.875 36.2610015869141 31.4489994049072 25.7670001983643 26.1660003662109 31.7689990997314 35.0989990234375 36.3160018920898 37.1259994506836 37.9039993286133 38.951000213623 39.2719993591309 38.4469985961914 37.3940010070801 36.9059982299805 36.0180015563965 34.4199981689453 31.8859996795654 25.3729991912842 24.5060005187988 21.9790000915527 20.5919990539551 24.6709995269775 25.871000289917 29.8780002593994 33.7569999694824 35.2700004577637 36.3919982910156 39.5789985656738 39.1790008544922 38.132999420166 36.9679985046387 36.3800010681152 34.5 33.3380012512207 30.4599990844727 19.7110004425049 16.621000289917 22.75 28.007999420166 29.7849998474121 32.5519981384277 35.6380004882812 35.7309989929199 36.9259986877441 36.898998260498
37.6370010375977 36.4770011901855 34.3720016479492 29.6040000915527 28.8439998626709 30.2880001068115 34.9539985656738 36.2070007324219 37.1430015563965 37.826000213623 38.2369995117188 38.5180015563965 37.9620018005371 36.9220008850098 36.4599990844727 35.7060012817383 34.048999786377 31.1650009155273 24.9780006408691 24.2880001068115 23.1840000152588 22.1860008239746 22.8400001525879 31.2639999389648 32.6430015563965 37.0740013122559 39.015998840332 39.4739990234375 39.8650016784668 40.3559989929199 39.5660018920898 38.5550003051758 36.5540008544922 34.0130004882812 33.0419998168945 26.8680000305176 12.5410003662109 9.53800010681152 23.5919990539551 29.0090007781982 31.4440002441406 34.1370010375977 36.5950012207031 38.306999206543 38.4259986877441 38.3279991149902
38.9469985961914 37.7980003356934 36.8530006408691 31.1040000915527 29.8239994049072 28.568000793457 34.2060012817383 36.1539993286133 36.689998626709 37.0769996643066 37.6720008850098 37.601001739502 37.3320007324219 36.2869987487793 35.7430000305176 35.0050010681152 33.9440002441406 32.576000213623 24.0799999237061 23.5729999542236 23.113000869751 17.6410007476807 22.0809993743896 31.7670001983643 35.4160003662109 38.2470016479492 40.2970008850098 40.4389991760254 40.6599998474121 40.8400001525879 40.6730003356934 39.5919990539551 37.625 34.0340003967285 33.1080017089844 30.0389995574951 9.76599979400635 12.5419998168945 27.5349998474121 29.1019992828369 32.015998840332 34.7809982299805 36.4189987182617 37.9160003662109 38.6940002441406 38.4609985351562
40.265998840332 39.3940010070801 38.0699996948242 35.0810012817383 31.5839996337891 32.7669982910156 34.4249992370605 35.8819999694824 36.109001159668 36.3279991149902 36.5639991760254 36.6860008239746 36.4210014343262 36.257999420166 35.3810005187988 34.6580009460449 29.7740001678467 28.4060001373291 22.5160007476807 22.0049991607666 20.5149993896484 17.367000579834 21.0510005950928 30.5259990692139 35.4119987487793 37.173999786377 39.7179985046387 40.8969993591309 41.564998626709 42.0349998474121 41.2210006713867 40.2779998779297 39.4000015258789 37.4259986877441 33.1829986572266 31.4529991149902 9.52000045776367 21.8299999237061 26.6439990997314 28.503999710083 33.1269989013672 35.2859992980957 36.2120018005371 37.273998260498 37.6599998474121 37.5320014953613
40.3370018005371 39.7099990844727 37.5480003356934 34.7309989929199 31.7700004577637 25.3209991455078 28.5470008850098 34.1660003662109 36.0050010681152 36.0979995727539 35.6790008544922 35.5820007324219 35.0789985656738 34.6559982299805 33.1829986572266 29.2719993591309 24.1000003814697 25.0599994659424 18.7700004577637 18.3740005493164 17.1790008544922 17.128999710083 20.7849998474121 29.5669994354248 34.8470001220703 35.7379989624023 39.2690010070801 41.1380004882812 42.0089988708496 42.3219985961914 41.1920013427734 40.6020011901855 39.7029991149902 36.9710006713867 32.298999786377 28.8470001220703 21.4489994049072 26.5270004272461 26.5820007324219 28.0669994354248 30.6860008239746 34.1030006408691 35.189998626709 36.0909996032715 35.9659996032715 36.2630004882812
39.7050018310547 38.5099983215332 36.7760009765625 35.3969993591309 25.7490005493164 13.1660003662109 16.0209999084473 21.621000289917 30.8279991149902 32.8380012512207 31.076000213623 27.4039993286133 26.8740005493164 27.5970001220703 26.3920001983643 21.6280002593994 21.4680004119873 19.3929996490479 17.5580005645752 17.2530002593994 17.173999786377 17.4099998474121 25.1630001068115 28.9720001220703 33.673999786377 36 39.6209983825684 40.5880012512207 40.9700012207031 41.2779998779297 40.7410011291504 40.2239990234375 37.3660011291504 34.431999206543 30.7070007324219 27.6410007476807 26.7430000305176 26.2369995117188 25.2000007629395 27.121000289917 29.8810005187988 32.1679992675781 34.117000579834 34.2900009155273 34.492000579834 34.9150009155273
39.1980018615723 38.1349983215332 36.4010009765625 33.3339996337891 25.7040004730225 15.875 11.4099998474121 2.96099996566772 11.8339996337891 24.5930004119873 24.6149997711182 20.1200008392334 19.1499996185303 19.5160007476807 19.1110000610352 18.7700004577637 18.0249996185303 15.2760000228882 13.4670000076294 13.3780002593994 14.8280000686646 17.4340000152588 24.6019992828369 33.2750015258789 34.242000579834 37.2970008850098 39.5880012512207 39.9490013122559 40.2410011291504 40.5180015563965 40.2400016784668 39.1160011291504 35.7639999389648 32.1749992370605 30.6609992980957 30.2679996490479 31.0380001068115 29.6790008544922 26.0699996948242 26.1030006408691 28.548999786377 30.7199993133545 33.2210006713867 32.8689994812012 32.8530006408691 33.390998840332
39.2709999084473 38.826000213623 37.3639984130859 31.9449996948242 23.318000793457 17.6000003814697 8.55000019073486 4.83099985122681 7.41800022125244 13.4910001754761 17.5799999237061 18.8530006408691 18.6280002593994 19.3090000152588 16.8059997558594 16.826000213623 14.6479997634888 11.6129999160767 8.57900047302246 5.42700004577637 4.41200017929077 11.7799997329712 21.6380004882812 28.4820003509521 24.943000793457 32.3300018310547 35.7949981689453 39.976001739502 40.1349983215332 40.1419982910156 39.935001373291 39.2760009765625 36.6339988708496 34.3300018310547 31.4559993743896 31.2730007171631 31.6919994354248 31.4969997406006 29.4769992828369 24.5709991455078 24.9829998016357 27.5009994506836 30.69700050354 30.6110000610352 30.1350002288818 31.3269996643066
