02_asc_chm-r50m/HS220C.asc
NCOLS 200 
NROWS 200 
XLLCORNER 570250 
YLLCORNER 5222121.5 
CELLSIZE 0.5 
NODATA_value -3.4e+38 
[rows 60 to 79 of 200, columns 92 to 137 of 200]
19.3610000610352 17.0610008239746 16.9290008544922 26.5540008544922 28.0200004577637 32.8899993896484 35.5410003662109 36.9790000915527 36.5589981079102 35.6679992675781 34.2080001831055 30.4549999237061 22.2210006713867 21.1229991912842 18.6280002593994 16.8680000305176 16.7910003662109 18.7689990997314 21.9799995422363 24.625 25.9340000152588 25.6000003814697 26.3500003814697 26.4069995880127 25.6359996795654 25.9050006866455 27.1089992523193 26.6639995574951 27.5830001831055 27.4230003356934 25.6340007781982 27.0100002288818 27.1700000762939 25.617000579834 23.3320007324219 22.7870006561279 21.2290000915527 21.8649997711182 21.7080001831055 20.8920001983643 21.8980007171631 27.2859992980957 29.2110004425049 29.871000289917 31.1450004577637 32.1879997253418
25.3740005493164 21.5219993591309 23.8490009307861 27.5189990997314 32.2869987487793 34.5639991760254 36.6529998779297 37.6920013427734 37.9280014038086 37.3790016174316 35.2000007629395 30.3659992218018 23.701000213623 22.132999420166 20.4850006103516 17.6590003967285 17.2679996490479 19.757999420166 23.8110008239746 25.9330005645752 26.1070003509521 26.1079998016357 23.5830001831055 23.742000579834 23.2140007019043 23.1979999542236 25.2299995422363 25.7880001068115 26.4950008392334 25.5049991607666 23.9680004119873 26.6679992675781 26.988000869751 25.8540000915527 21.9860000610352 20.6149997711182 20.9459991455078 23.6599998474121 23.996000289917 23.6620006561279 24.1709995269775 26.9340000152588 28.9389991760254 29.6219997406006 30.5960006713867 31.9409999847412
28.5610008239746 24.886999130249 24.3719997406006 28.2660007476807 32.7569999694824 35.8759994506836 38.4620018005371 39.3709983825684 38.6759986877441 37.318000793457 36.4010009765625 32.7529983520508 33.3349990844727 28.125 22.69700050354 18.7929992675781 18.2000007629395 20.632999420166 23.9689998626709 24.5949993133545 25.2929992675781 24.826000213623 23.0750007629395 22.2159996032715 22.2350006103516 22.7919998168945 24.3339996337891 24.371000289917 25.3850002288818 23.7859992980957 23.2189998626709 24.7299995422363 25.6340007781982 24.8999996185303 19.0510005950928 17.8959999084473 17.923999786377 22.3859996795654 24.6399993896484 24.9829998016357 25.0750007629395 25.3840007781982 28.8540000915527 28.6240005493164 30.5009994506836 31.1049995422363
30.5750007629395 26.9050006866455 24.5820007324219 28.6900005340576 33.4609985351562 35.6160011291504 38.439998626709 38.9589996337891 38.6389999389648 37.7779998779297 37.1829986572266 36.1500015258789 35.6829986572266 33.4329986572266 25.2810001373291 23.0799999237061 18.5279998779297 20.4379997253418 22.3560009002686 22.0939998626709 23.2490005493164 23.5690002441406 23.05299949646 22.1009998321533 22.257999420166 21.6299991607666 24.193000793457 22.3439998626709 23.6219997406006 22.7080001831055 22.6569995880127 22.132999420166 21.4190006256104 20.2709999084473 19.6469993591309 19.5779991149902 17.8419990539551 20.8050003051758 24.1599998474121 24.1840000152588 24.8579998016357 25.2029991149902 26.8430004119873 28.1940002441406 28.9309997558594 29.5970001220703
31.8929996490479 28.0879993438721 25.6560001373291 24.8840007781982 32.6990013122559 35.1139984130859 36.8530006408691 37.3310012817383 37.9329986572266 37.3919982910156 37.7229995727539 37.814998626709 37.0110015869141 35.2050018310547 31.2789993286133 25.8770008087158 21.7889995574951 18.8990001678467 19.9790000915527 19.3010005950928 18.9009990692139 16.6259994506836 19.556999206543 20.9629993438721 19.1790008544922 19.3309993743896 22.7730007171631 19.1420001983643 19.8500003814697 20.5960006713867 20.3689994812012 19.7479991912842 19.7600002288818 19.1580009460449 17.6919994354248 17.4680004119873 14.5830001831055 18.8570003509521 22.4360008239746 23.3010005950928 24.0319995880127 25.6469993591309 26.4950008392334 27.3020000457764 27.8880004882812 28.423999786377
31.2900009155273 26.9580001831055 23.32200050354 21.9829998016357 29.1560001373291 33.9020004272461 35.2309989929199 36.1910018920898 37.3019981384277 38.0229988098145 38.9819984436035 38.8800010681152 38.2690010070801 37.851001739502 35.3120002746582 30.2789993286133 25.0779991149902 15.6269998550415 14.8940000534058 15.1260004043579 11.9429998397827 7.34800004959106 14.9580001831055 19.32200050354 19.25 19.3139991760254 19.9400005340576 19.2350006103516 18.2259998321533 18.8899993896484 20.2049999237061 20.1189994812012 21.7849998474121 18.3509998321533 14.9619998931885 8.9379997253418 9.22799968719482 16.92799949646 21.9449996948242 22.1940002441406 23.1949996948242 25.4139995574951 26.761999130249 27.2649993896484 27.5400009155273 27.7000007629395
30.2719993591309 25.4099998474121 22.4179992675781 17.9419994354248 28.9720001220703 31.2970008850098 33.6119995117188 35.9519996643066 37.1829986572266 38.515998840332 39.9179992675781 40.1590003967285 39.4000015258789 38.8819999694824 37.7449989318848 35.4570007324219 26.8929996490479 14.0410003662109 10.7489995956421 9.57499980926514 6.97200012207031 14.0050001144409 18.2099990844727 20.3120002746582 20.7740001678467 21.5389995574951 21.2900009155273 20.2849998474121 20.6809997558594 22.6959991455078 23.5499992370605 23.0270004272461 22.7940006256104 21.2320003509521 16.4039993286133 10.1309995651245 8.83899974822998 13.0860004425049 22.0200004577637 22.4099998474121 23.1149997711182 25.173999786377 25.7919998168945 26.8190002441406 27.076000213623 26.7220001220703
27.9750003814697 26.3010005950928 25.8859996795654 23.9150009155273 24.4790000915527 28.5699996948242 33.2229995727539 35.8680000305176 37.6650009155273 38.9070014953613 40.0769996643066 40.5800018310547 39.8429985046387 39.0880012512207 37.8660011291504 35.5379981994629 29.0659999847412 17.0890007019043 6.66699981689453 5.6399998664856 6.94199991226196 14.3929996490479 17.4519996643066 21.5930004119873 23.6359996795654 24.003999710083 24.0450000762939 24.1459999084473 25.5769996643066 24.9290008544922 25.3479995727539 22.9160003662109 22.2080001831055 21.3330001831055 16.5769996643066 10.3299999237061 11.7419996261597 14.8509998321533 19.8379993438721 22.0230007171631 22.5990009307861 23.6149997711182 24.0419998168945 25.1650009155273 25.1100006103516 24.4680004119873
25.613000869751 21.8530006408691 17.2019996643066 22.4619998931885 23.6609992980957 28.5650005340576 33.5 35.181999206543 37.4669990539551 39.2750015258789 40.2830009460449 40.5309982299805 39.5940017700195 38.5670013427734 37.560001373291 36.2680015563965 27.6730003356934 15.5769996643066 8.13500022888184 4.80000019073486 10.9779996871948 17.7830009460449 16.753999710083 23.8090000152588 24.7740001678467 25.048999786377 26.761999130249 27.6889991760254 27.6100006103516 27.2660007476807 27.5860004425049 26.4109992980957 24.5799999237061 21.7770004272461 18.0970001220703 10.2559995651245 9.2810001373291 16.826000213623 21.7749996185303 22.3509998321533 22.8110008239746 23.2590007781982 24.4449996948242 25.0060005187988 24.7439994812012 24.4549999237061
21.1580009460449 16.0860004425049 9.7209997177124 12.2019996643066 18.4750003814697 28.0349998474121 34.0019989013672 36.2779998779297 37.931999206543 39.2719993591309 40.007999420166 40.1629981994629 39.7529983520508 38.5439987182617 37.1500015258789 36.1059989929199 29.1679992675781 18.2350006103516 8.56799983978271 4.50400018692017 14.0659999847412 18.8120002746582 22.6909999847412 24.3169994354248 24.3880004882812 24.3570003509521 26.9950008392334 28.7889995574951 27.9629993438721 28.9759998321533 28.4979991912842 27.4710006713867 26.3759994506836 21.8819999694824 15.039999961853 8.72500038146973 8.14999961853027 11.1490001678467 17.3980007171631 21.5599994659424 22.5799999237061 22.8419990539551 24.113000869751 24.1079998016357 24.1989994049072 23.9260005950928
17.7959995269775 10.8699998855591 7.13299989700317 6.99200010299683 7.22399997711182 19.1040000915527 33.5559997558594 35.4879989624023 36.173999786377 37.6669998168945 38.9150009155273 38.6759986877441 38.0559997558594 36.8540000915527 34.9560012817383 34.8720016479492 27.8050003051758 12.6879997253418 5.08900022506714 13.25 18.4099998474121 19.7630004882812 23.7919998168945 25.25 25.5049991607666 27.3040008544922 28.9930000305176 29.2679996490479 30.1620006561279 30.9090003967285 29.4589996337891 28.9479999542236 26.1730003356934 22.6380004882812 17.4389991760254 12.8699998855591 8.43299961090088 12.2550001144409 15.1029996871948 18.3990001678467 21.6959991455078 21.55299949646 22.0450000762939 21.863000869751 22.8659992218018 23.2509994506836
24.6229991912842 19.5699996948242 18.7479991912842 6.39499998092651 7.11399984359741 14.8290004730225 27.7180004119873 32.8250007629395 33.9300003051758 34.8160018920898 36.9889984130859 36.4090003967285 36.0499992370605 35.0139999389648 33.4379997253418 31.4459991455078 22.8120002746582 8.28699970245361 4.71199989318848 15.08899974823 18.1049995422363 20.2509994506836 22.57200050354 25.443000793457 26.9950008392334 28.6760005950928 30.0979995727539 30.5960006713867 32.0209999084473 32.2599983215332 31.1359996795654 30.2350006103516 27.511999130249 24.253999710083 20.5419998168945 17.0219993591309 7.75 7.67799997329712 12.5819997787476 17.3349990844727 20.6310005187988 21.4160003662109 21.1870002746582 21.1110000610352 22.4139995574951 23.2770004272461
32.8440017700195 24.3439998626709 23.0580005645752 6.11299991607666 7.04099988937378 13.5559997558594 27.4860000610352 31.6790008544922 31.5370006561279 32.3629989624023 33.9830017089844 34.6539993286133 34.8370018005371 34.7560005187988 32.7929992675781 28.0890007019043 21.5699996948242 10.5430002212524 9.35700035095215 16.3799991607666 17.9759998321533 20.4370002746582 24.2910003662109 26.6650009155273 27.6709995269775 29.0669994354248 31.5860004425049 31.863000869751 33.3699989318848 33.4620018005371 32.3629989624023 30.9969997406006 28.2040004730225 26.2859992980957 25.3819999694824 20.7639999389648 6.92999982833862 6.93900012969971 6.4229998588562 9.61299991607666 15.0679998397827 17.431999206543 18.1100006103516 18.7950000762939 19.6030006408691 19.9540004730225
27.1359996795654 19.7320003509521 16.1189994812012 7.88100004196167 7.76300001144409 4.76100015640259 20.4400005340576 23.9650001525879 29.4699993133545 32.1510009765625 29.1280002593994 30.9200000762939 31.2280006408691 29.0990009307861 30.6159992218018 22.3490009307861 20.0230007171631 13.5950002670288 16.2950000762939 18.5 18.6450004577637 22.125 24.0869998931885 25.5359992980957 28.3689994812012 29.3120002746582 31.4050006866455 32.8019981384277 34.0330009460449 33.7960014343262 32.7099990844727 30.4249992370605 27.7749996185303 26.0319995880127 25.8649997711182 20.0049991607666 6.72700023651123 6.38299989700317 5.71099996566772 5.1100001335144 7.18800020217896 8.65299987792969 8.82999992370605 8.99300003051758 9.89900016784668 10.9340000152588
26.576000213623 14.3529996871948 13.1049995422363 11.9879999160767 8.5290002822876 2.93199992179871 6.51399993896484 10.4219999313354 22.056999206543 30.8400001525879 23.818000793457 21.9489994049072 23.3969993591309 25.2530002593994 29.3719997406006 25.1770000457764 19.2070007324219 19.5270004272461 19.7910003662109 20.1959991455078 20.3680000305176 22.568000793457 24.3759994506836 25.5839996337891 28.1100006103516 29.8929996490479 30.5090007781982 32.3419990539551 33.5620002746582 33.4650001525879 32.3660011291504 31.1949996948242 28.8330001831055 26.7129993438721 26.1830005645752 19.9669990539551 6.56099987030029 5.75400018692017 4.91099977493286 5.1269998550415 5.31199979782104 8.26599979400635 8.85900020599365 9.03699970245361 10.1029996871948 10.7629995346069
33.431999206543 25.7849998474121 23.0729999542236 9.83300018310547 9.7189998626709 7.59100008010864 5.46299982070923 4.81500005722046 18.7059993743896 23.1509990692139 18.5639991760254 20.6529998779297 24.5060005187988 29.0410003662109 30.496000289917 29.2220001220703 24.125 21.7590007781982 21.4060001373291 21.05299949646 21.0860004425049 21.2810001373291 22.7520008087158 25.5900001525879 28.7600002288818 28.8229999542236 29.5020008087158 31.5750007629395 32.189998626709 32.3079986572266 31.9009990692139 29.5009994506836 29.1040000915527 26.6240005493164 26.3339996337891 20.2399997711182 7.68400001525879 5.14300012588501 5.09000015258789 5.04300022125244 5.44500017166138 9.35099983215332 9.61900043487549 9.55799961090088 9.99100017547607 10.7559995651245
32.7760009765625 31.2189998626709 19.9220008850098 3.93499994277954 4.77299976348877 3.68600010871887 2.35700011253357 4.39499998092651 5.71099996566772 11.3570003509521 15.3629999160767 19.4610004425049 26.1669998168945 30.1660003662109 30.8659992218018 30.7609996795654 30.1700000762939 24.871000289917 21.4810009002686 20.8780002593994 20.8299999237061 20.5849990844727 20.996000289917 23.6079998016357 27.4090003967285 27 28.6459999084473 29.44700050354 30.253999710083 30.3509998321533 30.4029998779297 28.3889999389648 28.2670001983643 26.3759994506836 25.4829998016357 21.6749992370605 8.79199981689453 5.32000017166138 6.23699998855591 7.26399993896484 8.12399959564209 9.77400016784668 10.1870002746582 10.0209999084473 9.7810001373291 10.0150003433228
31.7779998779297 30.1879997253418 28.7999992370605 21.6259994506836 12.2449998855591 2.32299995422363 1.45200002193451 2.54200005531311 7.26200008392334 12.875 16.6100006103516 19.2360000610352 24.0580005645752 28.6469993591309 31.4419994354248 31.4750003814697 30.4519996643066 27.5729999542236 21.0809993743896 20.3190002441406 20.3439998626709 19.9769992828369 19.0639991760254 22.0860004425049 25.0979995727539 26.6609992980957 27.2059993743896 28.4500007629395 28.3859996795654 28.6389999389648 29.0830001831055 25.9740009307861 26.1909999847412 25.0610008239746 25.1520004272461 21.117000579834 7.59499979019165 7.38600015640259 8.14700031280518 9.22200012207031 9.34899997711182 10.1940002441406 10.1789999008179 10.7519998550415 13.9709997177124 18.1609992980957
31.1830005645752 29.6520004272461 28.5809993743896 25.8409996032715 16.4209995269775 4.34499979019165 1.58800005912781 1.40499997138977 5.96700000762939 11.6990003585815 14.5950002670288 19.7800006866455 24.0790004730225 28.4230003356934 31.0510005950928 30.6480007171631 29.4389991760254 28.4580001831055 25.076000213623 24.6590003967285 22.0499992370605 19.7199993133545 18.326000213623 21.3010005950928 24.6709995269775 25.806999206543 26.2390003204346 27.0160007476807 27.4829998016357 27.7080001831055 26.1439990997314 23.3600006103516 23.2900009155273 16.8540000915527 21.2940006256104 16.6079998016357 8.57600021362305 8.86699962615967 8.97200012207031 9.82100009918213 9.91100025177002 9.92500019073486 11.1800003051758 13.4200000762939 20.136999130249 25.4069995880127
30.6840000152588 29.1410007476807 27.1690006256104 26.6720008850098 12.2239999771118 1.11699998378754 0.991999983787537 0.679000020027161 0.656000018119812 5.77799987792969 11.9069995880127 17.8770008087158 21.9330005645752 23.5259990692139 26.3040008544922 29.2250003814697 29.2689990997314 29.1870002746582 28.9139995574951 27.6790008544922 26.1650009155273 23.117000579834 20.3349990844727 21.4449996948242 22.4740009307861 24.3349990844727 24.8360004425049 25.6550006866455 25.2080001831055 24.9150009155273 23.1940002441406 23.1089992523193 21.3150005340576 8.0629997253418 13.5159997940063 7.97399997711182 7.80000019073486 9.02000045776367 8.96100044250488 9.23499965667725 9.24499988555908 9.99100017547607 14.3809995651245 19.6189994812012 24.5809993743896 26.8090000152588
