02_asc_chm-r50m/HS222F.asc
NCOLS 200 
NROWS 200 
XLLCORNER 569984.5 
YLLCORNER 5219666.5 
CELLSIZE 0.5 
NODATA_value -3.4e+38 
[rows 140 to 159 of 200, columns 0 to 45 of 200]
-3.4e+38 -3.4e+38 -3.4e+38 -3.4e+38 -3.4e+38 -3.4e+38 -3.4e+38 -3.4e+38 -3.4e+38 -3.4e+38 24.0470008850098 24.4899997711182 24.7070007324219 25.1060009002686 25.492000579834 24.5540008544922 24.886999130249 24.3589992523193 22.886999130249 22.0639991760254 21.1070003509521 20.617000579834 18.6840000152588 19.5790004730225 22.0779991149902 24.0230007171631 26.3159999847412 31.0890007019043 31.5990009307861 32.9819984436035 32.5040016174316 31.8799991607666 29.7730007171631 28.5790004730225 25.8950004577637 21.3759994506836 17.1889991760254 15.3719997406006 13.1070003509521 11.0120000839233 4.05499982833862 4.18100023269653 4.2979998588562 2.82399988174438 2.48600006103516 3.07599997520447
-3.4e+38 -3.4e+38 -3.4e+38 -3.4e+38 -3.4e+38 -3.4e+38 -3.4e+38 -3.4e+38 -3.4e+38 -3.4e+38 22.2369995117188 22.6520004272461 22.6909999847412 23.5669994354248 24.1630001068115 24.2810001373291 23.9650001525879 22.6800003051758 22.5930004119873 21.2220001220703 20.3150005340576 19.0629997253418 19.8080005645752 19.9669990539551 21.9160003662109 22.6259994506836 26.5459995269775 28.8279991149902 30.5130004882812 31.2390003204346 31.2759990692139 30.7129993438721 28.8229999542236 27.92799949646 23.9570007324219 20.7660007476807 16.8729991912842 15.6879997253418 11.8549995422363 10.6300001144409 5.60500001907349 4.76100015640259 4.36399984359741 2.6010000705719 2.06200003623962 2.11899995803833
-3.4e+38 -3.4e+38 -3.4e+38 -3.4e+38 -3.4e+38 -3.4e+38 -3.4e+38 -3.4e+38 -3.4e+38 -3.4e+38 -3.4e+38 21.5930004119873 22.0340003967285 22.5799999237061 23.1140003204346 22.431999206543 21.9029998779297 21.9109992980957 22.003999710083 20.0540008544922 18.5510005950928 17.8950004577637 24.4729995727539 24.238000869751 20.3229999542236 20.617000579834 24.318000793457 27.3320007324219 29.2040004730225 29.5240001678467 29.2119998931885 28.4069995880127 26.9400005340576 25.2240009307861 22.6539993286133 18.8099994659424 16.5550003051758 15.0410003662109 10.4720001220703 9.40799999237061 6.68800020217896 5.13299989700317 5.13000011444092 3.53900003433228 2.60500001907349 2.05100011825562
-3.4e+38 -3.4e+38 -3.4e+38 -3.4e+38 -3.4e+38 -3.4e+38 -3.4e+38 -3.4e+38 -3.4e+38 -3.4e+38 -3.4e+38 20.3810005187988 21.738000869751 21.0370006561279 21.5499992370605 21.4489994049072 20.7329998016357 20.7880001068115 20.2950000762939 18.0300006866455 17.8840007781982 20.1499996185303 26.0659999847412 25.0200004577637 21.7959995269775 20.6539993286133 25.8579998016357 27.6399993896484 27.1650009155273 27.69700050354 27.076000213623 25.9449996948242 24.5300006866455 21.8780002593994 19.923999786377 16.9389991760254 15.8760004043579 11.1599998474121 8.83399963378906 7.94299983978271 7.84299993515015 5.37900018692017 5.13000011444092 3.11899995803833 2.38800001144409 1.84200000762939
-3.4e+38 -3.4e+38 -3.4e+38 -3.4e+38 -3.4e+38 -3.4e+38 -3.4e+38 -3.4e+38 -3.4e+38 -3.4e+38 -3.4e+38 -3.4e+38 20.625 20.1900005340576 20.5049991607666 19.875 19.4720001220703 18.4810009002686 18.5779991149902 19.4680004119873 23.0769996643066 25.992000579834 27.8680000305176 27.4829998016357 25.246000289917 23.636999130249 26.3430004119873 29.2000007629395 27.6040000915527 26.4839992523193 25.8600006103516 23.2280006408691 21.5659999847412 19.6380004882812 17.6490001678467 16.3020000457764 15.9350004196167 9.93099975585938 6.42399978637695 5.04099988937378 5.33900022506714 5.19899988174438 4.875 3.18499994277954 2.56399989128113 1.68499994277954
-3.4e+38 -3.4e+38 -3.4e+38 -3.4e+38 -3.4e+38 -3.4e+38 -3.4e+38 -3.4e+38 -3.4e+38 -3.4e+38 -3.4e+38 -3.4e+38 19.8700008392334 21.0520000457764 21.2490005493164 21.1229991912842 18.4179992675781 17.1459999084473 17.6140003204346 21.2240009307861 25.2150001525879 28.5130004882812 29.9640007019043 29.7250003814697 29.4290008544922 29.242000579834 30.0240001678467 29.8649997711182 29.1140003204346 27.1000003814697 26.5580005645752 22.7560005187988 20.9699993133545 20.798999786377 18.8190002441406 15.9069995880127 12.9580001831055 6.23000001907349 4.55700016021729 4.9060001373291 4.88700008392334 4.48400020599365 4.46099996566772 2.82699990272522 1.86899995803833 1.74300003051758
-3.4e+38 -3.4e+38 -3.4e+38 -3.4e+38 -3.4e+38 -3.4e+38 -3.4e+38 -3.4e+38 -3.4e+38 -3.4e+38 -3.4e+38 -3.4e+38 -3.4e+38 23.4169998168945 24.9619998931885 24.5909996032715 15.9069995880127 15.9790000915527 16.8110008239746 24.6709995269775 26.4589996337891 28.0520000457764 30.3439998626709 30.80299949646 30.6949996948242 31.3379993438721 31.2919998168945 29.6270008087158 29.3740005493164 28.4759998321533 27.121000289917 22.0200004577637 22.3080005645752 21.3360004425049 18.3099994659424 15.0380001068115 14.7589998245239 7.64099979400635 3.19000005722046 4.68800020217896 4.68900012969971 4.28999996185303 3.75300002098083 3.37899994850159 2.04900002479553 2.04099988937378
-3.4e+38 -3.4e+38 -3.4e+38 -3.4e+38 -3.4e+38 -3.4e+38 -3.4e+38 -3.4e+38 -3.4e+38 -3.4e+38 -3.4e+38 -3.4e+38 -3.4e+38 23.4559993743896 25.9699993133545 23.6319999694824 18.1079998016357 15.4580001831055 18.5879993438721 27.4860000610352 29.1870002746582 29.57200050354 30.5020008087158 31.193000793457 31.2590007781982 31.80299949646 31.3530006408691 29.8509998321533 29.5160007476807 30.0020008087158 28.1009998321533 23.8479995727539 24.6550006866455 21.6529998779297 20.6189994812012 20.5890007019043 20.5900001525879 3.62100005149841 2.58699989318848 3.78500008583069 4.36600017547607 4.47599983215332 4.75099992752075 4.30000019073486 2.93099999427795 2.9539999961853
-3.4e+38 -3.4e+38 -3.4e+38 -3.4e+38 -3.4e+38 -3.4e+38 -3.4e+38 -3.4e+38 -3.4e+38 -3.4e+38 -3.4e+38 -3.4e+38 -3.4e+38 -3.4e+38 27.136999130249 27.3770008087158 23.4820003509521 18.7180004119873 25.5090007781982 28.7749996185303 29.2259998321533 29.8819999694824 30.4179992675781 30.9640007019043 31.5270004272461 31.7089996337891 31.1000003814697 30.9580001831055 31.181999206543 31.3999996185303 29.7779998779297 27.5069999694824 25.2409992218018 21.4720001220703 20.681999206543 20.7889995574951 20.6870002746582 13.0989999771118 1.98399996757507 2.92300009727478 4.23699998855591 4.7350001335144 4.94000005722046 4.72900009155273 3.50500011444092 3.82299995422363
-3.4e+38 -3.4e+38 -3.4e+38 -3.4e+38 -3.4e+38 -3.4e+38 -3.4e+38 -3.4e+38 -3.4e+38 -3.4e+38 -3.4e+38 -3.4e+38 -3.4e+38 -3.4e+38 27.1229991912842 27.9580001831055 27.8740005493164 21.9489994049072 24.9139995574951 28.9990005493164 29.9160003662109 30.4860000610352 30.8600006103516 31.0979995727539 31.2840003967285 31.3470001220703 31.556999206543 31.4619998931885 31.4050006866455 31.3409996032715 30.3309993743896 28.9120006561279 26.9459991455078 22.6019992828369 20.8120002746582 20.9009990692139 20.7119998931885 16.5890007019043 6.55800008773804 3.65599989891052 7.45800018310547 4.4980001449585 4.44099998474121 4.23999977111816 4.28399991989136 5.56199979782104
-339999999999999996123846586046231871488.000000000000000 -3.4e+38 -3.4e+38 -3.4e+38 -3.4e+38 -3.4e+38 -3.4e+38 -3.4e+38 -3.4e+38 -3.4e+38 -3.4e+38 -3.4e+38 -3.4e+38 -3.4e+38 -3.4e+38 29.9650001525879 30.257999420166 28.371000289917 29.0559997558594 30.3360004425049 30.9099998474121 31.1669998168945 31.0389995574951 30.8080005645752 31.1100006103516 31.3449993133545 31.7840003967285 31.9740009307861 31.8430004119873 31.5599994659424 30.8819999694824 29.5520000457764 28.5410003662109 25.5020008087158 23.125 21.1280002593994 20.6809997558594 19.0330009460449 16.5909996032715 16.0400009155273 15.6429996490479 5.94700002670288 3.87899994850159 3.69000005722046 3.96600008010864 6.18400001525879
-3.4e+38 -3.4e+38 -3.4e+38 -3.4e+38 -3.4e+38 -3.4e+38 -3.4e+38 -3.4e+38 -3.4e+38 -3.4e+38 -3.4e+38 -3.4e+38 -3.4e+38 -3.4e+38 -3.4e+38 30.5170001983643 31.3460006713867 30.3770008087158 29.4780006408691 30.8460006713867 31.4750003814697 31.2800006866455 31.2129993438721 31.1159992218018 31.1439990997314 31.4500007629395 31.8880004882812 32.2970008850098 32.6119995117188 32.556999206543 30.8579998016357 29.826000213623 28.701000213623 26.8199996948242 24.3090000152588 22.1900005340576 21.871000289917 20.9150009155273 20.0459995269775 19.3999996185303 16.3339996337891 3.5550000667572 3.50300002098083 3.3050000667572 4.50299978256226 6.23899984359741
-3.4e+38 -3.4e+38 -3.4e+38 -3.4e+38 -3.4e+38 -3.4e+38 -3.4e+38 -3.4e+38 -3.4e+38 -3.4e+38 -3.4e+38 -3.4e+38 -3.4e+38 -3.4e+38 -3.4e+38 -3.4e+38 30.6229991912842 29.0750007629395 30.0130004882812 31.3850002288818 31.5849990844727 31.4780006408691 31.4109992980957 31.4599990844727 31.4209995269775 31.3889999389648 32.0999984741211 32.5639991760254 32.7439994812012 31.9790000915527 30.7929992675781 29.8290004730225 28.7630004882812 26.7439994812012 23.9090003967285 23.1660003662109 22.2049999237061 20.7479991912842 20.6040000915527 19.8700008392334 15.628999710083 2.77900004386902 2.61100006103516 2.76699995994568 4.18100023269653 6.30100011825562
-3.4e+38 -3.4e+38 -3.4e+38 -3.4e+38 -3.4e+38 -3.4e+38 -3.4e+38 -3.4e+38 -3.4e+38 -3.4e+38 -3.4e+38 -3.4e+38 -3.4e+38 -3.4e+38 -3.4e+38 -3.4e+38 28.2770004272461 26.9990005493164 30.7590007781982 31.3209991455078 31.7800006866455 31.6149997711182 31.7119998931885 31.8780002593994 31.9740009307861 33.7299995422363 35.4309997558594 33.6640014648438 33.3380012512207 32.4669990539551 31.5990009307861 31.4540004730225 29.7649993896484 26.6340007781982 24.5419998168945 24.1359996795654 22.8719997406006 20.8500003814697 20.9669990539551 20.173999786377 13.9370002746582 5.95699977874756 1.90699994564056 2.39499998092651 3.80900001525879 5.72800016403198
-3.4e+38 -3.4e+38 -3.4e+38 -3.4e+38 -3.4e+38 -3.4e+38 -3.4e+38 -3.4e+38 -3.4e+38 -3.4e+38 -3.4e+38 -3.4e+38 -3.4e+38 -3.4e+38 -3.4e+38 -3.4e+38 -3.4e+38 29.0939998626709 30.32200050354 31.951000213623 31.9190006256104 31.625 31.9689998626709 32.7750015258789 35.5289993286133 37.4249992370605 36.3160018920898 35.0519981384277 34.9329986572266 35.1609992980957 34.648998260498 33.8209991455078 30.3269996643066 26.5909996032715 25.30299949646 24.742000579834 24.3150005340576 22.4570007324219 20.2430000305176 19.7819995880127 14.8059997558594 4.21099996566772 1.80099999904633 2.0239999294281 3.02099990844727 2.77300000190735
-3.4e+38 -3.4e+38 -3.4e+38 -3.4e+38 -3.4e+38 -3.4e+38 -3.4e+38 -3.4e+38 -3.4e+38 -3.4e+38 -3.4e+38 -3.4e+38 -3.4e+38 -3.4e+38 -3.4e+38 -3.4e+38 -3.4e+38 -3.4e+38 29.617000579834 30.0249996185303 30.4209995269775 31.6110000610352 31.8190002441406 34.4280014038086 37.3110008239746 38.0349998474121 37.3740005493164 37.0260009765625 36.390998840332 36.2610015869141 35.1570014953613 33.0219993591309 29.6019992828369 26.1550006866455 25.0410003662109 24.632999420166 24.7250003814697 21.2689990997314 18.6580009460449 17.701000213623 14.1809997558594 7.0149998664856 3.69300007820129 2.69899988174438 2.97099995613098 5.56099987030029
-3.4e+38 -3.4e+38 -3.4e+38 -3.4e+38 -3.4e+38 -3.4e+38 -3.4e+38 -3.4e+38 -3.4e+38 -3.4e+38 -3.4e+38 -3.4e+38 -3.4e+38 -3.4e+38 -3.4e+38 -3.4e+38 -3.4e+38 -3.4e+38 23.8509998321533 27.0540008544922 29.2819995880127 31.1569995880127 34.6069984436035 36.1730003356934 36.8190002441406 38.4169998168945 38.3790016174316 38.7109985351562 38.7550010681152 37.0089988708496 35.4020004272461 34.5750007629395 30.9969997406006 28.0009994506836 25.3589992523193 22.2059993743896 23.0419998168945 19.7150001525879 18.2280006408691 18.4330005645752 15.048999786377 7.06500005722046 3.32599997520447 3.16499996185303 3.84800004959106 5.05600023269653
-3.4e+38 -3.4e+38 -3.4e+38 -3.4e+38 -3.4e+38 -3.4e+38 -3.4e+38 -3.4e+38 -3.4e+38 -3.4e+38 -3.4e+38 -3.4e+38 -3.4e+38 -3.4e+38 -3.4e+38 -3.4e+38 -3.4e+38 -3.4e+38 -3.4e+38 25.5340003967285 29.6860008239746 32.2369995117188 34.4939994812012 35.2859992980957 38.2529983520508 39.6040000915527 39.8810005187988 40.2900009155273 39.1669998168945 37.3440017700195 37.4259986877441 34.1769981384277 30.8619995117188 30.7000007629395 26.5109996795654 19.7549991607666 19.4850006103516 17.9890003204346 17.9740009307861 17.1609992980957 13.0710000991821 5.84100008010864 3.44000005722046 3.18199992179871 3.70199990272522 5.51000022888184
-3.4e+38 -3.4e+38 -3.4e+38 -3.4e+38 -3.4e+38 -3.4e+38 -3.4e+38 -3.4e+38 -3.4e+38 -3.4e+38 -3.4e+38 -3.4e+38 -3.4e+38 -3.4e+38 -3.4e+38 -3.4e+38 -3.4e+38 -3.4e+38 -3.4e+38 -3.4e+38 28.3929996490479 31.2229995727539 33.1889991760254 35.5369987487793 37.9029998779297 39.2700004577637 39.8380012512207 40.0519981384277 39.4970016479492 37.1129989624023 35.7379989624023 34.3009986877441 32.2210006713867 28.8929996490479 23.8619995117188 23.4300003051758 23.7830009460449 21.3460006713867 15.8070001602173 13.7239999771118 13.0609998703003 7.90799999237061 4.06199979782104 3.19899988174438 4.23099994659424 6.49300003051758
-3.4e+38 -3.4e+38 -3.4e+38 -3.4e+38 -3.4e+38 -3.4e+38 -3.4e+38 -3.4e+38 -3.4e+38 -3.4e+38 -3.4e+38 -3.4e+38 -3.4e+38 -3.4e+38 -3.4e+38 -3.4e+38 -3.4e+38 -3.4e+38 -3.4e+38 -3.4e+38 26.6439990997314 29.1219997406006 31.9619998931885 36.5940017700195 37.8899993896484 38.9860000610352 38.9570007324219 39.1059989929199 38.5579986572266 37.439998626709 36.6520004272461 35.117000579834 33.4469985961914 27.7970008850098 25.5389995574951 25.6909999847412 26.0869998931885 21.3889999389648 12.8109998703003 11.7880001068115 10.7589998245239 9.07100009918213 4.80399990081787 3.36299991607666 3.75099992752075 4.62599992752075
