02_asc_chm-r50m/HS220C.asc
NCOLS 200 
NROWS 200 
XLLCORNER 570250 
YLLCORNER 5222121.5 
CELLSIZE 0.5 
NODATA_value -3.4e+38 
[rows 20 to 39 of 200, columns 92 to 137 of 200]
21.4290008544922 33.2669982910156 21.7259998321533 0.639999985694885 24.8349990844727 18.8400001525879 2.33100008964539 2.8529999256134 3.0789999961853 5.10799980163574 6.11399984359741 9.71000003814697 12.6599998474121 10.8549995422363 5.83799982070923 3.95900011062622 3.68700003623962 4.19799995422363 3.23399996757507 13.0120000839233 19.4729995727539 18.5139999389648 28.1800003051758 28.2169990539551 30.6900005340576 33.2330017089844 35.2779998779297 36.0270004272461 37.3160018920898 37.8300018310547 37.7639999389648 36.1279983520508 34.7509994506836 33.5960006713867 32.4179992675781 30.6650009155273 30.3050003051758 29.992000579834 30.0990009307861 30.5310001373291 31.1499996185303 31.1690006256104 32.7529983520508 33.3660011291504 32.9599990844727 31.246000289917
32.3919982910156 34.0639991760254 34.1710014343262 21.1849994659424 33.5540008544922 21.3299999237061 11.9090003967285 11.1359996795654 6.47399997711182 8.53899955749512 8.16499996185303 5.01100015640259 6.34600019454956 4.61100006103516 5.28800010681152 2.92499995231628 2.70000004768372 2.4760000705719 2.31200003623962 2.69000005722046 10.8039999008179 21.8700008392334 26.6119995117188 27.9650001525879 29.5879993438721 31.9270000457764 34.7470016479492 36.0050010681152 36.9039993286133 37.564998626709 37.1889991760254 36.0429992675781 34.4980010986328 33.375 31.7609996795654 29.4479999542236 29.42799949646 29.4150009155273 29.6089992523193 31.3139991760254 31.8990001678467 32.1339988708496 33.1349983215332 33.4440002441406 33.4770011901855 31.996000289917
33.1119995117188 34.8889999389648 34.8559989929199 34.8129997253418 34.0730018615723 32.5149993896484 29.1359996795654 25.9489994049072 14.6149997711182 12.5069999694824 8.69299983978271 7.76399993896484 5.94899988174438 6.31599998474121 3.79800009727478 2.07299995422363 1.84899997711182 1.62399995326996 1.64999997615814 1.43700003623962 4.91300010681152 15.0780000686646 22.5820007324219 25.7310009002686 32.265998840332 33.1139984130859 34.1590003967285 35.265998840332 35.8860015869141 35.9970016479492 35.9850006103516 35.4420013427734 34.3810005187988 32.5709991455078 31.2630004882812 30.4419994354248 29.2549991607666 29.1529998779297 29.0100002288818 31.2439994812012 32.742000579834 33.1959991455078 33.2630004882812 33.5419998168945 33.6440010070801 33.6199989318848
34.4199981689453 35.2190017700195 35.318000793457 35.0900001525879 34.9539985656738 33.2200012207031 30.8449993133545 29.6450004577637 23.3780002593994 21.0030002593994 8.8430004119873 7.97399997711182 6.93599987030029 5.1560001373291 2.27699995040894 1.22200000286102 1.01900005340576 1.18099999427795 1.2849999666214 1.15499997138977 4.73199987411499 12.91100025177 21.875 23.9519996643066 31.9540004730225 32.6059989929199 33.673999786377 33.7480010986328 34.5120010375977 34.2569999694824 34.5559997558594 34.0470008850098 33.2369995117188 32.1640014648438 31.113000869751 29.8920001983643 29 29.3659992218018 29.5090007781982 29.6609992980957 31.7770004272461 33.3040008544922 33.5009994506836 33.9459991455078 34.1650009155273 36.3759994506836
33.9640007019043 34.9329986572266 35.875 35.6619987487793 35.2239990234375 34.2330017089844 33.0449981689453 32.5660018920898 30.1259994506836 28.2800006866455 14.4930000305176 8.52999973297119 5.71500015258789 3.32200002670288 0.757000029087067 0.532999992370605 0.703000009059906 0.815999984741211 0.920000016689301 0.920000016689301 4.55100011825562 12.7299995422363 20.6089992523193 22.1860008239746 28.6919994354248 30.94700050354 31.7980003356934 32.4799995422363 33.0289993286133 33.5929985046387 33.132999420166 32.5359992980957 32.1110000610352 31.5370006561279 30.7859992980957 28.1879997253418 28.0900001525879 28.4039993286133 30.0849990844727 30.9640007019043 32.4609985351562 33.1069984436035 33.548999786377 33.7509994506836 36.851001739502 37.9329986572266
34.2299995422363 35.0130004882812 35.8129997253418 35.390998840332 35.3499984741211 35.6790008544922 35.5099983215332 34.3419990539551 32.7980003356934 31.2870006561279 22.9099998474121 9.3730001449585 7.1729998588562 4.38700008392334 1.72000002861023 0.216999992728233 0.347000002861023 0.45100000500679 0.555000007152557 0.658999979496002 4.36999988555908 12.3509998321533 18.1110000610352 18.992000579834 26.0510005950928 29.2849998474121 30.4120006561279 32.109001159668 31.9529991149902 32.4300003051758 32.0089988708496 31.5440006256104 31.0790004730225 30.5170001983643 29.8369998931885 27.3190002441406 26.8530006408691 28.8269996643066 30.5249996185303 31.0979995727539 31.8199996948242 32.6660003662109 33.0839996337891 33.4550018310547 36.1839981079102 37.2900009155273
34.0999984741211 34.4410018920898 34.8089981079102 35.3059997558594 35.7439994812012 36.6590003967285 37.1959991455078 36.2809982299805 34.4459991455078 32.1599998474121 29.2180004119873 17.3509998321533 9.8100004196167 5.97800016403198 2.81800007820129 0.787999987602234 0.203999996185303 0.185000002384186 0.189999997615814 0.293999999761581 4.0939998626709 9.7810001373291 12.2440004348755 10.9099998474121 24.1399993896484 28.492000579834 28.5100002288818 30.2019996643066 31.0440006256104 30.7229995727539 29.6459999084473 29.5650005340576 28.7670001983643 28.4029998779297 27.6599998474121 29.0520000457764 27.7509994506836 29.4740009307861 29.9069995880127 29.2569999694824 30.8250007629395 31.9360008239746 34.1549987792969 35.3849983215332 35.4959983825684 37.742000579834
33.4300003051758 33.9099998474121 34.1829986572266 35.6440010070801 36.7350006103516 37.9930000305176 38.0639991760254 36.5769996643066 35.3559989929199 32.8930015563965 30.9629993438721 27.4720001220703 16.0410003662109 6.21099996566772 2.0239999294281 0.469999998807907 0.333000004291534 0.270999997854233 0.26800000667572 0.238999992609024 0.230000004172325 0.282999992370605 0.34799998998642 0.912999987602234 10.1730003356934 25.4689998626709 26.1259994506836 26.5450000762939 29.4699993133545 28.6389999389648 27.2320003509521 28.1350002288818 22.4020004272461 22.5860004425049 20.5400009155273 20.3139991760254 24.0580005645752 27.82200050354 28.2360000610352 28.5400009155273 28.8700008392334 28.9519996643066 33.9480018615723 36.507999420166 38.2910003662109 40.0009994506836
32.1920013427734 32.7929992675781 33.5449981689453 35.3330001831055 37.0629997253418 38.2910003662109 38.1650009155273 36.6479988098145 33.648998260498 32.2050018310547 30.7810001373291 28.0849990844727 11.6979999542236 5.11899995803833 0.446000009775162 0.379000008106232 0.474999994039536 0.388000011444092 0.273000001907349 0.188999995589256 0.224999994039536 0.28999999165535 0.354999989271164 9.5290002822876 18.1040000915527 22.7709999084473 23.6590003967285 23.8840007781982 24.0790004730225 22.5919990539551 22.1499996185303 25.5860004425049 20.0279998779297 18.3649997711182 18.7630004882812 16.7679996490479 18.5860004425049 21.6520004272461 27.7970008850098 28.4930000305176 27.2070007324219 27.2859992980957 33.6300010681152 36.6139984130859 38.4529991149902 40.9580001831055
27.6870002746582 31.181999206543 32.3800010681152 35.0509986877441 36.7220001220703 37.2970008850098 37.6199989318848 36.7459983825684 34.9659996032715 33.3979988098145 29.44700050354 26.8330001831055 21.8379993438721 4.21400022506714 0.303000003099442 0.293000012636185 0.377000004053116 0.34400001168251 0.231000006198883 0.150999993085861 0.241999998688698 0.298000007867813 7.42500019073486 12.9670000076294 18.5090007781982 22.253999710083 22.9689998626709 22.5729999542236 20.8649997711182 15.7040004730225 20.742000579834 25.3840007781982 19.82200050354 18.1359996795654 18.132999420166 17.7719993591309 16.9669990539551 19.1270008087158 27.1569995880127 27.3309993743896 24.6110000610352 24.875 30.6809997558594 37.5069999694824 37.8030014038086 40.1769981384277
20.4479999542236 25.3619995117188 31.9850006103516 33.6800003051758 34.2459983825684 35.3429985046387 35.9879989624023 35.3730010986328 33.9560012817383 32.0190010070801 26.6590003967285 26.6539993286133 17.6219997406006 3.44799995422363 0.421999990940094 0.270000010728836 0.148000001907349 0.200000002980232 0.206000000238419 0.211999997496605 0.254000008106232 2.23099994659424 7.82999992370605 13.3719997406006 18.9139995574951 21.7609996795654 21.9680004119873 21.2830009460449 18.6459999084473 16.1450004577637 23.7360000610352 24.7339992523193 22.4850006103516 19.5130004882812 18.1989994049072 17.7439994812012 16.6599998474121 15.3819999694824 20.5419998168945 26.6079998016357 24.3729991912842 30.2189998626709 34.3269996643066 37.0309982299805 37.4360008239746 39.7319984436035
19.1459999084473 20.7649993896484 27.7999992370605 31.8939990997314 32.6920013427734 33.5429992675781 34.1240005493164 33.298999786377 31.3439998626709 30.8850002288818 26.2730007171631 26.576000213623 23.2840003967285 2.73399996757507 1.22699999809265 0.211999997496605 0.168999999761581 0.155000001192093 0.232999995350838 0.263000011444092 0.250999987125397 2.67799997329712 8.12100028991699 13.7559995651245 19.3199996948242 21.2679996490479 20.9680004119873 20.2830009460449 19.0590000152588 19.3549995422363 22.0970001220703 23.07200050354 23.3449993133545 21.6429996490479 19.6669998168945 18.8430004119873 17.8159999847412 16.5830001831055 18.2110004425049 21.9699993133545 19.9869995117188 26.6030006408691 34.5169982910156 37.3950004577637 38.9970016479492 40.6100006103516
18.3040008544922 18.5149993896484 26.181999206543 30.3309993743896 30.7110004425049 30.5020008087158 30.8120002746582 31.8449993133545 29.318000793457 27.9570007324219 24.4589996337891 24.003999710083 7.51399993896484 4.58500003814697 3.28699994087219 0.437000006437302 0.120999999344349 0.165000006556511 0.389999985694885 0.46000000834465 2.5220000743866 8.90900039672852 12.7110004425049 17.2609996795654 20.8159999847412 20.9850006103516 20.7000007629395 20.3279991149902 20.7509994506836 21.2490005493164 21.2329998016357 21.201000213623 21.7089996337891 21.9780006408691 21.0330009460449 20.2399997711182 19.3579998016357 17.0939998626709 16.2369995117188 15.6999998092651 10.8730001449585 24.0219993591309 32.6829986572266 35.6730003356934 37.4389991760254 39.6590003967285
17.8339996337891 16.5510005950928 22.4130001068115 27.5160007476807 28.4160003662109 27.7569999694824 27.6620006561279 25.8780002593994 25.5450000762939 20.8969993591309 17.3250007629395 18.0470008850098 8.75300025939941 6.71000003814697 3.06399989128113 0.732999980449677 0.374000012874603 0.442999988794327 0.546999990940094 1.34899997711182 8.34000015258789 15.3319997787476 18.1940002441406 20.1529998779297 20.4489994049072 20.6340007781982 20.4060001373291 20.2150001525879 20.7779998779297 21.1599998474121 20.7369995117188 20.1189994812012 20.2360000610352 21.0709991455078 20.6630001068115 19.6550006866455 16.576000213623 16.363000869751 16.181999206543 15.4139995574951 8.36400032043457 20.2029991149902 26.5669994354248 31.7329998016357 35.7249984741211 38.1759986877441
21.5790004730225 19.5860004425049 13.4329996109009 21.9689998626709 25.238000869751 26.5739994049072 25.0839996337891 21.246000289917 16.9619998931885 13.1709995269775 9.30700016021729 9.14599990844727 7.89900016784668 7.89400005340576 3.30900001525879 1.04999995231628 0.805000007152557 0.846000015735626 1.00899994373322 1.27799999713898 14.6059999465942 19.7040004730225 19.5990009307861 19.5650005340576 19.8460006713867 20.2719993591309 20.2970008850098 21.0510005950928 20.9179992675781 21.1539993286133 21.0240001678467 20.6989994049072 21.048999786377 20.8330001831055 20.5540008544922 19.4589996337891 17.6630001068115 16.4419994354248 15.746000289917 14.3330001831055 13.9440002441406 15.5430002212524 16.0270004272461 22.1270008087158 31.6049995422363 35.1209983825684
24.0380001068115 22.2180004119873 5.19299983978271 11.3509998321533 23.4559993743896 23.2530002593994 18.5690002441406 11.9499998092651 7.75 8.71100044250488 8.07600021362305 7.90999984741211 7.92199993133545 7.99399995803833 5.01900005340576 1.66799998283386 1.11699998378754 1.17299997806549 1.11500000953674 2.58100008964539 14.8620004653931 19.5100002288818 19.4109992980957 19.3159999847412 19.4150009155273 20.6399993896484 22.3530006408691 23.5499992370605 23.0590000152588 22.0890007019043 21.761999130249 21.8059997558594 21.8379993438721 20.9120006561279 20.2129993438721 17.7180004119873 17.1030006408691 16.3320007324219 14.8870000839233 12.2089996337891 13.0959997177124 14.2419996261597 16.367000579834 15.043999671936 23.8680000305176 28.3680000305176
27.3570003509521 16.4230003356934 9.83800029754639 11.1070003509521 20.3050003051758 20.2280006408691 16.9699993133545 9.42399978637695 7.55200004577637 7.65500020980835 7.70599985122681 7.68599987030029 7.54899978637695 6.94899988174438 4.71700000762939 2.39299988746643 1.19700002670288 1.05599999427795 0.996999979019165 0.685000002384186 11.5839996337891 19.4810009002686 19.5 19.9740009307861 20.1380004882812 21.2169990539551 23.0459995269775 24.5259990692139 24.5200004577637 24.1940002441406 23.625 23.6450004577637 22.4909992218018 21.9580001831055 21.1089992523193 17.6380004882812 17.2119998931885 16.5370006561279 14.9390001296997 13.3610000610352 11.9119997024536 14.5279998779297 17.0860004425049 18.4090003967285 23.1840000152588 27.7819995880127
27.6429996490479 27.1660003662109 24.4169998168945 22.988000869751 20.5349998474121 23.5860004425049 23.6159992218018 19.4160003662109 10.0649995803833 11.5010004043579 8.30500030517578 7.32299995422363 6.53299999237061 5.57200002670288 3.84299993515015 2.68400001525879 1.65199995040894 0.634999990463257 0.578999996185303 0.824000000953674 5.17899990081787 13.6499996185303 20.7430000305176 21.5400009155273 22.5319995880127 23.8059997558594 24.628999710083 25.2670001983643 24.7919998168945 24.8530006408691 24.82200050354 24.30299949646 23.117000579834 22.9230003356934 22.2870006561279 18.7129993438721 17.7639999389648 17.0690002441406 14.7589998245239 13.7659997940063 12.2069997787476 14.2919998168945 17.3610000610352 20.3619995117188 23.8209991455078 24.9099998474121
28.8570003509521 27.1490001678467 25.5209999084473 22.0650005340576 20.6259994506836 25.9249992370605 27.8689994812012 23.2819995880127 12.2069997787476 12.8859996795654 13.0190000534058 7.09200000762939 6.14400005340576 4.85900020599365 3.82100009918213 2.81900000572205 1.74399995803833 0.690999984741211 0.428000003099442 5.02199983596802 8.47900009155273 13.9420003890991 21.3279991149902 22.0769996643066 23.0459995269775 24.5470008850098 25.306999206543 25.492000579834 25.8509998321533 25.7660007476807 25.2819995880127 24.386999130249 23.5289993286133 23.9440002441406 23.6459999084473 21.9619998931885 18.0069999694824 14.503999710083 15.2209997177124 14.4729995727539 13.039999961853 13.6040000915527 16.0599994659424 17.9990005493164 19.3959999084473 17.3110008239746
28.9540004730225 29.8899993896484 29.556999206543 26.5179996490479 28.8010005950928 29.7070007324219 29.0249996185303 24.4680004119873 20.8799991607666 20.5550003051758 20.4060001373291 10.960000038147 5.60799980163574 4.67199993133545 3.59400010108948 2.69400000572205 1.69000005722046 0.711000025272369 0.804000020027161 6.47900009155273 12.1540002822876 16.2350006103516 19.7730007171631 21.2880001068115 22.4930000305176 24.6669998168945 25.0550003051758 25.7089996337891 26.1509990692139 26.2280006408691 25.625 24.7180004119873 23.9020004272461 24.5960006713867 25.2099990844727 24.9379997253418 20.3889999389648 13.4320001602173 17.1340007781982 17.7900009155273 17.4039993286133 12.6440000534058 12.3809995651245 11.3599996566772 11.8649997711182 15.0120000839233
