02_asc_chm-r50m/HS222G.asc
NCOLS 200 
NROWS 200 
XLLCORNER 570540 
YLLCORNER 5220568 
CELLSIZE 0.5 
NODATA_value -3.4e+38 
[rows 40 to 59 of 200, columns 92 to 137 of 200]
28.503999710083 27.2210006713867 24.3390007019043 24.0160007476807 14.3730001449585 5.3270001411438 4.79199981689453 9.76799964904785 14.3000001907349 14.3299999237061 13.956000328064 15.7609996795654 20.4459991455078 23.7509994506836 22.8659992218018 24.1879997253418 25.7600002288818 26.8320007324219 27.6849994659424 27.298999786377 26.8759994506836 28.7180004119873 29.8740005493164 30.4659996032715 31.8169994354248 32.1199989318848 32.2350006103516 31.0259990692139 30.625 30.8759994506836 31.3360004425049 31.3560009002686 32.4729995727539 32.9970016479492 33.5800018310547 34.4519996643066 34.5989990234375 33.4690017700195 32.9160003662109 32.5610008239746 31.4009990692139 28.8759994506836 27.5869998931885 26.3689994812012 24.9580001831055 25.5790004730225
24.9790000915527 23.8110008239746 22.4899997711182 21.826000213623 13.1149997711182 3.51600003242493 4.80999994277954 9.4379997253418 13.8129997253418 12.621000289917 14.0659999847412 15.2200002670288 15.5059995651245 19.6340007781982 22.9060001373291 25.3850002288818 26.5659999847412 28.1469993591309 28.3799991607666 28.5769996643066 28.2029991149902 28.2439994812012 29.7649993896484 29.9300003051758 31.0380001068115 31.3770008087158 31.3470001220703 29.9309997558594 29.3759994506836 30.0020008087158 30.8400001525879 31.4160003662109 32.2869987487793 32.859001159668 33.310001373291 33.5800018310547 33.2459983825684 32.9020004272461 32.8330001831055 32.0309982299805 30.69700050354 29.9750003814697 28.9179992675781 27.3549995422363 26.9810009002686 26.5879993438721
17.8290004730225 21.371000289917 20.4540004730225 20.44700050354 19.193000793457 12.4879999160767 13.3839998245239 16.9810009002686 17.003999710083 14.1140003204346 14.2679996490479 15.3459997177124 15.8540000915527 20.923999786377 24.0970001220703 24.9580001831055 26.576000213623 28.2409992218018 29.0319995880127 29.6830005645752 29.6140003204346 28.6790008544922 29.056999206543 29.3740005493164 30.7110004425049 30.6030006408691 30.2660007476807 29.3570003509521 29.193000793457 29.4549999237061 29.5590000152588 31.1439990997314 32.1580009460449 32.1580009460449 32.6389999389648 33.2190017700195 32.9029998779297 32.6710014343262 32.1920013427734 31.4549999237061 30.7849998474121 29.8810005187988 29.1389999389648 27.4050006866455 27.1529998779297 27.4009990692139
15.2849998474121 18.7889995574951 18.4249992370605 19.0690002441406 19.7119998931885 17.8759994506836 17.5930004119873 17.9389991760254 17.3229999542236 15.4770002365112 15.5799999237061 16.8470001220703 17.6490001678467 18.0869998931885 24.511999130249 26.0709991455078 27.496000289917 28.5100002288818 29.3680000305176 29.9249992370605 30.1760005950928 29.443000793457 28.7520008087158 28.1630001068115 28.7240009307861 28.8600006103516 28.2129993438721 27.8369998931885 27.7959995269775 27.0400009155273 25.2889995574951 28.0580005645752 31.7999992370605 31.6989994049072 31.3309993743896 31.9540004730225 31.7959995269775 32.0950012207031 31.8250007629395 30.9820003509521 30.2759990692139 29.1180000305176 28.4899997711182 27.9629993438721 28.6469993591309 29.3929996490479
18.6299991607666 21.1889991760254 20.3899993896484 19.8419990539551 20.318000793457 19.7549991607666 19.4179992675781 18.7029991149902 19.1110000610352 18.3950004577637 17.488000869751 18.257999420166 19.5690002441406 19.4979991912842 23.5429992675781 26.5300006866455 27.2649993896484 28.5629997253418 28.9769992828369 29.2029991149902 29.0809993743896 28.4200000762939 27.9099998474121 26.7900009155273 26.136999130249 26.1009998321533 25.257999420166 24.7819995880127 24.5209999084473 23.7310009002686 22.2560005187988 24.298999786377 31.5699996948242 31.6749992370605 30.7049999237061 29.7600002288818 30.007999420166 30.1959991455078 30.5440006256104 30.6009998321533 29.8899993896484 28.6000003814697 28.0410003662109 28.8810005187988 29.5380001068115 29.9099998474121
27.5030002593994 26.5520000457764 24.4389991760254 23.1529998779297 21.878999710083 20.57200050354 20.3290004730225 19.9629993438721 20.2900009155273 19.8369998931885 18.7630004882812 18.5669994354248 19.8250007629395 20.5690002441406 22.9060001373291 25.2910003662109 26.7019996643066 27.6569995880127 27.7569999694824 27.9839992523193 27.9160003662109 27.4099998474121 27.3600006103516 26.8150005340576 25.8910007476807 23.1889991760254 21.6450004577637 21.7520008087158 20.9890003204346 19.617000579834 20.4500007629395 21.9979991912842 29.1879997253418 31.1030006408691 30.1529998779297 28.6439990997314 28.9360008239746 29.1560001373291 29.2560005187988 29.4930000305176 29.5970001220703 28.1040000915527 28.4740009307861 29.806999206543 30.1669998168945 30.3490009307861
30.4349994659424 30.0209999084473 28.048999786377 27.3969993591309 26.2929992675781 24.121000289917 23.3290004730225 20.7360000610352 20.488000869751 19.5580005645752 18.9169998168945 17.613000869751 19.4220008850098 20.7639999389648 23.6660003662109 25.0650005340576 26.1889991760254 26.8519992828369 27.0869998931885 27.2399997711182 27.4290008544922 27.1439990997314 26.8080005645752 25.9909992218018 24.6959991455078 23.863000869751 21.2700004577637 20.4260005950928 18.9179992675781 16.1690006256104 17.3379993438721 20.1469993591309 22.8700008392334 26.6620006561279 29.4409999847412 28.5669994354248 27.4440002441406 27.2810001373291 27.2900009155273 26.7759990692139 26.8409996032715 28.0270004272461 30.0750007629395 30.7240009307861 31.9139995574951 32.3019981384277
31.4930000305176 31.8990001678467 30.1459999084473 29.0090007781982 27.4759998321533 25.9340000152588 24.0930004119873 21.0179996490479 20.8470001220703 19.8570003509521 19.128999710083 17.7940006256104 18.8309993743896 21.4120006561279 22.6660003662109 22.4230003356934 24.9640007019043 25.8290004730225 25.9589996337891 26.1940002441406 26.5139999389648 26.6399993896484 25.9230003356934 24.9179992675781 21.9160003662109 20.7000007629395 20.0690002441406 18.9309997558594 16.4080009460449 13.4300003051758 12.5059995651245 14.4940004348755 17.8059997558594 17.0699996948242 23.4249992370605 27.6690006256104 26.2360000610352 26.4860000610352 25.6200008392334 25.7870006561279 27.4529991149902 28.8589992523193 30.8430004119873 31.4860000610352 32.4790000915527 33.4529991149902
32.4710006713867 32.6450004577637 31.5970001220703 30.1089992523193 28.4409999847412 25.992000579834 23.5380001068115 21.0510005950928 20.7749996185303 19.9669990539551 18.4689998626709 18.0219993591309 19.3379993438721 19.9659996032715 19.3309993743896 19.798999786377 22.6319999694824 23.8250007629395 24.7159996032715 25.2140007019043 25.2189998626709 24.7430000305176 25.3840007781982 23.1989994049072 19.3110008239746 17.6909999847412 17.8299999237061 18.1189994812012 17.2609996795654 15.3059997558594 13.6199998855591 10.8760004043579 10.1470003128052 7.53900003433228 16.246000289917 22.9519996643066 23.7399997711182 24.4799995422363 24.8640003204346 25.2220001220703 27.2430000305176 28.9979991912842 31.0919990539551 31.6299991607666 32.5979995727539 33.3800010681152
34.8849983215332 34.3400001525879 32.7770004272461 31.2110004425049 29.4549999237061 27.3080005645752 23.7399997711182 21.507999420166 20.8490009307861 20.0820007324219 19.4009990692139 17.8390007019043 16.3799991607666 16.3939990997314 16.9519996643066 18.5750007629395 21.5319995880127 22.9869995117188 23.193000793457 23.7290000915527 23.8400001525879 23.2670001983643 23.2569999694824 21.1119995117188 19.1529998779297 17.0510005950928 17.7859992980957 20.0139999389648 17.9729995727539 15.7980003356934 14.5260000228882 11.1529998779297 7.19899988174438 6.3439998626709 14.7119998931885 21.4400005340576 23.0739994049072 24.181999206543 25.2520008087158 25.8929996490479 27.9720001220703 28.6310005187988 30.0990009307861 30.9179992675781 32.1349983215332 32.7620010375977
35.5989990234375 35.076000213623 34.859001159668 32.3269996643066 31.496000289917 29.8159999847412 24.3519992828369 22.6679992675781 21.7870006561279 20.9459991455078 18.5160007476807 17.2450008392334 15.4169998168945 14.5989999771118 15.1890001296997 17.2740001678467 19.4160003662109 20.8579998016357 19.0139999389648 21.4179992675781 21.7169990539551 21.0410003662109 21.8330001831055 22.7970008850098 22.2789993286133 21.431999206543 20.2439994812012 22.2369995117188 21.6770000457764 20.4029998779297 15.0469999313354 14.8680000305176 11.8470001220703 8.01000022888184 12.7250003814697 20.1219997406006 22.8680000305176 24.5890007019043 25.5179996490479 26.5499992370605 27.69700050354 27.9939994812012 29.3840007781982 30.3430004119873 30.6000003814697 31.3509998321533
35.6580009460449 35.4230003356934 34.6110000610352 33.4850006103516 32.6749992370605 30.8320007324219 26.3729991912842 23.5639991760254 22.8850002288818 18.9810009002686 15.0539999008179 13.7239999771118 11.5530004501343 13.1700000762939 14.3229999542236 15.1479997634888 17.25 15.8850002288818 16.2670001983643 18.7360000610352 19.7919998168945 19.7490005493164 21.7600002288818 23.4249992370605 24.257999420166 23.8729991912842 23.6560001373291 23.2530002593994 22.9720001220703 21.2759990692139 17.007999420166 17.3640003204346 17.1800003051758 14.496000289917 9.42700004577637 17.1580009460449 22.7240009307861 24.5139999389648 25.6979999542236 26.4340000152588 27.1070003509521 27.7199993133545 29.2849998474121 29.5890007019043 29.7609996795654 30.6259994506836
37.1720008850098 36.310001373291 35.7389984130859 34.568000793457 33.8530006408691 31.7970008850098 30.0599994659424 27.1380004882812 22.1609992980957 16.4489994049072 11.1309995651245 7.58300018310547 5.79400014877319 6.85099983215332 14.0649995803833 14.3380002975464 14.4399995803833 14.5329999923706 15.4259996414185 17.2059993743896 17.5370006561279 20.2719993591309 22.4930000305176 25.128999710083 25.2360000610352 24.2299995422363 24.5470008850098 24.9519996643066 24.5130004882812 22.0170001983643 19.8579998016357 18.0809993743896 17.9610004425049 17.5699996948242 14.701000213623 19.6830005645752 19.806999206543 21.8479995727539 24.7269992828369 25.3819999694824 25.6429996490479 26.7560005187988 26.7390003204346 27.1669998168945 28.7329998016357 30.1529998779297
37.3530006408691 36.6780014038086 36.3849983215332 35.5929985046387 33.1150016784668 30.9629993438721 27.4179992675781 25.0900001525879 24.32200050354 18.3139991760254 14.8620004653931 9.01500034332275 7.0149998664856 9.4709997177124 12.6029996871948 12.8990001678467 13.0480003356934 13.1029996871948 13.9409999847412 14.4320001602173 15.4739999771118 19.6030006408691 23.3150005340576 25.5620002746582 26.636999130249 26.2320003509521 26.1560001373291 26.0839996337891 25.1359996795654 24.173999786377 22.193000793457 18.82200050354 18.3279991149902 18.121000289917 17.5830001831055 16.8479995727539 17.0060005187988 18.5650005340576 22.1469993591309 23.5179996490479 24.3880004882812 25.4489994049072 25.7849998474121 26.4249992370605 28.2439994812012 29.5090007781982
37.2249984741211 36.2960014343262 35.6209983825684 35.5989990234375 33.6349983215332 28.2940006256104 26.7159996032715 24.7870006561279 24.2029991149902 16.8479995727539 16.7900009155273 14.7980003356934 5.94199991226196 10.8339996337891 12.3000001907349 12.5209999084473 12.5790004730225 12.6020002365112 13.16100025177 13.3660001754761 15.3950004577637 21.1949996948242 25.0639991760254 25.7889995574951 26.492000579834 27.5629997253418 27.3579998016357 26.7740001678467 25.8810005187988 23.7730007171631 22.8899993896484 19.5179996490479 18.5750007629395 18.423999786377 18.1709995269775 16.9389991760254 17.3610000610352 17.4249992370605 19.863000869751 22.5960006713867 23.0769996643066 23.8349990844727 24.4489994049072 25.5200004577637 26.9209995269775 28.8969993591309
36.7400016784668 36.7290000915527 35.8779983520508 35.3310012817383 34.3969993591309 32.5120010375977 29.9780006408691 26.1000003814697 21.9500007629395 19.6030006408691 17.7719993591309 8.97200012207031 3.31599998474121 8.8459997177124 12.7370004653931 12.793999671936 12.3430004119873 12.8269996643066 12.91100025177 17.5860004425049 19.3390007019043 22.7110004425049 24.5300006866455 26.0480003356934 26.9950008392334 27.7670001983643 27.7639999389648 27.3659992218018 26.246000289917 23.6119995117188 22.6849994659424 20.9689998626709 19.7709999084473 19.2339992523193 19.7649993896484 18.3490009307861 17.8400001525879 17.6660003662109 16.4459991455078 20.7859992980957 21.5729999542236 22.0909996032715 25.0590000152588 27.0279998779297 28.8419990539551 30.2000007629395
36.8009986877441 36.7980003356934 36.0250015258789 34.1969985961914 33.5849990844727 32.3849983215332 31.5960006713867 28.5520000457764 26.6480007171631 25.3700008392334 16.4099998474121 8.18099975585938 3.23200011253357 5.00600004196167 8.46199989318848 8.53299999237061 9.97000026702881 9.95499992370605 11.4790000915527 16.0410003662109 18.988000869751 21.9899997711182 24.2530002593994 25.8610000610352 26.9559993743896 27.2560005187988 26.8579998016357 26.548999786377 26.4020004272461 24.3910007476807 26.3199996948242 26.1870002746582 24.9669990539551 23.3850002288818 21.9179992675781 20.9120006561279 18.2159996032715 18.6229991912842 15.746000289917 14.7709999084473 20.3939990997314 22.9969997406006 25.9570007324219 26.9780006408691 29.4179992675781 29.6909999847412
36.5550003051758 36.2480010986328 35.5299987792969 33.5530014038086 33.2820014953613 33 32.0260009765625 29.6450004577637 27.6429996490479 26.1730003356934 21.9810009002686 18.7679996490479 3.4300000667572 3.31800007820129 3.62899994850159 4.19399976730347 6.80299997329712 7.99300003051758 10.2399997711182 15.585000038147 18.443000793457 20.8799991607666 23.0949993133545 24.4349994659424 25.5510005950928 27.4050006866455 27.7110004425049 26.6650009155273 26.7759990692139 27.3209991455078 28.4200000762939 29.6830005645752 28.9899997711182 26.7709999084473 25.2919998168945 23.6399993896484 19.8190002441406 19.0849990844727 13.8170003890991 12.2749996185303 17.7159996032715 22.5289993286133 25.7390003204346 26.4330005645752 27.4109992980957 28.511999130249
36.1809997558594 35.6769981384277 35.4360008239746 34.8699989318848 34.2280006408691 33.9809989929199 33.6080017089844 32.5699996948242 27.6499996185303 25.9540004730225 23.3959999084473 22.6879997253418 10.6829996109009 3.82599997520447 3.58800005912781 3.07299995422363 5.1230001449585 7.17500019073486 8.39099979400635 14.298999786377 17.3099994659424 19.181999206543 21.1140003204346 22.6949996948242 25.1800003051758 28.3199996948242 29.8330001831055 28.8360004425049 29.996000289917 31.9069995880127 31.3899993896484 31.0540008544922 31.5890007019043 29.6709995269775 27.1200008392334 24.1340007781982 20.0480003356934 19.1459999084473 18.423999786377 12.5419998168945 14.4200000762939 21.5359992980957 25.4519996643066 25.8080005645752 25.6299991607666 28.5590000152588
36.2970008850098 36.6310005187988 38.2140007019043 37.3400001525879 37.1199989318848 36.8059997558594 36.310001373291 35.2859992980957 32.5709991455078 28.9379997253418 26.1049995422363 22.7800006866455 20.5860004425049 8.80799961090088 4.56400012969971 4.91800022125244 6.125 7.59800004959106 7.48899984359741 13.6840000152588 15.0240001678467 17.3129997253418 17.2639999389648 21.2159996032715 24.5869998931885 29.2509994506836 31.5200004577637 32.1580009460449 33.3619995117188 34.4970016479492 33.6440010070801 33.6920013427734 33.2319984436035 31.3239994049072 28.378999710083 25.1949996948242 20.1550006866455 18.8040008544922 18.4759998321533 15.8719997406006 14.9329996109009 22.5779991149902 25.6399993896484 24.9950008392334 25.2439994812012 28.5170001983643
