02_asc_chm-r50m/HS220C.asc
NCOLS 200 
NROWS 200 
XLLCORNER 570250 
YLLCORNER 5222121.5 
CELLSIZE 0.5 
NODATA_value -3.4e+38 
[rows 160 to 179 of 200, columns 138 to 183 of 200]
25.6509990692139 25.6159992218018 27.0179996490479 27.2189998626709 27.9540004730225 27.4839992523193 27.9139995574951 26.7999992370605 21.2339992523193 25.4459991455078 19.0259990692139 7.57600021362305 6.40299987792969 10.168999671936 25.1879997253418 32.7470016479492 34.3370018005371 35.2270011901855 35.7649993896484 35.6790008544922 35.1339988708496 33.1980018615723 33.0929985046387 27.757999420166 26.1219997406006 25.7560005187988 19.8719997406006 19.693000793457 24.7199993133545 27.9740009307861 29.5809993743896 29.2280006408691 30.5109996795654 30.2830009460449 32.5 32.8650016784668 31.4909992218018 32.8839988708496 33.1889991760254 32.3110008239746 31.4300003051758 31.2299995422363 -3.4e+38 -3.4e+38 -3.4e+38 -3.4e+38
26.621000289917 27.0279998779297 28.136999130249 28.1679992675781 28.1340007781982 28.3509998321533 28.753999710083 28.1200008392334 27.4729995727539 26.556999206543 25.4720001220703 9.37600040435791 12.4079999923706 14.2740001678467 26.7360000610352 32.9000015258789 34.4949989318848 35.1980018615723 35.4609985351562 35.4869995117188 34.3349990844727 33.0209999084473 32.3950004577637 29.613000869751 24.7119998931885 23.7770004272461 22.9699993133545 25.2569999694824 27.7220001220703 29.3500003814697 30.0380001068115 29.8799991607666 28.1299991607666 26.8390007019043 28.7660007476807 28.4360008239746 21.9340000152588 28.1800003051758 30.5340003967285 30.4150009155273 30.7800006866455 -3.4e+38 -3.4e+38 -3.4e+38 -3.4e+38 -3.4e+38
26.7509994506836 28.1849994659424 29.5 29.5699996948242 31.0009994506836 30.9230003356934 31.0149993896484 30.4909992218018 29.5270004272461 28.4790000915527 23.4060001373291 26.0830001831055 28.7600002288818 30.011999130249 31.8840007781982 32.4119987487793 33.8219985961914 34.4249992370605 34.5559997558594 34.5900001525879 34.4539985656738 33.5449981689453 31.8740005493164 30.6009998321533 23.1709995269775 21.1529998779297 25.2040004730225 27.5869998931885 28.0470008850098 29.7029991149902 30.2430000305176 29.6509990692139 27.8910007476807 25.3509998321533 24.7560005187988 23.0020008087158 16.4599990844727 26.5639991760254 29.5599994659424 29.3899993896484 -3.4e+38 -3.4e+38 -3.4e+38 -3.4e+38 -3.4e+38 -3.4e+38
26.7390003204346 28.3339996337891 29.9540004730225 30.5090007781982 31.6399993896484 31.7789993286133 31.3589992523193 30.8980007171631 29.8619995117188 28.4909992218018 26.4740009307861 26.8899993896484 28.1140003204346 29.7040004730225 30.9500007629395 31.3549995422363 32.8629989624023 33.4129981994629 33.8160018920898 33.7490005493164 33.4070014953613 32.5950012207031 31.55299949646 26.2900009155273 19.2390003204346 18.2940006256104 22.5930004119873 27.4720001220703 28.3129997253418 29.746000289917 29.9860000610352 28.7830009460449 27.5869998931885 24.636999130249 24.1459999084473 21.0659999847412 19.488000869751 24.3010005950928 28.7399997711182 -3.4e+38 -3.4e+38 -3.4e+38 -3.4e+38 -3.4e+38 -3.4e+38 -3.4e+38
27.6919994354248 29.4640007019043 30.9349994659424 31.3369998931885 32.2620010375977 32.5099983215332 32.257999420166 31.57200050354 31.0979995727539 29.9160003662109 27.6639995574951 26.2999992370605 31.5319995880127 31.5820007324219 30.9570007324219 31.6049995422363 31.7099990844727 31.4750003814697 31.7700004577637 32.5299987792969 32.1319999694824 31.2840003967285 29.2320003509521 25.2889995574951 20.8040008544922 20.386999130249 21.7310009002686 26.136999130249 28.3209991455078 28.7889995574951 29.0879993438721 28.0139999389648 26.8999996185303 24.3360004425049 23.4799995422363 19.7430000305176 19.7670001983643 24.4500007629395 -3.4e+38 -3.4e+38 -3.4e+38 -3.4e+38 -3.4e+38 -3.4e+38 -3.4e+38 -3.4e+38
27.2339992523193 29.7730007171631 31.0590000152588 32.3979988098145 33.1730003356934 33.3880004882812 33.109001159668 32.3559989929199 31.3309993743896 31.5890007019043 33.5800018310547 32.5709991455078 32.3380012512207 34.6030006408691 34.8370018005371 34.7039985656738 31.4330005645752 30.0219993591309 30.0069999694824 30.5149993896484 30.4459991455078 30.1189994812012 27.8570003509521 25.7000007629395 24.4330005645752 22.0970001220703 20.0030002593994 21.9729995727539 25.4549999237061 28 27.9440002441406 27.0629997253418 25.5729999542236 22.3560009002686 22.4549999237061 19.7280006408691 21.8509998321533 -3.4e+38 -3.4e+38 -3.4e+38 -3.4e+38 -3.4e+38 -3.4e+38 -3.4e+38 -3.4e+38 -3.4e+38
27.0979995727539 29.6529998779297 31.0060005187988 32.3899993896484 33.0890007019043 33.4220008850098 33.1500015258789 31.9680004119873 32.6800003051758 33.9290008544922 34.2099990844727 33.7379989624023 33.4560012817383 35.5260009765625 36.7449989318848 36.734001159668 32.0449981689453 29.1359996795654 28.4689998626709 28.7129993438721 29.0030002593994 28.7689990997314 26.6030006408691 24.7360000610352 23.9890003204346 18.4489994049072 17.9939994812012 16.2369995117188 12.2360000610352 24.0230007171631 24.7140007019043 24.6100006103516 20.3059997558594 18.7649993896484 19.5629997253418 19.5809993743896 -3.4e+38 -3.4e+38 -3.4e+38 -3.4e+38 -3.4e+38 -3.4e+38 -3.4e+38 -3.4e+38 -3.4e+38 -3.4e+38
27.2040004730225 29.1679992675781 30.8169994354248 31.8320007324219 32.6189994812012 32.7060012817383 32.2400016784668 31.8780002593994 34.0470008850098 35.4449996948242 35.6609992980957 33.8549995422363 36.6419982910156 37.8040008544922 37.6860008239746 37.765998840332 31.6340007781982 25.2439994812012 25.7339992523193 28.4680004119873 28.2840003967285 26.5219993591309 24.4780006408691 24.3290004730225 21.0849990844727 16.8470001220703 7.08199977874756 11.3120002746582 14.1000003814697 18.5580005645752 20.011999130249 16.0300006866455 16.2019996643066 22.9029998779297 22.1149997711182 -3.4e+38 -3.4e+38 -3.4e+38 -3.4e+38 -3.4e+38 -3.4e+38 -3.4e+38 -3.4e+38 -3.4e+38 -3.4e+38 -3.4e+38
27.0100002288818 27.8600006103516 29.6889991760254 30.6889991760254 31.4990005493164 31.371000289917 30.7940006256104 31.5319995880127 34.8580017089844 37.4420013427734 37.4959983825684 38.2980003356934 38.3940010070801 38.3089981079102 38.3170013427734 37.1259994506836 34.9010009765625 27.1959991455078 22.80299949646 26.1650009155273 24.6380004882812 23.9139995574951 23.7560005187988 23.6240005493164 19.0900001525879 17.2189998626709 10.1479997634888 6.86899995803833 7.49900007247925 7.30600023269653 13.2880001068115 9.50699996948242 13.7480001449585 21.3570003509521 -3.4e+38 -3.4e+38 -3.4e+38 -3.4e+38 -3.4e+38 -3.4e+38 -3.4e+38 -3.4e+38 -3.4e+38 -3.4e+38 -3.4e+38 -3.4e+38
25.636999130249 26.5219993591309 28.1770000457764 29.2630004882812 29.4729995727539 29.8509998321533 29.2479991912842 30.9680004119873 35.4049987792969 38.6800003051758 39.3720016479492 38.7750015258789 39.6419982910156 39.9519996643066 38.9449996948242 36.673999786377 36.1580009460449 33.2050018310547 25.3400001525879 22.4479999542236 23.8470001220703 23.3269996643066 22.7240009307861 22.2770004272461 20.7259998321533 16.6009998321533 11.6840000152588 7.68900012969971 6.48400020599365 7.10200023651123 7.52099990844727 7.61899995803833 12.7810001373291 -3.4e+38 -3.4e+38 -3.4e+38 -3.4e+38 -3.4e+38 -3.4e+38 -3.4e+38 -3.4e+38 -3.4e+38 -3.4e+38 -3.4e+38 -3.4e+38 -3.4e+38
25.0100002288818 25.4120006561279 26.7329998016357 27.5629997253418 27.9860000610352 28.242000579834 28.613000869751 30.6550006866455 34.5330009460449 38.9099998474121 41.056999206543 41.1720008850098 41.1679992675781 40.6539993286133 39.1800003051758 37.4360008239746 35.6479988098145 35.3600006103516 31.5230007171631 24.44700050354 24.1509990692139 24.4489994049072 23.238000869751 21.8579998016357 21.298999786377 18.2880001068115 13.6709995269775 10.9250001907349 8.77499961853027 6.61499977111816 6.96600008010864 7.17600011825562 -3.4e+38 -3.4e+38 -3.4e+38 -3.4e+38 -3.4e+38 -3.4e+38 -3.4e+38 -3.4e+38 -3.4e+38 -3.4e+38 -3.4e+38 -3.4e+38 -3.4e+38 -3.4e+38
24.7409992218018 25.007999420166 25.2929992675781 26.2660007476807 26.5970001220703 26.6469993591309 25.9230003356934 29.5470008850098 36.4790000915527 38.5419998168945 41.6430015563965 41.6959991455078 41.8019981384277 41.2000007629395 39.5789985656738 38.0820007324219 35.4910011291504 35.3120002746582 32.1669998168945 25.6089992523193 25.6550006866455 26.0380001068115 25.8920001983643 23.3309993743896 23.2919998168945 22.0650005340576 18.5890007019043 13.621000289917 12.8050003051758 6.01000022888184 6.36999988555908 -3.4e+38 -3.4e+38 -3.4e+38 -3.4e+38 -3.4e+38 -3.4e+38 -3.4e+38 -3.4e+38 -3.4e+38 -3.4e+38 -3.4e+38 -3.4e+38 -3.4e+38 -3.4e+38 -3.4e+38
20.5729999542236 24.6219997406006 24.9400005340576 25.6749992370605 25.3209991455078 25.0820007324219 26.4500007629395 30.7560005187988 35.2980003356934 38.8530006408691 40.8349990844727 41.1500015258789 41.4259986877441 40.9930000305176 39.3540000915527 38.2820014953613 36.1969985961914 34.5670013427734 32.625 28.6159992218018 26.8810005187988 27.0650005340576 27.4769992828369 27.1940002441406 26.246000289917 24.128999710083 20.5769996643066 17.6480007171631 15.1730003356934 7.625 -3.4e+38 -3.4e+38 -3.4e+38 -3.4e+38 -3.4e+38 -3.4e+38 -3.4e+38 -3.4e+38 -3.4e+38 -3.4e+38 -3.4e+38 -3.4e+38 -3.4e+38 -3.4e+38 -3.4e+38 -3.4e+38
22.253999710083 22.7240009307861 23.9409999847412 22.5020008087158 23.0090007781982 23.7950000762939 25.988000869751 32.8849983215332 38.0369987487793 38.9720001220703 40.181999206543 39.8569984436035 39.9659996032715 40.0359992980957 38.564998626709 37.6469993591309 35.6920013427734 31.1399993896484 27.8309993743896 27.193000793457 27.1909999847412 27.3279991149902 28.1019992828369 27.5790004730225 26.4869995117188 25.5069999694824 23.8740005493164 20.6159992218018 17.42799949646 -3.4e+38 -3.4e+38 -3.4e+38 -3.4e+38 -3.4e+38 -3.4e+38 -3.4e+38 -3.4e+38 -3.4e+38 -3.4e+38 -3.4e+38 -3.4e+38 -3.4e+38 -3.4e+38 -3.4e+38 -3.4e+38 -3.4e+38
22.2810001373291 22.011999130249 22.826000213623 22.3139991760254 23.3610000610352 25.30299949646 25.9769992828369 30.9449996948242 37.6990013122559 38.4059982299805 39.0740013122559 38.7120018005371 38.1279983520508 37.8230018615723 37.3940010070801 37.2729988098145 35.7929992675781 31.1660003662109 28.9829998016357 28.2339992523193 28.5779991149902 28.8859996795654 28.7569999694824 27.8759994506836 26.6840000152588 25.9759998321533 23.5020008087158 22.2719993591309 -3.4e+38 -3.4e+38 -3.4e+38 -3.4e+38 -3.4e+38 -3.4e+38 -3.4e+38 -3.4e+38 -3.4e+38 -3.4e+38 -3.4e+38 -3.4e+38 -3.4e+38 -3.4e+38 -3.4e+38 -3.4e+38 -3.4e+38 -3.4e+38
22.8619995117188 21.8159999847412 23.3939990997314 24.0100002288818 23.2509994506836 22.9029998779297 23.0440006256104 27.5930004119873 33.6139984130859 34.7210006713867 35.898998260498 37.3409996032715 36.6500015258789 36.2770004272461 36.0919990539551 35.7939987182617 32.9029998779297 28.3250007629395 28.7369995117188 28.9899997711182 29.3470001220703 30.5349998474121 30.7679996490479 29.3770008087158 28.7399997711182 28.2080001831055 25.7040004730225 -3.4e+38 -3.4e+38 -3.4e+38 -3.4e+38 -3.4e+38 -3.4e+38 -3.4e+38 -3.4e+38 -3.4e+38 -3.4e+38 -3.4e+38 -3.4e+38 -3.4e+38 -3.4e+38 -3.4e+38 -3.4e+38 -3.4e+38 -3.4e+38 -3.4e+38
23.3059997558594 22.9689998626709 24.673999786377 25.0139999389648 23.8369998931885 22.423999786377 22.2329998016357 24.9599990844727 25.8490009307861 30.0610008239746 33.0589981079102 34.234001159668 35.2330017089844 34.8639984130859 34.7200012207031 33.7939987182617 31.0100002288818 29.4009990692139 29.2609996795654 30.0240001678467 31.5900001525879 32.0830001831055 31.5739994049072 29.488000869751 28.4839992523193 27.5419998168945 -3.4e+38 -3.4e+38 -3.4e+38 -3.4e+38 -3.4e+38 -3.4e+38 -3.4e+38 -3.4e+38 -3.4e+38 -3.4e+38 -3.4e+38 -3.4e+38 -3.4e+38 -3.4e+38 -3.4e+38 -3.4e+38 -3.4e+38 -3.4e+38 -3.4e+38 -3.4e+38
24.7339992523193 23.5520000457764 24.8250007629395 24.6030006408691 22.5650005340576 19.1350002288818 20.8589992523193 20.7059993743896 23.496000289917 24.9909992218018 30.1849994659424 30.3250007629395 30.8390007019043 30.4440002441406 30.6509990692139 28.7369995117188 29.4409999847412 29.2679996490479 28.8589992523193 30.1909999847412 31.9839992523193 32.9000015258789 32.310001373291 31.3570003509521 29.0729999542236 -3.4e+38 -3.4e+38 -3.4e+38 -3.4e+38 -3.4e+38 -3.4e+38 -3.4e+38 -3.4e+38 -3.4e+38 -3.4e+38 -3.4e+38 -3.4e+38 -3.4e+38 -3.4e+38 -3.4e+38 -3.4e+38 -3.4e+38 -3.4e+38 -3.4e+38 -3.4e+38 -3.4e+38
27.4449996948242 23.5599994659424 22.8139991760254 22.375 20.5739994049072 18.8099994659424 17.9050006866455 19.2880001068115 19.4839992523193 21.3360004425049 24.1690006256104 24.2719993591309 23.8969993591309 28.4389991760254 24.4479999542236 24.2430000305176 25.6870002746582 27.6159992218018 28.8159999847412 30.2870006561279 32.2869987487793 33.0299987792969 32.8479995727539 30.8530006408691 -3.4e+38 -3.4e+38 -3.4e+38 -3.4e+38 -3.4e+38 -3.4e+38 -3.4e+38 -3.4e+38 -3.4e+38 -3.4e+38 -3.4e+38 -3.4e+38 -3.4e+38 -3.4e+38 -3.4e+38 -3.4e+38 -3.4e+38 -3.4e+38 -3.4e+38 -3.4e+38 -3.4e+38 -3.4e+38
27.4260005950928 24.4839992523193 22.8309993743896 19.4379997253418 16.7210006713867 15.4139995574951 15.0010004043579 17.7430000305176 17.6840000152588 19.1550006866455 22.621000289917 22.6900005340576 22.8969993591309 23.9939994812012 23.2859992980957 23.9680004119873 26.0289993286133 27.2999992370605 28.5209999084473 30.6060009002686 32.5499992370605 32.7389984130859 32.4799995422363 -3.4e+38 -3.4e+38 -3.4e+38 -3.4e+38 -3.4e+38 -3.4e+38 -3.4e+38 -3.4e+38 -3.4e+38 -3.4e+38 -3.4e+38 -3.4e+38 -3.4e+38 -3.4e+38 -3.4e+38 -3.4e+38 -3.4e+38 -3.4e+38 -3.4e+38 -3.4e+38 -3.4e+38 -3.4e+38 -3.4e+38
