02_asc_chm-r50m/HS22X6.asc
NCOLS 201 
NROWS 200 
XLLCORNER 568600 
YLLCORNER 5221256 
CELLSIZE 0.5 
NODATA_value -3.4e+38 
[rows 20 to 39 of 200, columns 46 to 91 of 201]
16.5209999084473 12.9359998703003 14.1009998321533 12.2889995574951 11.8610000610352 11.5930004119873 11.9270000457764 13.0380001068115 13.0939998626709 12.9680004119873 12.0869998931885 9.44299983978271 8.26700019836426 7.41699981689453 7.15799999237061 8.67800045013428 9.27700042724609 10.4530000686646 12.746000289917 13.5699996948242 13.253999710083 11.1040000915527 6.49100017547607 11.2229995727539 12.6379995346069 15.2650003433228 19.7479991912842 21.7240009307861 23.4150009155273 25.8810005187988 28.2819995880127 28.2759990692139 29.8099994659424 31.3519992828369 31.576000213623 31.8299999237061 31.6420001983643 30.2789993286133 29.5130004882812 28.6270008087158 26.2919998168945 21.5839996337891 21.4570007324219 24.9459991455078 27.1200008392334 26.6790008544922
15.8140001296997 13.2629995346069 12.33899974823 11.9589996337891 12.2650003433228 14.0349998474121 14.9879999160767 14.3610000610352 13.9770002365112 13.3369998931885 12.3780002593994 10.2670001983643 8.70400047302246 9.99300003051758 13.8999996185303 14.0270004272461 13.75 13.3159999847412 15.5539999008179 17.6609992980957 18.1630001068115 12.5719995498657 3.93799996376038 4.89699983596802 10.0129995346069 14.0539999008179 17.5779991149902 20.2859992980957 21.5709991455078 24.9750003814697 27.5979995727539 27.943000793457 28.5909996032715 29.8419990539551 30.5739994049072 31.2119998931885 30.5860004425049 28.738000869751 28.3470001220703 27.6879997253418 25.5170001983643 19.4379997253418 21.4400005340576 23.9839992523193 25.3570003509521 24.6180000305176
14.831000328064 13.5520000457764 12.0719995498657 12.628999710083 14.1079998016357 15.0950002670288 15.9499998092651 15.6750001907349 15 14.9379997253418 13.4540004730225 12.9619998931885 11.3660001754761 12.951000213623 16.07200050354 16.9930000305176 16.7040004730225 15.3570003509521 17.4220008850098 18.988000869751 20.1949996948242 15.7650003433228 14.2930002212524 11.8999996185303 14.1940002441406 17.2479991912842 16.423999786377 19.0030002593994 21.3430004119873 22.8770008087158 25.7119998931885 26.9680004119873 27.378999710083 29.5410003662109 30.0599994659424 30.4540004730225 29.8700008392334 29.2099990844727 28.0090007781982 27.2049999237061 24.3719997406006 20.1809997558594 21.0069999694824 23.0370006561279 22.3379993438721 23.2290000915527
11.8280000686646 13.1409997940063 12.7399997711182 13.3249998092651 15.128999710083 16.3700008392334 17.1079998016357 17.1270008087158 16.3419990539551 15.9390001296997 14.5410003662109 13.3229999542236 12.2110004425049 15.3090000152588 18.1709995269775 19.7360000610352 20.0219993591309 19.8439998626709 21.2320003509521 22.5450000762939 25.2049999237061 23.7119998931885 21.7299995422363 20.2089996337891 20.2369995117188 21.1270008087158 18.1870002746582 18.3059997558594 21.8379993438721 23.2889995574951 24.0750007629395 26.5359992980957 28.5979995727539 30.6270008087158 31.3279991149902 31.6790008544922 30.8129997253418 30.4909992218018 28.4860000610352 25.9349994659424 24.5189990997314 22.7180004119873 21.6270008087158 22.0200004577637 22.17799949646 22.5779991149902
10.1800003051758 10.6979999542236 12.4709997177124 14.4790000915527 15.8520002365112 16.9689998626709 17.4360008239746 17.5930004119873 17.0869998931885 16.3759994506836 15.2080001831055 13.5699996948242 12.9580001831055 17.6940002441406 18.0249996185303 22.1340007781982 22.9130001068115 24.371000289917 26.0389995574951 26.5170001983643 27.5240001678467 27.2709999084473 25.3020000457764 23.8449993133545 23.5380001068115 22.2630004882812 18.6569995880127 17.75 20.1809997558594 23.8470001220703 25.3540000915527 28.7749996185303 30.8430004119873 32.2299995422363 33.9179992675781 33.2919998168945 32.2610015869141 32.0060005187988 30.2099990844727 27.5860004425049 24.6909999847412 24.2900009155273 22.69700050354 22.1809997558594 22.306999206543 22.2709999084473
12.9619998931885 10.6219997406006 12.8020000457764 13.9479999542236 15.7910003662109 17.1979999542236 17.4200000762939 17.4489994049072 17.2560005187988 16.4479999542236 16.0069999694824 15.326000213623 15.1960000991821 15.371000289917 17.6949996948242 24.0370006561279 23.8269996643066 26.6399993896484 28.6089992523193 28.8929996490479 28.7479991912842 28.9300003051758 27.7900009155273 27.1009998321533 24.9500007629395 23.4120006561279 20.4860000610352 20.3430004119873 21.9349994659424 24.632999420166 27.1259994506836 30.548999786377 32.3009986877441 33.9169998168945 35.1199989318848 34.7389984130859 34.1450004577637 33.8269996643066 31.1429996490479 27.4669990539551 24.6439990997314 24.0170001983643 23.4099998474121 23.0330009460449 23.8470001220703 23.6509990692139
15.0260000228882 12.8800001144409 13.8140001296997 12.9340000152588 15.3979997634888 16.3010005950928 16.738000869751 16.8290004730225 16.2229995727539 15.7159996032715 14.9329996109009 14.8920001983643 14.9340000152588 15.4530000686646 19.9979991912842 24.8360004425049 26.4669990539551 28.7789993286133 29.3509998321533 29.2600002288818 30.3229999542236 31.0189990997314 30.0659999847412 28.7000007629395 27.1529998779297 24.5279998779297 22.0979995727539 21.4260005950928 22.0200004577637 23.5610008239746 27.1690006256104 30.7180004119873 33.1809997558594 34.4249992370605 36.3019981384277 36.3720016479492 35.1180000305176 34.1080017089844 31.113000869751 29.1529998779297 26.1049995422363 24.7900009155273 24.9249992370605 26.5769996643066 27.1149997711182 27.2810001373291
16.3199996948242 14.9289999008179 14.33899974823 11.5080003738403 14.6199998855591 15.3920001983643 15.8950004577637 15.6520004272461 15.2749996185303 14.8940000534058 13.5319995880127 13.1870002746582 13.7559995651245 19.7259998321533 23.3199996948242 24.5590000152588 28.3460006713867 30.8090000152588 30.9349994659424 32.1469993591309 32.7280006408691 32.4500007629395 31.7770004272461 28.8729991912842 28.2770004272461 23.9659996032715 22.1189994812012 20.5769996643066 21.8150005340576 22.5330009460449 26.0949993133545 30.6040000915527 33.0349998474121 35.8530006408691 37.0900001525879 37.173999786377 35.609001159668 34.0410003662109 31.3470001220703 28.7630004882812 26.6280002593994 25.3139991760254 27.3600006103516 29.4080009460449 29.69700050354 29.3339996337891
17.9610004425049 16.6860008239746 14.6990003585815 9.92500019073486 12.3909997940063 13.6219997406006 13.9469995498657 13.3879995346069 13.4180002212524 13.3030004501343 10.7440004348755 12.1490001678467 13.21399974823 20.1679992675781 22.7220001220703 26.6760005950928 28.8110008239746 31.4669990539551 32.0550003051758 33.4210014343262 34.726001739502 34.1119995117188 32.1510009765625 29.875 28.4039993286133 25.0370006561279 23.1189994812012 19.5919990539551 20.9810009002686 22.8010005950928 25.0559997558594 29.6219997406006 32.8380012512207 35.1570014953613 36.2350006103516 36.1689987182617 35.5660018920898 33.7610015869141 30.8059997558594 28.9750003814697 27.1299991607666 27.3400001525879 29.6620006561279 31.1389999389648 31.2649993896484 30.9969997406006
19.6790008544922 18.0310001373291 13.0480003356934 9.53400039672852 10.4020004272461 12.1219997406006 12.3170003890991 11.0959997177124 9.18400001525879 10.3509998321533 10.9350004196167 12.1450004577637 14.2609996795654 19.4969997406006 22.9720001220703 27.173999786377 29.2740001678467 31.07200050354 32.3040008544922 34.0909996032715 35.3429985046387 34.7229995727539 32.298999786377 32.0830001831055 27.4659996032715 25.673999786377 23.7600002288818 20.9039993286133 20.3560009002686 23.7859992980957 26.7350006103516 28.9750003814697 32.6879997253418 33.5 34.2669982910156 34.5800018310547 34.0639991760254 32.0270004272461 31.6000003814697 27.9680004119873 26.1590003967285 28.9720001220703 31.2830009460449 31.8610000610352 32.2669982910156 32.1990013122559
19.7240009307861 18.3519992828369 13.9340000152588 9.17399978637695 8.96199989318848 12.7320003509521 13.4139995574951 12.9289999008179 10.7159996032715 13.1719999313354 16.0170001983643 16.8299999237061 20.5909996032715 21.4829998016357 24.2759990692139 27.5799999237061 28.8419990539551 30.3560009002686 32.3730010986328 33.7039985656738 33.8549995422363 32.9029998779297 31.9790000915527 30.6499996185303 28.4220008850098 26.1609992980957 24.693000793457 21.7940006256104 20.9540004730225 24.9969997406006 26.7339992523193 28.378999710083 29.7110004425049 31.1979999542236 32.257999420166 32.7929992675781 31.2000007629395 29.7819995880127 28.3110008239746 26.05299949646 26.6800003051758 28.7830009460449 31.7220001220703 32.4269981384277 33.3120002746582 33.2729988098145
19.3099994659424 17.7549991607666 14.9379997253418 10.3870000839233 9.50599956512451 13.0939998626709 13.2489995956421 13.3050003051758 14.7080001831055 17.7770004272461 20.3419990539551 20.3509998321533 21.5729999542236 23.5200004577637 24.9500007629395 26.6849994659424 27.6040000915527 28.9300003051758 30.7159996032715 32.023998260498 32.3279991149902 32.2249984741211 30.9489994049072 29.9729995727539 27.6520004272461 24.7740001678467 24.5590000152588 19.996000289917 19.8549995422363 23.5300006866455 25.1110000610352 24.4200000762939 25.7660007476807 29.5209999084473 30.0219993591309 30.4009990692139 27.8799991607666 25.4349994659424 24.7630004882812 24.3330001831055 26.507999420166 28.6229991912842 31.2910003662109 32.1990013122559 32.6829986572266 32.5900001525879
17.5520000457764 15.2770004272461 13.0950002670288 10.1470003128052 8.52099990844727 13.664999961853 13.5389995574951 13.2799997329712 16.5629997253418 19.6420001983643 20.7189998626709 21.7280006408691 24.0349998474121 26.8640003204346 26.9540004730225 28.1310005187988 28.6420001983643 29.3619995117188 30.8229999542236 31.8479995727539 31.6909999847412 31.1599998474121 28.4099998474121 28.4489994049072 25.8999996185303 24.3299999237061 23.9340000152588 19.753999710083 18.7049999237061 19.5380001068115 21.4060001373291 19.3610000610352 21.1399993896484 27.3780002593994 27.7080001831055 28.4200000762939 27.8700008392334 25.2140007019043 21.7649993896484 23.076000213623 26.9829998016357 29.1030006408691 30.7089996337891 31.701000213623 31.7150001525879 31.8059997558594
16.7600002288818 14.3680000305176 12.2639999389648 10.4759998321533 12.9209995269775 15.1909999847412 15.871000289917 17.6749992370605 18.2940006256104 19.67799949646 21.556999206543 22.4699993133545 27.0130004882812 27.3659992218018 28.3540000915527 29.5240001678467 30.2639999389648 30.5960006713867 31.7040004730225 31.2789993286133 30.7970008850098 30.1650009155273 27.6630001068115 25.988000869751 24.826000213623 24.3610000610352 23.9689998626709 21.1700000762939 19.1580009460449 17.6019992828369 17.386999130249 20.5259990692139 21.8929996490479 24.576000213623 25.6979999542236 27.0049991607666 26.19700050354 24.5179996490479 20.7889995574951 20.3460006713867 22.5060005187988 28.6019992828369 29.5160007476807 30.2929992675781 31.2399997711182 31.4440002441406
15.5240001678467 13.9079999923706 13.2840003967285 12.7430000305176 14.8879995346069 15.8599996566772 17.3229999542236 18.8910007476807 20.2229995727539 20.9260005950928 22.0330009460449 23.246000289917 26.4139995574951 27.3369998931885 28.9120006561279 30.8099994659424 32.5449981689453 32.9980010986328 32.859001159668 30.8729991912842 29.4580001831055 28.4220008850098 27.1159992218018 24.8339996337891 24.6439990997314 23.2119998931885 19.5949993133545 16.306999206543 11.451000213623 16.5149993896484 14.7419996261597 17.2950000762939 20.3649997711182 21.261999130249 21.503999710083 23.2560005187988 22.681999206543 22.1000003814697 19.2049999237061 19.2980003356934 18.7189998626709 26.8309993743896 28.6569995880127 29.1840000152588 30.0620002746582 30.2670001983643
13.6260004043579 14.793999671936 14.4219999313354 14.0769996643066 15.7799997329712 16.431999206543 16.8239994049072 18.7029991149902 21.2320003509521 21.9619998931885 22.548999786377 24.5580005645752 26.3509998321533 26.9340000152588 28.8449993133545 30.3339996337891 32.6940002441406 34.2900009155273 33.9129981994629 30.57200050354 29.4300003051758 28.17799949646 26.2759990692139 24.2569999694824 24.0090007781982 22.5960006713867 16.4160003662109 16.1299991607666 14.6049995422363 13.7679996490479 13.9820003509521 16.0639991760254 16.7950000762939 18.2530002593994 19.4529991149902 18.6019992828369 18.1849994659424 17.4169998168945 16.4200000762939 17.1650009155273 16.8190002441406 25.2749996185303 27.6840000152588 28.4169998168945 28.8330001831055 27.9440002441406
14.7629995346069 15.2819995880127 15.7279996871948 15.8769998550415 16.7700004577637 17.1350002288818 18.878999710083 21.19700050354 21.9379997253418 22.5279998779297 22.9580001831055 24.693000793457 25.9449996948242 26.8400001525879 28.8299999237061 30.1989994049072 31.7929992675781 32.9169998168945 32.3440017700195 30.4860000610352 28.7129993438721 27.943000793457 26.1609992980957 24.2689990997314 24.048999786377 20.867000579834 18.8159999847412 17.7240009307861 16.625 16.8589992523193 16.9610004425049 16.5699996948242 16.2229995727539 16.6499996185303 19.0690002441406 18.3320007324219 17.5470008850098 16.1420001983643 14.7360000610352 16.2180004119873 16.7900009155273 23.3600006103516 26.1790008544922 27.9389991760254 25.9060001373291 24.6539993286133
16.3099994659424 17.761999130249 17.6979999542236 17.3950004577637 18.1949996948242 18.6599998474121 19.8449993133545 20.9099998474121 21.9340000152588 22.8379993438721 23.4810009002686 24.7140007019043 25.0300006866455 26.8400001525879 28.3519992828369 29.1340007781982 29.9039993286133 30.5979995727539 30.4680004119873 30.2019996643066 28.2169990539551 27.5669994354248 26.7189998626709 25.6809997558594 23.9120006561279 20.3449993133545 17.7919998168945 17.9699993133545 18.5480003356934 19.0709991455078 19.0270004272461 17.7800006866455 16.2490005493164 17.6690006256104 19.9029998779297 20.4150009155273 20.1480007171631 18.8129997253418 17.3969993591309 18.371000289917 17.3470001220703 17.8129997253418 21.1490001678467 23.4790000915527 21.9029998779297 21.6790008544922
17.9069995880127 19.1420001983643 19.0499992370605 18.7169990539551 18.9810009002686 19.2970008850098 20.496000289917 21.2630004882812 22.1040000915527 22.7660007476807 22.988000869751 23.0669994354248 23.4839992523193 25.7940006256104 27.9740009307861 29.1340007781982 29.761999130249 29.6450004577637 29.3239994049072 29.3449993133545 28.3279991149902 27.5 26.0370006561279 24.4939994812012 23.2509994506836 22.5139999389648 21.3059997558594 21.0349998474121 19.7430000305176 19.753999710083 19.9689998626709 18.8840007781982 16.8640003204346 19.2250003814697 21.1569995880127 22.6219997406006 21.7199993133545 21.6140003204346 19.9360008239746 19.9160003662109 19.2830009460449 18.2919998168945 18.451000213623 19.6310005187988 19.7900009155273 19.5639991760254
18.6490001678467 19.818000793457 20.05299949646 19.8500003814697 19.4020004272461 18.9349994659424 19.7049999237061 20.7290000915527 21.2929992675781 22.0809993743896 21.5939998626709 21.6079998016357 22.6110000610352 25.4409999847412 27.1949996948242 28.1000003814697 29.1690006256104 28.8320007324219 28.5230007171631 28.5279998779297 28.2240009307861 27.8999996185303 27.2430000305176 26.0100002288818 24.4559993743896 23.82200050354 23.9780006408691 22.8040008544922 21.1700000762939 20.503999710083 20.9090003967285 21.1110000610352 20.9969997406006 22.4009990692139 23.3339996337891 23.8010005950928 23.0049991607666 23.048999786377 23.2950000762939 22.4529991149902 19.371000289917 16.9839992523193 16.5659999847412 18.2059993743896 19.117000579834 19.875
