02_asc_chm-r50m/HS220I.asc
NCOLS 201 
NROWS 201 
XLLCORNER 571864 
YLLCORNER 5219043 
CELLSIZE 0.5 
NODATA_value -3.4e+38 
[rows 0 to 19 of 201, columns 92 to 137 of 201]
-3.4e+38 -3.4e+38 -3.4e+38 -3.4e+38 -3.4e+38 -3.4e+38 -3.4e+38 -3.4e+38 -3.4e+38 -3.4e+38 -3.4e+38 -3.4e+38 -3.4e+38 -3.4e+38 -3.4e+38 -3.4e+38 -3.4e+38 -3.4e+38 -3.4e+38 -3.4e+38 -3.4e+38 -3.4e+38 -3.4e+38 -3.4e+38 -3.4e+38 -3.4e+38 -3.4e+38 -3.4e+38 -3.4e+38 -3.4e+38 -3.4e+38 -3.4e+38 -3.4e+38 -3.4e+38 -3.4e+38 -3.4e+38 -3.4e+38 -3.4e+38 -3.4e+38 -3.4e+38 -3.4e+38 -3.4e+38 -3.4e+38 -3.4e+38 -3.4e+38 -3.4e+38
39.1459999084473 39.515998840332 39.6539993286133 39.4220008850098 39.359001159668 39.2919998168945 36.6539993286133 38.5229988098145 40.6030006408691 40.9690017700195 44.8050003051758 47.6889991760254 47.8919982910156 46.9490013122559 46.3450012207031 46.2690010070801 43.3520011901855 42.3279991149902 -3.4e+38 -3.4e+38 -3.4e+38 -3.4e+38 -3.4e+38 -3.4e+38 -3.4e+38 -3.4e+38 -3.4e+38 -3.4e+38 -3.4e+38 -3.4e+38 -3.4e+38 -3.4e+38 -3.4e+38 -3.4e+38 -3.4e+38 -3.4e+38 -3.4e+38 -3.4e+38 -3.4e+38 -3.4e+38 -3.4e+38 -3.4e+38 -3.4e+38 -3.4e+38 -3.4e+38 -3.4e+38
39.1080017089844 39.2550010681152 39.5540008544922 39.4679985046387 38.9210014343262 37.7809982299805 36.1790008544922 36.1469993591309 39.3330001831055 40.8199996948242 40.8409996032715 43.4129981994629 43.4220008850098 43.4220008850098 42.5419998168945 41.5699996948242 41.1049995422363 39.8800010681152 38.6259994506836 38.6580009460449 37.7669982910156 29.3419990539551 29.1299991607666 29.6270008087158 -3.4e+38 -3.4e+38 -3.4e+38 -3.4e+38 -3.4e+38 -3.4e+38 -3.4e+38 -3.4e+38 -3.4e+38 -3.4e+38 -3.4e+38 -3.4e+38 -3.4e+38 -3.4e+38 -3.4e+38 -3.4e+38 -3.4e+38 -3.4e+38 -3.4e+38 -3.4e+38 -3.4e+38 -3.4e+38
40.7280006408691 38.6559982299805 39.0040016174316 39.148998260498 38.4500007629395 37.0449981689453 35.0379981994629 34.6119995117188 34.7470016479492 37.9150009155273 36.9249992370605 36.5499992370605 36.1800003051758 37.9570007324219 37.3629989624023 39.2280006408691 39.3499984741211 36.9309997558594 37.3019981384277 32.4679985046387 28.8999996185303 25.931999206543 25.8799991607666 25.056999206543 24.1560001373291 23.8999996185303 24.0779991149902 24.7259998321533 24.7679996490479 25.003999710083 -3.4e+38 -3.4e+38 -3.4e+38 -3.4e+38 -3.4e+38 -3.4e+38 -3.4e+38 -3.4e+38 -3.4e+38 -3.4e+38 -3.4e+38 -3.4e+38 -3.4e+38 -3.4e+38 -3.4e+38 -3.4e+38
40.8190002441406 38.4160003662109 37.7120018005371 38.564998626709 37.2220001220703 35.4449996948242 34.1290016174316 34.4039993286133 33.1959991455078 32.7669982910156 31.9640007019043 30.4220008850098 30.0769996643066 29.5060005187988 27.9190006256104 29.8999996185303 31.2080001831055 33.1189994812012 31.3279991149902 24.003999710083 25.6870002746582 26.0909996032715 25.9650001525879 25.6860008239746 25.0729999542236 23.9950008392334 24.0739994049072 24.2910003662109 24.4640007019043 23.9160003662109 23.193000793457 22.6849994659424 24.4549999237061 25.5739994049072 28.2119998931885 32.898998260498 34.0639991760254 -3.4e+38 -3.4e+38 -3.4e+38 -3.4e+38 -3.4e+38 -3.4e+38 -3.4e+38 -3.4e+38 -3.4e+38
40.7299995422363 38.7820014953613 37.0320014953613 37.9410018920898 37.9280014038086 38.8400001525879 38.5130004882812 37.4790000915527 37.1110000610352 36.2809982299805 33.3240013122559 31.3850002288818 30.0510005950928 28.8400001525879 25.9519996643066 24.0799999237061 22.6669998168945 24.1620006561279 22.496000289917 23.9179992675781 25.7940006256104 26.0090007781982 25.8980007171631 25.6679992675781 25.1520004272461 24.496000289917 23.7259998321533 23.2709999084473 23.7660007476807 24.0620002746582 23.8509998321533 23.3419990539551 22.9740009307861 25.5009994506836 27.4829998016357 31.0030002593994 33.3380012512207 34.685001373291 35.0190010070801 36.2550010681152 -3.4e+38 -3.4e+38 -3.4e+38 -3.4e+38 -3.4e+38 -3.4e+38
39.1150016784668 37.0929985046387 36.4949989318848 39.6349983215332 39.6650009155273 39.484001159668 39.5880012512207 38.8969993591309 37.9469985961914 36.5660018920898 33.8540000915527 32.6469993591309 31.44700050354 29.1979999542236 28.5380001068115 23.6660003662109 22.6560001373291 22.5149993896484 22.367000579834 24.0909996032715 25.0429992675781 25.4330005645752 25.4120006561279 25.5020008087158 25.3390007019043 24.8090000152588 24.2870006561279 23.6019992828369 23.1420001983643 23.6450004577637 23.6790008544922 23.0709991455078 23.0839996337891 23.6749992370605 25.7800006866455 30.1159992218018 32.5960006713867 32.4850006103516 33.2799987792969 34.6920013427734 35.2649993896484 33.5699996948242 33.5810012817383 -3.4e+38 -3.4e+38 -3.4e+38
36.9370002746582 36.0660018920898 37.1049995422363 40.0089988708496 41.548999786377 41.451000213623 40.9970016479492 40.1500015258789 39.0610008239746 36.2709999084473 33.6959991455078 32.6459999084473 31.5960006713867 29.3139991760254 25.9039993286133 22.5839996337891 22.1860008239746 21.8950004577637 21.9659996032715 23.4680004119873 24.1770000457764 24.871000289917 24.7910003662109 25.1889991760254 24.7870006561279 24.0289993286133 23.738000869751 24.1259994506836 23.806999206543 24.0860004425049 24.117000579834 23.7329998016357 23.5349998474121 23.7819995880127 24.7450008392334 27.2390003204346 31.556999206543 31.7180004119873 31.7840003967285 31.8980007171631 32.2080001831055 32.3549995422363 32.6959991455078 32.5200004577637 28.4409999847412 -3.4e+38
36.7070007324219 36.1759986877441 37.2840003967285 40.0559997558594 41.4780006408691 42.1959991455078 41.6559982299805 40.7919998168945 39.8310012817383 35.5740013122559 33.1319999694824 32.6370010375977 32.0340003967285 29.1599998474121 24.1040000915527 22.0470008850098 21.613000869751 19.923999786377 20.7800006866455 22.5160007476807 23.2600002288818 24.5970001220703 24.7779998779297 25.2080001831055 25.6860008239746 25.3239994049072 25.0389995574951 24.6849994659424 24.5440006256104 24.625 24.5599994659424 24.3729991912842 23.6229991912842 23.3770008087158 23.9459991455078 25.4750003814697 26.8959999084473 28.7950000762939 29.9389991760254 30.9060001373291 31.298999786377 31.0830001831055 30.011999130249 29.2250003814697 28.1280002593994 26.7220001220703
37.1180000305176 36.1290016174316 36.5260009765625 38.7200012207031 40.3569984436035 41.6240005493164 41.1220016479492 39.7589988708496 37.7490005493164 35.2039985656738 33.4609985351562 32.3499984741211 30.3309993743896 29.5200004577637 23.8910007476807 21.0930004119873 20.2819995880127 19.3549995422363 19.628999710083 20.8169994354248 22.3519992828369 23.8199996948242 24.488000869751 24.7679996490479 25.7870006561279 26.2560005187988 26.2350006103516 25.8099994659424 25.0470008850098 24.7900009155273 24.7740001678467 24.3999996185303 23.8299999237061 22.6690006256104 21.7479991912842 23.5069999694824 24.1760005950928 25.9769992828369 27.6359996795654 28.9230003356934 29.4230003356934 29.4209995269775 28.882999420166 28.1399993896484 27.0520000457764 23.2959995269775
37.0660018920898 36.3759994506836 36.375 38.0870018005371 39.3699989318848 40.2140007019043 39.5849990844727 39.4850006103516 38.0559997558594 35.5400009155273 33.7229995727539 31.7919998168945 29.6569995880127 25.2520008087158 24.1159992218018 21.628999710083 21.3349990844727 19.0049991607666 19.1450004577637 19.7779998779297 21.0990009307861 23.2749996185303 24.8929996490479 26.1879997253418 26.8770008087158 26.9860000610352 27.0559997558594 26.9750003814697 25.6639995574951 24.7649993896484 25.0259990692139 25.9810009002686 24.5769996643066 23.4209995269775 22.5020008087158 22.6429996490479 23.2040004730225 25.0009994506836 24.9020004272461 26.5869998931885 25.8780002593994 26.1450004577637 25.6560001373291 25.2549991607666 25.3010005950928 21.3360004425049
37.1319999694824 37.0419998168945 36.2550010681152 37.9469985961914 38.7400016784668 37.7480010986328 37.3629989624023 37.5 37.6069984436035 35.2939987182617 34.3160018920898 31.80299949646 27.7250003814697 24.9009990692139 22.8080005645752 21.6590003967285 21.4669990539551 18.9020004272461 19.0149993896484 19.5690002441406 20.4130001068115 22.1100006103516 24.4349994659424 27.1620006561279 28.2110004425049 28.4829998016357 27.9990005493164 27.6009998321533 25.617000579834 26.6100006103516 29.1830005645752 30.6019992828369 27.0380001068115 25.4780006408691 25.1749992370605 19.1639995574951 21.0739994049072 22.2569999694824 22.2280006408691 22.5279998779297 20.8390007019043 21.496000289917 21.6270008087158 20.5359992980957 21.7679996490479 21.5659999847412
35.6209983825684 35.5919990539551 33.7599983215332 35.7560005187988 37.3860015869141 34.9259986877441 34.2000007629395 34.1510009765625 34.818000793457 34.4930000305176 32.7910003662109 29.7189998626709 25.7119998931885 24.9619998931885 23.7670001983643 21.4489994049072 19.1889991760254 18.1909999847412 19.257999420166 20.1849994659424 21.5729999542236 22.9720001220703 25.886999130249 27.7040004730225 28.6350002288818 29.1700000762939 28.5049991607666 27.8369998931885 26.201000213623 30.5370006561279 32.3639984130859 32.1529998779297 30.9020004272461 27.0650005340576 26.367000579834 22.9720001220703 21.4099998474121 22.2189998626709 22.3819999694824 21.7110004425049 21.9489994049072 22.7129993438721 21.9930000305176 21.0149993896484 20.701000213623 20.2630004882812
32.3810005187988 32.6209983825684 31.3700008392334 34.3880004882812 34.5620002746582 33.1290016174316 33.5250015258789 33.5540008544922 31.7959995269775 31.2900009155273 31.0960006713867 30.1030006408691 26.9360008239746 24.8430004119873 24.0990009307861 19.6949996948242 17.4179992675781 17.2670001983643 17.0590000152588 19.9619998931885 22.5860004425049 23.4099998474121 26.576000213623 27.6720008850098 28.8320007324219 29.1919994354248 28.6860008239746 27.886999130249 28.0669994354248 32.6969985961914 33.1910018920898 32.6389999389648 32.3170013427734 28.8560009002686 30.3899993896484 29.4309997558594 29.6790008544922 27.0149993896484 24.6690006256104 23.3059997558594 22.7609996795654 22.5709991455078 22.8050003051758 21.761999130249 20.5259990692139 21.2059993743896
30.5930004119873 29.1299991607666 29.2180004119873 30.121000289917 32.2239990234375 33.1940002441406 33.6110000610352 32.6389999389648 30.7029991149902 29.8250007629395 29.82200050354 28.7119998931885 25.9669990539551 23.3379993438721 21.2859992980957 15.8669996261597 17.048999786377 17.1569995880127 16.988000869751 20.1830005645752 22.326000213623 24.2169990539551 26.753999710083 27.7749996185303 29.1770000457764 29.6660003662109 29.8439998626709 31.7910003662109 34.6510009765625 35.4550018310547 35.2960014343262 34.2709999084473 32.8950004577637 31.6870002746582 31.7679996490479 30.9799995422363 31.1609992980957 29.4449996948242 25.0179996490479 23.6700000762939 22.6490001678467 22.4160003662109 22.806999206543 22.8090000152588 23.4209995269775 23.1949996948242
27.375 25.7789993286133 27.3349990844727 27.0540008544922 29.4559993743896 29.617000579834 29.7849998474121 28.1359996795654 29.1490001678467 30.1149997711182 26.2509994506836 26.6790008544922 23.1000003814697 19.7670001983643 17.4629993438721 13.9420003890991 16.5699996948242 17.2819995880127 17.2900009155273 21.5410003662109 24.1119995117188 24.7759990692139 26.6189994812012 27.3600006103516 29.2910003662109 30.378999710083 30.2049999237061 32.7729988098145 35.6539993286133 36.3400001525879 36.6559982299805 36.2630004882812 35.5540008544922 32.9729995727539 32.2389984130859 30.8950004577637 30.9309997558594 30.6070003509521 25.0820007324219 24.8500003814697 23.3959999084473 23.8090000152588 24.3129997253418 24.261999130249 24.3080005645752 23.8619995117188
24.6480007171631 24.2479991912842 23.117000579834 22.94700050354 23 24.5249996185303 25.5370006561279 26.0230007171631 27.8929996490479 28.0200004577637 21.1019992828369 21.6259994506836 21.0779991149902 18.2830009460449 16.9699993133545 12.2530002593994 15.7469997406006 16.6919994354248 17.2560005187988 22.0230007171631 24.5499992370605 25.3729991912842 26.5890007019043 27.5650005340576 28.9029998779297 30.0669994354248 31.5869998931885 34.5349998474121 36.8429985046387 37.2799987792969 37.3429985046387 37.7229995727539 37.9850006103516 34.5979995727539 34.7480010986328 33.1959991455078 29.1580009460449 27.1749992370605 25.6270008087158 24.7730007171631 24.2800006866455 24.7740001678467 25.3719997406006 25.3490009307861 25.9750003814697 25.3229999542236
24.3689994812012 22.8649997711182 23.0440006256104 22.9009990692139 23.6569995880127 24.7250003814697 25.2549991607666 24.9179992675781 25.3209991455078 25.2740001678467 20.8799991607666 19.3080005645752 18.2210006713867 16.9300003051758 13.3660001754761 10.4809999465942 13.048999786377 15.3369998931885 20.0240001678467 23.0839996337891 23.7549991607666 25.3110008239746 26.2819995880127 27.9200000762939 29.326000213623 29.8379993438721 32.7080001831055 36.7190017700195 38.2120018005371 39.2179985046387 39.0750007629395 38.8819999694824 38.9889984130859 37.9720001220703 36.8810005187988 35.8199996948242 31.3640003204346 28.8719997406006 27.0550003051758 24.8430004119873 26.1420001983643 26.5580005645752 26.818000793457 27.3369998931885 27.5370006561279 26.5779991149902
23.2859992980957 22.7099990844727 22.8540000915527 22.9419994354248 23.253999710083 23.7759990692139 23.5590000152588 21.55299949646 20.9950008392334 20.761999130249 19.9270000457764 18.1280002593994 16.4899997711182 15.5480003356934 13.7040004730225 11.164999961853 12.0249996185303 16.0970001220703 20.7019996643066 21.3530006408691 22.1280002593994 23.9459991455078 25.0860004425049 27.3159999847412 27.92799949646 28.7259998321533 32.7960014343262 36.609001159668 38.7379989624023 39.5800018310547 39.7080001831055 39.367000579834 39.4440002441406 38.8079986572266 37.0929985046387 36.1809997558594 31.7660007476807 31.0510005950928 30.4349994659424 24.871000289917 26.0939998626709 27.1679992675781 28.4489994049072 29.0580005645752 28.8050003051758 28.0620002746582
22.3719997406006 22.3850002288818 22.7369995117188 22.7900009155273 22.1560001373291 21.7479991912842 21.261999130249 20.6889991760254 20.2870006561279 20.2649993896484 19.8719997406006 19.7210006713867 18.6949996948242 16.8929996490479 15.9790000915527 13.3479995727539 13.7639999389648 18.8500003814697 20.363000869751 20.8579998016357 21.0170001983643 22.8560009002686 23.6599998474121 25.7070007324219 26.6490001678467 32.5330009460449 36.1310005187988 37.4630012512207 38.773998260498 40.0610008239746 40.2709999084473 40.148998260498 39.6230010986328 38.5769996643066 36.5589981079102 36.0349998474121 33.8339996337891 32.2919998168945 31.1310005187988 26.6749992370605 27.4610004425049 28.5839996337891 29.8330001831055 30.1509990692139 29.8479995727539 28.8309993743896
