02_asc_chm-r50m/HS222D.asc
NCOLS 200 
NROWS 201 
XLLCORNER 569924.5 
YLLCORNER 5222283.5 
CELLSIZE 0.5 
NODATA_value -3.4e+38 
[rows 40 to 59 of 201, columns 46 to 91 of 200]
27.4130001068115 26.5729999542236 27.9260005950928 29.1180000305176 30.1830005645752 30.1189994812012 29.6229991912842 29.7450008392334 29.80299949646 28.4360008239746 29.8509998321533 30.4309997558594 30.173999786377 30.2800006866455 29.693000793457 29.0499992370605 28.2789993286133 27.4780006408691 27.617000579834 28.2940006256104 28.5310001373291 28.867000579834 28.2070007324219 27.5009994506836 26.7889995574951 25.3610000610352 23.6380004882812 24.1439990997314 24.4769992828369 23.9720001220703 23.0699996948242 25.1529998779297 26.9249992370605 27.7000007629395 28.6110000610352 30.4459991455078 31.3999996185303 31.9759998321533 32.2089996337891 31.8360004425049 30.7140007019043 28.9230003356934 27.2150001525879 26.1310005187988 23.8980007171631 22.7180004119873
28.0219993591309 26.4729995727539 27.7709999084473 28.4540004730225 29.5650005340576 29.878999710083 29.882999420166 30.0240001678467 29.9710006713867 29.9899997711182 31.3199996948242 32.1100006103516 31.8269996643066 31.4599990844727 29.9270000457764 29.6909999847412 30.1439990997314 28.8129997253418 26.8199996948242 27.3010005950928 27.9500007629395 28.746000289917 28.1760005950928 27.6119995117188 26.1079998016357 25.2880001068115 24.3250007629395 25.6639995574951 26.3129997253418 25.7970008850098 24.9909992218018 25.8619995117188 27.3810005187988 28.9669990539551 29.75 31.0259990692139 31.798999786377 32.4269981384277 32.4729995727539 32.060001373291 31.0900001525879 29.3700008392334 28.1529998779297 27.6959991455078 25.2210006713867 23.2040004730225
29.4759998321533 27.753999710083 27.8090000152588 28.5340003967285 29.6140003204346 30.4209995269775 30.6560001373291 30.9370002746582 30.9479999542236 31.0179996490479 31.9969997406006 33.1450004577637 32.7410011291504 32.4269981384277 32.810001373291 30.2649993896484 30.4419994354248 29.2639999389648 26.8299999237061 27 28.3899993896484 29.2180004119873 29.2140007019043 28.6420001983643 26.2749996185303 26.0849990844727 26.25 27.0060005187988 27.8780002593994 27.5559997558594 27.0249996185303 27.2469997406006 27.9379997253418 29.5480003356934 30.7600002288818 31.9069995880127 32.9389991760254 33.4819984436035 33.4290008544922 32.5660018920898 31.1979999542236 29.6410007476807 29.0470008850098 27.6399993896484 26.1889991760254 23.6439990997314
29.7830009460449 29.1979999542236 27.9619998931885 28.7369995117188 29.7830009460449 30.5669994354248 31.2900009155273 31.3209991455078 31.3110008239746 32.3009986877441 33.0890007019043 33.6839981079102 33.5559997558594 33.3699989318848 32.5740013122559 31.5249996185303 31.0349998474121 29.5160007476807 27.9330005645752 29.4370002746582 29.9740009307861 29.6550006866455 29.4729995727539 28.8269996643066 25.7679996490479 26.0990009307861 28.238000869751 28.9489994049072 28.5839996337891 28.5319995880127 27.9340000152588 28.3950004577637 28.4449996948242 29.7029991149902 30.2759990692139 31.3500003814697 32.3569984436035 32.9900016784668 32.9780006408691 31.9899997711182 30.9629993438721 30.1159992218018 29.1040000915527 26.8969993591309 25.9899997711182 22.7689990997314
29.1259994506836 27.7390003204346 27.5750007629395 28.2399997711182 29.8719997406006 30.3110008239746 30.943000793457 31.0639991760254 32.0839996337891 33.2799987792969 33.2159996032715 34.3619995117188 34.439998626709 33.7239990234375 32.8559989929199 32.1279983520508 31.4029998779297 30.1030006408691 29.2040004730225 30.1119995117188 30.4589996337891 30.1590003967285 30.0809993743896 30.0400009155273 29.4200000762939 28.0790004730225 29.375 29.8059997558594 29.7099990844727 29.3969993591309 28.7150001525879 28.7649993896484 28.7840003967285 29.3209991455078 29.568000793457 30.4589996337891 31.6669998168945 32.0369987487793 31.9340000152588 31.5200004577637 30.6590003967285 30.1499996185303 28.5559997558594 27.1420001983643 25.1760005950928 22.6240005493164
29.0149993896484 27.0200004577637 26.8740005493164 28.1870002746582 28.8519992828369 29.4950008392334 29.9909992218018 30.30299949646 31.5389995574951 33.1730003356934 33.6310005187988 34.9410018920898 35.5219993591309 34.648998260498 33.0950012207031 32.0740013122559 31.7320003509521 29.6049995422363 29.5109996795654 30.2080001831055 30.6380004882812 30.9039993286133 30.8729991912842 30.4890003204346 30.3770008087158 30.5240001678467 30.4519996643066 30.7059993743896 30.17799949646 29.5279998779297 29.0860004425049 29.1679992675781 29.9230003356934 30.2269992828369 29.6709995269775 30.6630001068115 30.9379997253418 31.0830001831055 31.0109996795654 31.136999130249 29.673999786377 29.1240005493164 27.57200050354 26.9699993133545 25.2220001220703 23.9529991149902
28.0820007324219 26.2759990692139 26.8299999237061 27.2929992675781 28.6529998779297 28.8729991912842 29.2399997711182 29.8910007476807 30.57200050354 32.9990005493164 34.4640007019043 35.0950012207031 35.6230010986328 34.6640014648438 33.3790016174316 32.4309997558594 31.6790008544922 30.6100006103516 30.2870006561279 30.0470008850098 30.5970001220703 31.306999206543 31.4580001831055 30.9419994354248 30.7719993591309 30.8490009307861 31.0450000762939 31.2049999237061 30.7740001678467 29.6989994049072 29.2789993286133 29.1599998474121 29.8680000305176 29.6919994354248 29.1009998321533 29.6480007171631 29.6450004577637 30.2830009460449 29.9440002441406 29.8810005187988 28.9790000915527 27.2679996490479 26.7900009155273 26.128999710083 25.3759994506836 25.4699993133545
24.9109992980957 24.863000869751 25.5429992675781 24.7509994506836 27.1879997253418 28.2360000610352 28.1849994659424 29.3729991912842 30.7369995117188 32.9379997253418 33.8160018920898 34.1889991760254 34.3440017700195 33.7190017700195 32.7929992675781 32.1450004577637 31.0699996948242 30.3169994354248 30.0319995880127 30.2129993438721 30.6940002441406 31.1140003204346 31.1720008850098 30.8490009307861 30.7329998016357 30.2849998474121 30.242000579834 30.3999996185303 30.2819995880127 29.2880001068115 29.0610008239746 28.8299999237061 29.0970001220703 28.92799949646 26.9909992218018 27.1979999542236 27.1679992675781 26.7369995117188 28.0559997558594 28.4829998016357 27.3700008392334 25.132999420166 24.7649993896484 24.0729999542236 25.1410007476807 25.9009990692139
23.8509998321533 22.1119995117188 23.423999786377 24.3959999084473 25.6280002593994 26.3430004119873 26.8139991760254 27.1119995117188 29.2250003814697 31.9389991760254 32.8199996948242 33.023998260498 33.3629989624023 33.3370018005371 32.5289993286133 31.2709999084473 30.3689994812012 29.5739994049072 29.886999130249 30.1539993286133 30.4220008850098 30.8139991760254 30.7509994506836 30.5230007171631 30.5690002441406 29.378999710083 28.9659996032715 28.9529991149902 29.242000579834 28.3610000610352 28.1830005645752 27.4270000457764 28.0090007781982 27.9349994659424 25.3910007476807 24.0230007171631 22.4680004119873 24.3059997558594 26.2940006256104 26.69700050354 25.5879993438721 24.3959999084473 23.8209991455078 23.4699993133545 24.4860000610352 25.2600002288818
24.1340007781982 22.9650001525879 24.0429992675781 23.3439998626709 23.9060001373291 24.2689990997314 25.2819995880127 24.8649997711182 26.1000003814697 29.8360004425049 31.6580009460449 32.1269989013672 32.173999786377 32.2270011901855 31.8540000915527 30.7169990539551 29.7029991149902 29.1949996948242 29.6879997253418 30.0300006866455 30.0830001831055 30.1840000152588 30.1030006408691 29.8540000915527 30.0419998168945 29.0550003051758 28.4909992218018 28.613000869751 28.8920001983643 28.1940002441406 27.9839992523193 27.7999992370605 27.5610008239746 26.2240009307861 24.0480003356934 23.8110008239746 23.242000579834 23.7310009002686 25.1340007781982 25.5580005645752 23.6679992675781 23.6389999389648 23.4389991760254 23.2679996490479 23.7889995574951 23.8889999389648
25.6140003204346 24.9230003356934 24.4640007019043 22.3390007019043 21.9160003662109 22.2320003509521 22.8810005187988 21.6949996948242 25.8859996795654 28.9820003509521 30.443000793457 30.7670001983643 31.1000003814697 30.5429992675781 29.7339992523193 29.7959995269775 29.2059993743896 26.4820003509521 27.9699993133545 28.3320007324219 29.3759994506836 29.4950008392334 29.7770004272461 29.2259998321533 29.1979999542236 28.9939994812012 28.3549995422363 28.6959991455078 28.8269996643066 28.0909996032715 28.0459995269775 28.1389999389648 27.3540000915527 26.242000579834 23.2929992675781 23.6909999847412 23.5729999542236 22.0450000762939 21.5779991149902 22.5400009155273 23.0359992980957 23.0289993286133 22.7689990997314 23.1580009460449 23.5799999237061 27.5240001678467
26.7089996337891 26.9740009307861 26.6909999847412 24.757999420166 22.4500007629395 21.9599990844727 21.367000579834 23.0520000457764 26.8430004119873 28.7320003509521 29.7189998626709 29.8740005493164 29.3269996643066 29.0949993133545 28.5769996643066 28.8449993133545 26.7830009460449 23.7509994506836 23.8360004425049 27.2310009002686 28.8770008087158 28.7749996185303 29.0480003356934 28.6660003662109 28.6140003204346 28.2329998016357 28.4950008392334 29.1000003814697 29.2369995117188 28.9099998474121 28.9740009307861 28.6709995269775 27.4349994659424 24.5160007476807 23.7140007019043 23.6560001373291 22.5139999389648 21.6580009460449 21.5020008087158 21.6189994812012 21.9899997711182 22.1490001678467 22.5450000762939 23.1900005340576 23.2689990997314 24.2080001831055
29.181999206543 28.9720001220703 26.2119998931885 25.6350002288818 24.261999130249 22.9780006408691 21.2280006408691 21.5699996948242 24.6940002441406 27.6280002593994 27.0459995269775 29.2600002288818 28.67799949646 27.6979999542236 28.0020008087158 28.1580009460449 25.4890003204346 23.2950000762939 23.4790000915527 24.7159996032715 26.17799949646 25.7950000762939 25.9950008392334 27.9330005645752 27.0270004272461 28.0690002441406 28.7189998626709 29.4680004119873 29.7549991607666 29.7150001525879 29.371000289917 29.0779991149902 27.30299949646 26.1270008087158 24.6310005187988 21.6399993896484 20.3320007324219 21.0300006866455 23.2849998474121 23.42799949646 21.7310009002686 21.7749996185303 22.2070007324219 22.8549995422363 23.0739994049072 22.9759998321533
30.0330009460449 28.9290008544922 26.3700008392334 25.2129993438721 24.5559997558594 22.9740009307861 20.9389991760254 20.9759998321533 21.443000793457 25.8950004577637 22.9270000457764 25.9209995269775 27.1790008544922 26.9349994659424 27.5249996185303 24.7929992675781 22.4559993743896 23.0319995880127 23.0930004119873 22.2740001678467 22.2250003814697 22.7049999237061 23.7409992218018 24.5160007476807 24.1049995422363 26.6989994049072 28.5499992370605 29.5160007476807 29.8229999542236 29.7919998168945 29.5400009155273 29.2430000305176 28.1259994506836 27.4080009460449 27.0650005340576 25.5130004882812 24.4220008850098 24.3770008087158 24.576000213623 24.1580009460449 23.6310005187988 21.8549995422363 22.2980003356934 22.6550006866455 22.8859996795654 22.8819999694824
30.2549991607666 29.4549999237061 27.8470001220703 25.8700008392334 25.621000289917 26.0830001831055 23.4489994049072 22.0219993591309 22.867000579834 23.0310001373291 19.9150009155273 22.5540008544922 23.576000213623 26.1350002288818 24.4440002441406 21.6919994354248 22.4069995880127 23.4349994659424 23.7810001373291 23.3379993438721 22.636999130249 22.6280002593994 22.8729991912842 22.4710006713867 22.7740001678467 26.2439994812012 28.9360008239746 29.3229999542236 29.4130001068115 29.4549999237061 29.8129997253418 29.4370002746582 28.9790000915527 27.996000289917 27.4080009460449 27.5349998474121 26.4330005645752 25.7469997406006 25.128999710083 25.0429992675781 23.8159999847412 21.9740009307861 22.636999130249 22.8279991149902 22.9869995117188 23.5020008087158
29.7259998321533 28.8969993591309 27.69700050354 26.2940006256104 27.6040000915527 27.5949993133545 27.007999420166 24.9640007019043 24.6800003051758 24.1229991912842 22.7840003967285 24.2169990539551 24.1650009155273 23.6940002441406 23.8400001525879 22.242000579834 24.617000579834 25.3309993743896 25.4890003204346 23.5510005950928 22.5879993438721 22.2259998321533 23.3409996032715 23.5100002288818 24.488000869751 27.3290004730225 28.17799949646 28.8939990997314 28.8059997558594 29.1940002441406 30.0289993286133 30.1049995422363 29.5289993286133 27.9580001831055 27.6399993896484 28.0060005187988 28.181999206543 27.6560001373291 27.7830009460449 27.1420001983643 25.632999420166 23.8290004730225 23.2329998016357 23.2490005493164 23.4479999542236 24.7159996032715
28.6520004272461 27.8990001678467 27.0160007476807 27.7390003204346 28.632999420166 28.503999710083 27.8990001678467 26.2210006713867 25.9680004119873 25.3010005950928 23.7369995117188 22.931999206543 22.1459999084473 21.5049991607666 21.7749996185303 23.2320003509521 26.7080001831055 27.6200008392334 27.2439994812012 24.2530002593994 22.7849998474121 23.261999130249 24.5750007629395 23.8700008392334 24.2900009155273 27.0090007781982 27.1919994354248 28.0189990997314 27.7099990844727 28.9529991149902 29.9950008392334 30.1229991912842 29.3880004882812 28.0219993591309 29.1159992218018 29.7070007324219 29.7019996643066 29.3110008239746 29.0450000762939 27.9559993743896 27.2210006713867 25.6450004577637 24.5179996490479 24.0400009155273 25.6690006256104 25.9820003509521
27.4290008544922 27.7019996643066 28.2089996337891 28.9050006866455 29.3150005340576 29.2280006408691 29.0370006561279 28.2840003967285 27.1079998016357 25.6019992828369 23.8689994812012 23.8110008239746 23.1959991455078 23.2189998626709 23.2240009307861 25.9829998016357 27.9360008239746 28.7080001831055 27.8719997406006 27.8840007781982 24.1480007171631 25.7099990844727 26.3640003204346 26.3040008544922 26.3139991760254 26.7840003967285 27.3619995117188 27.0319995880127 28.0009994506836 29.1310005187988 29.4890003204346 29.5200004577637 29.3279991149902 28.5279998779297 29.9519996643066 31.0480003356934 31.1380004882812 30.5930004119873 29.9820003509521 28.8950004577637 27.818000793457 26.2259998321533 25.6959991455078 25.9740009307861 27.9950008392334 28.5310001373291
26.8500003814697 26.5510005950928 27.9580001831055 29.0599994659424 29.9669990539551 29.8619995117188 29.5330009460449 28.8659992218018 28.3379993438721 26.6000003814697 24.757999420166 24.5709991455078 24.4950008392334 25.1310005187988 25.173999786377 27.5160007476807 28.94700050354 29.6270008087158 29.7889995574951 29.6870002746582 27.4839992523193 27.7150001525879 27.5020008087158 27.2339992523193 28.0109996795654 28.0960006713867 27.7259998321533 27.4619998931885 28.0429992675781 28.2950000762939 28.3939990997314 28.8619995117188 29.1630001068115 28.9610004425049 30.4179992675781 31.4869995117188 31.9120006561279 31.5429992675781 30.757999420166 29.7919998168945 27.2670001983643 25.5049991607666 24.9669990539551 26.068000793457 28.2310009002686 29.1119995117188
25.3540000915527 26.0739994049072 27.496000289917 28.882999420166 29.6520004272461 30.5130004882812 29.806999206543 28.9020004272461 28.5230007171631 27.5450000762939 26.0610008239746 25.0820007324219 25.7999992370605 26.2089996337891 26.7980003356934 27.6219997406006 27.80299949646 29.1569995880127 29.9810009002686 30.6650009155273 31.0650005340576 28.4750003814697 28.2320003509521 28.3799991607666 28.8519992828369 28.7859992980957 28.0340003967285 27.761999130249 27.8680000305176 27.0179996490479 26.1989994049072 26.375 28.201000213623 29.2999992370605 30.5599994659424 31.5699996948242 32.1790008544922 32.310001373291 31.5960006713867 30.5580005645752 28.8050003051758 25.8780002593994 26.3649997711182 27.5410003662109 28.3980007171631 29.6539993286133
