02_asc_chm-r50m/HS222F.asc
NCOLS 200 
NROWS 200 
XLLCORNER 569984.5 
YLLCORNER 5219666.5 
CELLSIZE 0.5 
NODATA_value -3.4e+38 
[rows 120 to 139 of 200, columns 46 to 91 of 200]
37.7439994812012 35.4090003967285 33.2299995422363 30.3320007324219 29.113000869751 27.4200000762939 20.2919998168945 17.2220001220703 20.8530006408691 21.1949996948242 19.3859996795654 17.6830005645752 17.07200050354 15.9300003051758 16.3099994659424 15.6560001373291 12.46399974823 10.0310001373291 7.53399991989136 16.3619995117188 21.8649997711182 25.9109992980957 28.6590003967285 27.9309997558594 28.4780006408691 29.4699993133545 29.261999130249 28.0090007781982 25.9659996032715 23.8610000610352 23.9799995422363 22.3020000457764 14.3489999771118 10.7749996185303 3.34500002861023 2.51500010490417 2.81900000572205 3.10599994659424 3.91100001335144 5.63600015640259 6.82499980926514 12.0349998474121 15.5649995803833 18.246000289917 20.7910003662109 22.3449993133545
38.0839996337891 37.4189987182617 33.6689987182617 32.5180015563965 28.5179996490479 26.8290004730225 24.2749996185303 18.6919994354248 16.3490009307861 17.0310001373291 16.5830001831055 16.5939998626709 15.9460000991821 14.5030002593994 13.9919996261597 12.3929996490479 7.50799989700317 5.68699979782104 5.59600019454956 13.8439998626709 20.9540004730225 21.2329998016357 24.7560005187988 23.8560009002686 25.1469993591309 26.9650001525879 25.4139995574951 24.2479991912842 22.3050003051758 22.5270004272461 19.9309997558594 16.6490001678467 14.1479997634888 10.793999671936 6.14499998092651 1.65799999237061 2.59800004959106 4.2039999961853 6.89499998092651 7.80000019073486 10.8979997634888 13.5380001068115 14.706000328064 17.4080009460449 19.4860000610352 20.7870006561279
38.3400001525879 36.5540008544922 34.068000793457 31.943000793457 27.068000793457 26.9459991455078 23.4839992523193 17.2830009460449 14.1560001373291 14.1400003433228 14.2959995269775 14.4899997711182 14.1359996795654 13.4010000228882 12.7620000839233 4.72900009155273 2.88800001144409 2.73499989509583 3.60500001907349 6.68699979782104 11.7150001525879 18.3169994354248 18.7119998931885 19.8139991760254 21.2569999694824 22.4820003509521 22.0009994506836 21.9109992980957 21.3409996032715 18.2689990997314 15.3649997711182 13.5579996109009 11.5279998779297 7.5149998664856 2.8659999370575 1.82000005245209 1.87399995326996 3.28299999237061 6.125 8.44099998474121 11.2379999160767 12.5790004730225 14.298999786377 16.3610000610352 17.8740005493164 19.0729999542236
38.3199996948242 36.7470016479492 34.4710006713867 33.4749984741211 27.1919994354248 27.3190002441406 19.2269992828369 12.7489995956421 11.7489995956421 13.1669998168945 13.7340002059937 14.048999786377 13.9139995574951 12.0450000762939 10.0369997024536 4.96700000762939 3.60999989509583 3.4210000038147 3.6010000705719 4.11899995803833 5.65999984741211 8.16600036621094 12.2270002365112 11.7810001373291 13.4930000305176 14.9479999542236 13.6870002746582 15.7930002212524 15.1870002746582 12.0600004196167 12.5270004272461 10.9390001296997 8.88500022888184 4.23600006103516 1.9210000038147 1.97500002384186 2.02900004386902 2.71099996566772 4.18599987030029 7.85400009155273 9.85299968719482 11.0459995269775 12.1929998397827 13.9770002365112 16.0499992370605 17.6900005340576
37.6370010375977 36.2729988098145 33.1809997558594 32.2350006103516 29.9790000915527 22.8449993133545 11.4670000076294 9.13599967956543 9.28999996185303 11.0419998168945 12.0719995498657 11.28600025177 12.6370000839233 9.65900039672852 6.99499988555908 4.84299993515015 4.04199981689453 3.72499990463257 4.30399990081787 4.10599994659424 3.92499995231628 3.3970000743866 4.72599983215332 3.94600009918213 3.16499996185303 5.88899993896484 5.6729998588562 6.36800003051758 6.66200017929077 8.41100025177002 9.87899971008301 8.31900024414062 5.60599994659424 1.94599997997284 2.07500004768372 2.12899994850159 2.18300008773804 2.23699998855591 3.61400008201599 5.09000015258789 9.47999954223633 10.1269998550415 11.628999710083 12.5220003128052 14.6879997253418 15.9440002441406
37.4059982299805 36.048999786377 33.0229988098145 30.3439998626709 28.6259994506836 28.8430004119873 13.83899974823 8.12399959564209 8.30000019073486 8.35400009155273 7.39699983596802 5.50500011444092 5.49399995803833 5.87400007247925 6.08900022506714 5.11899995803833 4.67000007629395 3.92300009727478 4.56799983978271 4.5479998588562 4.59000015258789 3.87700009346008 3.49699997901917 2.84299993515015 3.11800003051758 3.68499994277954 4.45499992370605 4.6560001373291 6.11899995803833 6.11199998855591 7.33099985122681 5.69999980926514 2.32699990272522 2.17600011825562 2.23000001907349 2.28399991989136 2.33800005912781 2.39199995994568 3.04200005531311 4.44700002670288 7.24200010299683 8.20400047302246 9.83199977874756 9.42899990081787 10.9680004119873 12.3159999847412
37.4720001220703 36.5670013427734 33.5480003356934 32.2980003356934 28.4449996948242 28.6630001068115 19.6159992218018 6.21099996566772 6.50299978256226 6.3289999961853 4.44999980926514 4.77299976348877 5.57800006866455 6.40000009536743 6.28599977493286 5.21600008010864 4.48600006103516 4.02799987792969 3.78600001335144 4.19500017166138 4.83599996566772 5.39099979400635 5.3730001449585 4.93599987030029 4.73199987411499 5.68499994277954 6.57600021362305 6.40700006484985 5.57499980926514 6.08099985122681 4.67899990081787 3.01699995994568 2.27699995040894 2.33100008964539 2.38499999046326 2.43899989128113 2.49300003051758 2.54699993133545 2.6010000705719 3.46600008010864 4.58300018310547 5.91699981689453 7.16599988937378 6.35099983215332 5.8899998664856 7.97300004959106
36.7610015869141 35.7439994812012 34.5519981384277 30.8579998016357 28.0459995269775 28.0240001678467 26.9060001373291 10.2189998626709 5.56099987030029 5.23799991607666 4.69500017166138 4.78299999237061 5.33400011062622 6.0770001411438 6.16400003433228 5.5019998550415 4.67799997329712 4.11800003051758 3.85599994659424 4.79699993133545 5.22700023651123 5.90899991989136 6.43200016021729 5.99599981307983 5.60599994659424 7.76599979400635 8.27499961853027 8.14200019836426 6.92399978637695 6.27299976348877 5.48400020599365 3.49000000953674 2.38100004196167 2.43499994277954 2.49300003051758 2.54999995231628 2.60800004005432 2.66499996185303 2.72300004959106 3.56800007820129 4.86499977111816 5.45900011062622 5.93800020217896 5.73600006103516 5.35799980163574 9.36600017547607
34.4210014343262 33.8380012512207 32.8569984436035 26.7999992370605 27.1660003662109 25.4200000762939 19.3419990539551 13.1459999084473 5.84700012207031 5.48299980163574 5.43100023269653 4.46600008010864 5.20300006866455 5.28399991989136 5.33099985122681 4.76700019836426 4.86800003051758 5.10200023651123 4.6710000038147 4.48199987411499 5.30600023269653 5.54300022125244 6.89499998092651 6.97200012207031 8.20400047302246 10.1780004501343 10.201000213623 9.6850004196167 9.33300018310547 7.60500001907349 5.90999984741211 3.20600008964539 2.67600011825562 2.70799994468689 2.73900008201599 2.71099996566772 2.67700004577637 2.64299988746643 2.66400003433228 3.62299990653992 4.2020001411438 4.64300012588501 5.03800010681152 4.96700000762939 14.503999710083 15.6330003738403
34.4519996643066 33.6279983520508 31.6879997253418 28.3379993438721 26.3929996490479 24.4810009002686 13.2510004043579 6.06799983978271 7.32200002670288 6.46000003814697 6.11700010299683 5.35799980163574 5.03499984741211 4.13199996948242 3.79500007629395 4.54400014877319 4.82800006866455 5.74300003051758 5.67500019073486 5.19600009918213 6.36299991607666 6.83799982070923 7.73400020599365 8.38500022888184 11.5740003585815 10.8730001449585 11.0010004043579 10.2840003967285 9.08800029754639 7.59000015258789 5.42899990081787 3.46300005912781 2.36899995803833 2.21199989318848 2.17799997329712 2.14400005340576 2.11100006103516 2.30299997329712 3.34200000762939 3.26099991798401 3.17300009727478 3.70700001716614 3.20700001716614 10.7119998931885 21.4610004425049 22.0620002746582
33.8450012207031 33.390998840332 32.3889999389648 29.4790000915527 26.863000869751 17.5979995727539 4.8439998626709 6.22599983215332 7.63000011444092 7.40799999237061 6.98099994659424 5.75799989700317 5.52699995040894 3.99000000953674 3.10700011253357 3.80999994277954 5.03599977493286 6.25299978256226 6.5310001373291 7.07800006866455 11.3520002365112 9.94299983978271 11.3489999771118 14.4049997329712 15.3649997711182 13.1000003814697 11.0590000152588 10.8559999465942 9.68299961090088 8.17000007629395 6.05299997329712 3.65300011634827 1.64199995994568 1.71599996089935 1.61199998855591 1.57799994945526 1.94200003147125 2.66700005531311 2.6010000705719 2.28900003433228 1.76199996471405 1.86300003528595 1.42900002002716 1.79100000858307 26.2919998168945 24.9449996948242
31.6830005645752 30.9790000915527 29.8379993438721 28.2929992675781 25.4419994354248 8.91199970245361 5.6100001335144 6.65999984741211 7.63000011444092 7.81599998474121 7.02699995040894 7.1560001373291 6.78399991989136 5.95599985122681 5.61700010299683 5.48600006103516 6.07600021362305 6.46500015258789 9.57600021362305 13.253999710083 14.793999671936 15.6389999389648 16.4270000457764 17.3479995727539 17.1420001983643 15.3889999389648 13.7720003128052 10.5740003585815 10.0340003967285 7.30600023269653 5.76000022888184 3.28600001335144 1.34700000286102 0.919000029563904 1.05499994754791 1.37399995326996 1.99199998378754 2.20499992370605 1.75300002098083 1.60599994659424 2.03900003433228 2.13700008392334 1.93599998950958 1.57400000095367 27.496000289917 30.0830001831055
30.7999992370605 30.1439990997314 28.5939998626709 26.1350002288818 13.7980003356934 3.52699995040894 5.06300020217896 5.92600011825562 6.79199981689453 6.27799987792969 7.27099990844727 7.66400003433228 7.85599994659424 7.32399988174438 7.10200023651123 7.66699981689453 7.41499996185303 11.1400003433228 14.2180004119873 17.7369995117188 19.5209999084473 19.3419990539551 19.0109996795654 18.7919998168945 17.3939990997314 16.3330001831055 16.0949993133545 9.68900012969971 9.04500007629395 5.68300008773804 5.0310001373291 3.37599992752075 1.56900000572205 1.06599998474121 1.46300005912781 1.61000001430511 1.80999994277954 1.44099998474121 1.89400005340576 2.45499992370605 2.80200004577637 2.4210000038147 1.72300004959106 3.77900004386902 20.7189998626709 20.2889995574951
27.298999786377 15.5679998397827 23.0340003967285 12.6999998092651 4.41599988937378 2.46199989318848 3.05100011825562 5.39599990844727 5.57600021362305 5.52600002288818 7.74200010299683 9.51799964904785 9.41399955749512 8.85299968719482 8.35299968719482 8.37100028991699 10.6780004501343 14.2729997634888 17.0200004577637 18.1049995422363 20.9799995422363 21.4680004119873 21.3379993438721 20.2399997711182 18.8239994049072 16.2049999237061 16.1159992218018 7.75400018692017 6.85200023651123 5.31699991226196 5.36700010299683 3.64199995994568 2.52500009536743 1.16100001335144 2.19899988174438 2.23399996757507 2.63700008392334 3.38499999046326 5.76000022888184 5.91699981689453 5.55900001525879 5.02199983596802 4.42600011825562 5.76200008392334 6.71199989318848 8.35900020599365
20.9039993286133 13.0590000152588 11.8050003051758 7.10400009155273 5.3769998550415 2.1159999370575 2.5220000743866 3.76500010490417 4.96400022506714 6.72399997711182 8.39099979400635 9.89599990844727 10.4860000610352 10.1260004043579 9.60900020599365 8.95100021362305 13.003999710083 15.7130002975464 18.5830001831055 21.6569995880127 22.5160007476807 23.2759990692139 23.0550003051758 21.7759990692139 20.4930000305176 18.4640007019043 16.7959995269775 11.3059997558594 7.88700008392334 5.84499979019165 5.4980001449585 4.74900007247925 3.37299990653992 1.24100005626678 2.43799996376038 3.29500007629395 4.01999998092651 5.50899982452393 6.49200010299683 6.36899995803833 6.30100011825562 6.83500003814697 7.0939998626709 6.87200021743774 10.3079996109009 10.3409996032715
10.9650001525879 9.91300010681152 8.17399978637695 5.66699981689453 4.54199981689453 2.5460000038147 2.51300001144409 2.8050000667572 3.70099997520447 6.35900020599365 9.30099964141846 10.4899997711182 10.9230003356934 10.6669998168945 9.99300003051758 9.92300033569336 14.7150001525879 17.0450000762939 20.0470008850098 22.3010005950928 23.5060005187988 24.4640007019043 24.4790000915527 23.6900005340576 21.7169990539551 20.0520000457764 19.6200008392334 15.5909996032715 12.5690002441406 7.8769998550415 5.43599987030029 5.0939998626709 3.96199989318848 3.34500002861023 3.10500001907349 3.80999994277954 4.69700002670288 6.05499982833862 6.88399982452393 6.68699979782104 7.11800003051758 7.78499984741211 7.85400009155273 8.57999992370605 11.3459997177124 11.5600004196167
9.22999954223633 8.33699989318848 7.82800006866455 4.68800020217896 3.31100010871887 1.97399997711182 2.17799997329712 2.40100002288818 2.82699990272522 3.78999996185303 7.73000001907349 9.27799987792969 9.44699954986572 9.58800029754639 8.98200035095215 7.48299980163574 13.9010000228882 15.8850002288818 19.8689994812012 21.8330001831055 23.8579998016357 25.1879997253418 24.9619998931885 24.3859996795654 22.4139995574951 20.2530002593994 20.0629997253418 18.1240005493164 12.3549995422363 7.32499980926514 5.93200016021729 4.7020001411438 8.34500026702881 5.77199983596802 4.57999992370605 4.45499992370605 4.71199989318848 5.875 7.01800012588501 6.99200010299683 7.33599996566772 7.64900016784668 10.4329996109009 10.8430004119873 11.5880002975464 11.9029998779297
7.34700012207031 6.50299978256226 4.70499992370605 3.86400008201599 1.45000004768372 1.39999997615814 1.38300001621246 1.52199995517731 1.84200000762939 2.30800008773804 3.48499989509583 5.39099979400635 7.06599998474121 6.53499984741211 5.67000007629395 2.98900008201599 9.04300022125244 16.8519992828369 18.617000579834 20.9890003204346 23.3449993133545 24.6889991760254 24.8990001678467 24.4729995727539 23.0890007019043 20.9669990539551 20.246000289917 18.1669998168945 14.3690004348755 11.7209997177124 11.2290000915527 12.2150001525879 15.1059999465942 12.5329999923706 9.59200000762939 5.17199993133545 4.83199977874756 5.04099988937378 7.03399991989136 8.75800037384033 8.89000034332275 12.0780000686646 14.6700000762939 14.5150003433228 14.4420003890991 14.8219995498657
5.43900012969971 3.93300008773804 3.61500000953674 3.26600003242493 1.27999997138977 1.30499994754791 1.55099999904633 1.99300003051758 2.16700005531311 2.08299994468689 2.60199999809265 4.08799982070923 6.70699977874756 8.44699954986572 6.15299987792969 4.44500017166138 5.59200000762939 12.6140003204346 17.9139995574951 20.5310001373291 21.6380004882812 23.4039993286133 23.9489994049072 23.1940002441406 21.3430004119873 20.4899997711182 19.9349994659424 17.9109992980957 15.1960000991821 17.0610008239746 19.9750003814697 19.257999420166 17.8929996490479 10.0270004272461 6.27299976348877 9.24199962615967 7.21999979019165 4.8270001411438 6.59299993515015 8.92399978637695 10.6850004196167 13.246000289917 15.5030002593994 16.4290008544922 16.4860000610352 16.6089992523193
2.46399998664856 1.557000041008 2.20300006866455 2.4760000705719 1.75499999523163 1.567999958992 1.58399999141693 2.10400009155273 2.40199995040894 2.29999995231628 2.53200006484985 6.83599996566772 11.1400003433228 14.3409996032715 12.9519996643066 11.8680000305176 11.5019998550415 15.7150001525879 18.5979995727539 21.1700000762939 21.7639999389648 21.9209995269775 21.8339996337891 20.3880004882812 20.1580009460449 20.1900005340576 19.7959995269775 20.8050003051758 19.5909996032715 21.2019996643066 23.2320003509521 22.5259990692139 21.0690002441406 17.0009994506836 16.6940002441406 15.0659999847412 12.4320001602173 9.91100025177002 6.93400001525879 9.35599994659424 9.90200042724609 12.4379997253418 14.4530000686646 16.19700050354 17.2059993743896 17.507999420166
