02_asc_chm-r50m/HS222D.asc
NCOLS 200 
NROWS 201 
XLLCORNER 569924.5 
YLLCORNER 5222283.5 
CELLSIZE 0.5 
NODATA_value -3.4e+38 
[rows 60 to 79 of 201, columns 138 to 183 of 200]
22.9549999237061 18.7980003356934 17.3969993591309 17.5349998474121 14.4370002746582 13.2489995956421 15.2239999771118 16.4529991149902 19.2929992675781 18.1180000305176 20.2000007629395 20.5979995727539 21.8460006713867 21.5359992980957 21.7840003967285 25.863000869751 28.0139999389648 30.125 31.0809993743896 30.8330001831055 31.7129993438721 31.2479991912842 30.8610000610352 30.2080001831055 29.7649993896484 29.8640003204346 30.0550003051758 29.951000213623 30.0709991455078 29.6499996185303 29.3099994659424 29.4139995574951 27.5799999237061 27.007999420166 27.7229995727539 28.5499992370605 28.9160003662109 28.5900001525879 28.2189998626709 27.9810009002686 26.9120006561279 23.8110008239746 21.7070007324219 21.9009990692139 22.3250007629395 24.0990009307861
23.6070003509521 19.3899993896484 17.5979995727539 18.0540008544922 15.2790002822876 17.3950004577637 14.6479997634888 18.4409999847412 17.2700004577637 7.96199989318848 9.54100036621094 12.298999786377 20.7530002593994 20.7520008087158 22.3110008239746 24.7040004730225 27.628999710083 29.4160003662109 29.9549999237061 29.9260005950928 30.6860008239746 31.0069999694824 30.3880004882812 29.9769992828369 30.1940002441406 30.6280002593994 30.507999420166 30.1849994659424 30.1909999847412 29.7810001373291 29.4309997558594 29.2590007781982 29.0750007629395 26.6389999389648 26.5520000457764 27.0200004577637 27.5769996643066 27.4540004730225 26.8880004882812 27.5130004882812 26.6599998474121 23.4249992370605 19.6989994049072 20.0249996185303 20.1919994354248 20.4899997711182
24.3959999084473 22.5319995880127 21.4780006408691 21.6079998016357 20.2329998016357 20.9930000305176 18.5769996643066 22.9090003967285 22.0289993286133 16.8110008239746 15.8990001678467 12.2919998168945 22.8840007781982 21.0359992980957 20.693000793457 23.7290000915527 25.1909999847412 26.0429992675781 26.6609992980957 25.6100006103516 28.0990009307861 28.4699993133545 28.9340000152588 29.5009994506836 29.9699993133545 31.0729999542236 30.8999996185303 30.0380001068115 30.1079998016357 29.9309997558594 29.625 28.92799949646 28.6590003967285 27.6000003814697 24.9759998321533 24.576000213623 24.4820003509521 25.2660007476807 24.9349994659424 24.6429996490479 23.0289993286133 21.1639995574951 20.8799991607666 18.746000289917 18.6520004272461 19.1989994049072
25.9689998626709 25.1520004272461 24.4009990692139 24.7399997711182 24.5729999542236 23.4479999542236 24.503999710083 26.5219993591309 26.1499996185303 23.6959991455078 23.6340007781982 24.011999130249 23.8460006713867 20.923999786377 20.1469993591309 22.9009990692139 24.1229991912842 25.0300006866455 24.9060001373291 25.1539993286133 27.4139995574951 29.2700004577637 29.8490009307861 30.3700008392334 30.5419998168945 31.1450004577637 31.1849994659424 31.2730007171631 34.5719985961914 33.8520011901855 30.5389995574951 28.5699996948242 28.4349994659424 27.9090003967285 27.2950000762939 26.6420001983643 25.7819995880127 25.5590000152588 24.3020000457764 22.9950008392334 21.8320007324219 20.7240009307861 21.5869998931885 21.3659992218018 17.7919998168945 18.1110000610352
26.681999206543 25.8810005187988 25.4699993133545 27.1849994659424 27.4080009460449 26.5919990539551 27.5270004272461 27.32200050354 26.9650001525879 26.9799995422363 26.7590007781982 25.6149997711182 23.1259994506836 19.9599990844727 20.8209991455078 21.75 23.0289993286133 24.931999206543 25.6490001678467 26.0219993591309 28.6979999542236 30.5009994506836 31.2779998779297 31.3460006713867 31.9799995422363 31.673999786377 32.2809982299805 32.9970016479492 36.2379989624023 34.7060012817383 32.0950012207031 30.2859992980957 29.2180004119873 27.6979999542236 27.6049995422363 27.5139999389648 26.5799999237061 26.2900009155273 25.2910003662109 23.7740001678467 22.4909992218018 19.6509990692139 20.7390003204346 22.1590003967285 21.2409992218018 21.6450004577637
26.7910003662109 27.0900001525879 27.2749996185303 28.3540000915527 28.9759998321533 28.7399997711182 28.3209991455078 28.121000289917 27.8759994506836 28.0170001983643 27.5849990844727 23.9270000457764 21.1159992218018 19.8889999389648 21.246000289917 22.2819995880127 25.8490009307861 28.3120002746582 29.2000007629395 28.5400009155273 32.1549987792969 32.6150016784668 33.9930000305176 34.0960006713867 33.8759994506836 33.3779983520508 34.8930015563965 35.8860015869141 36.4020004272461 35.6129989624023 35.0209999084473 33.3759994506836 32.4189987182617 29.3470001220703 27.0090007781982 26.2269992828369 26.0270004272461 25.9519996643066 26.2080001831055 25.7099990844727 25.5109996795654 24.1140003204346 25.4160003662109 23.878999710083 24.2049999237061 24.9529991149902
27.9850006103516 28.2590007781982 28.4750003814697 29.0249996185303 29.7709999084473 30.1529998779297 29.9479999542236 28.9850006103516 29.0349998474121 28.761999130249 27.132999420166 25.1149997711182 23.5890007019043 21.5459995269775 21.3640003204346 23.8369998931885 28.0440006256104 29.7220001220703 32.3440017700195 32.4440002441406 33.2190017700195 33.2700004577637 34.5219993591309 35.1590003967285 35.693000793457 35.5289993286133 36.2379989624023 36.2480010986328 36.3940010070801 36.3639984130859 36.3170013427734 34.5190010070801 34.3569984436035 30.7679996490479 26.1679992675781 27.0520000457764 28.7700004577637 28.2119998931885 27.3159999847412 26.8229999542236 26.5830001831055 26.8349990844727 26.6709995269775 24.4300003051758 24.3799991607666 24.9249992370605
28.9930000305176 29.1569995880127 28.4680004119873 29.3519992828369 30.3390007019043 30.628999710083 30.8050003051758 30.0249996185303 29.7180004119873 28.0769996643066 25.7590007781982 25.1040000915527 24.8199996948242 23.5319995880127 26.136999130249 27.2719993591309 29.3659992218018 30.2049999237061 32.423999786377 33.257999420166 34.3409996032715 34.6389999389648 36.4059982299805 37.8699989318848 38.2029991149902 38.0999984741211 37.6240005493164 37.601001739502 36.5979995727539 36.7700004577637 36.5139999389648 34.6699981689453 34.4389991760254 32.2060012817383 26.5359992980957 28.4419994354248 29.113000869751 29.0440006256104 28.3139991760254 27.6879997253418 27.3810005187988 27.1560001373291 26.761999130249 24.9529991149902 23.6100006103516 25.1550006866455
29.2569999694824 29.5739994049072 28.6019992828369 30.1439990997314 30.451000213623 30.6340007781982 30.8190002441406 30.8099994659424 29.3729991912842 27.2140007019043 25.5879993438721 23.6100006103516 23.7000007629395 22.8169994354248 24.625 27.2929992675781 28.988000869751 29.7670001983643 33.148998260498 33.2130012512207 36.0390014648438 37.1199989318848 38.923999786377 39.7120018005371 40.8849983215332 41.6570014953613 40.9580001831055 40.2099990844727 38.9749984741211 37.8409996032715 38.1539993286133 35.7309989929199 34.7099990844727 31.9899997711182 29.7600002288818 29.6919994354248 29.8990001678467 29.9479999542236 29.8120002746582 29.4190006256104 28.6949996948242 28.4200000762939 27.5049991607666 25.8320007324219 26.5310001373291 27.4740009307861
28.5 28.5790004730225 28.7700004577637 29.3330001831055 30.3729991912842 30.5599994659424 30.636999130249 30.5289993286133 29.6140003204346 27.5909996032715 26.6979999542236 26.0300006866455 24.048999786377 26.2150001525879 27.1760005950928 27.3700008392334 28.4850006103516 29.0960006713867 31.3209991455078 32.4500007629395 37.6139984130859 38.7690010070801 40.1629981994629 40.8040008544922 41.4280014038086 41.6399993896484 41.7449989318848 41.3040008544922 40.5169982910156 38.6100006103516 37.8759994506836 36.4500007629395 34.9169998168945 32.6469993591309 31.003999710083 31.1909999847412 31.1919994354248 31.0400009155273 30.4930000305176 29.576000213623 28.9330005645752 28.6770000457764 27.7059993743896 25.923999786377 27.4440002441406 29.4519996643066
27.9629993438721 28.3490009307861 28.3969993591309 28.7859992980957 29.9209995269775 30.0919990539551 29.9050006866455 29.6389999389648 28.9200000762939 28.32200050354 27.5830001831055 26.1909999847412 24.0799999237061 25.7290000915527 27.1989994049072 27.5090007781982 28.1639995574951 29.3460006713867 31.07200050354 32.8419990539551 37.7299995422363 39.7789993286133 40.2879981994629 40.9749984741211 41.351001739502 41.8930015563965 42.0099983215332 41.3810005187988 40.1220016479492 38.1399993896484 37.0979995727539 36.6710014343262 35.0349998474121 32.9690017700195 31.5370006561279 31.867000579834 31.7569999694824 31.6529998779297 31.2569999694824 30.6809997558594 29.4379997253418 28.2549991607666 26.798999786377 27.5020008087158 28.8040008544922 29.8229999542236
26.8770008087158 27.3500003814697 27.3309993743896 27.7479991912842 28.7810001373291 29.2049999237061 29.5090007781982 29.1480007171631 29.2210006713867 28.7719993591309 26.8659992218018 25.0949993133545 23.576000213623 23.6499996185303 26.0990009307861 26.2700004577637 28.7329998016357 31.2240009307861 32.8349990844727 36.8120002746582 39.6949996948242 39.9659996032715 40.2869987487793 40.9379997253418 42.0460014343262 42.5110015869141 42.234001159668 41.939998626709 41.685001373291 39.4879989624023 36.9099998474121 35.7509994506836 35.2130012512207 34.5200004577637 33.0400009155273 32.6049995422363 32.5419998168945 32.4269981384277 31.746000289917 30.9479999542236 30.238000869751 28.2310009002686 26.9689998626709 28.0629997253418 29.1399993896484 30.1690006256104
25.8819999694824 25.9740009307861 26.6870002746582 27.1070003509521 27.7719993591309 28.0909996032715 28.5240001678467 28.3169994354248 27.2569999694824 26.5170001983643 25.9759998321533 24.2530002593994 23.257999420166 23.628999710083 23.9729995727539 24.8309993743896 31.0200004577637 32.9259986877441 32.773998260498 37.7599983215332 39.7890014648438 39.9990005493164 41.3009986877441 41.6080017089844 41.9519996643066 42.5190010070801 42.3110008239746 42.2680015563965 41.9799995422363 40.3269996643066 39.2130012512207 36.5530014038086 35.0900001525879 33.1020011901855 32.4980010986328 33.1590003967285 33.390998840332 32.2750015258789 30.9039993286133 29.8059997558594 29.1219997406006 28.3090000152588 27.3059997558594 28.0979995727539 28.3229999542236 28.496000289917
24.8470001220703 25.0069999694824 24.82200050354 26.2859992980957 25.2950000762939 24.9720001220703 25.7649993896484 26.3339996337891 25.6060009002686 25.3600006103516 24.9950008392334 23.3929996490479 22.8759994506836 23.3120002746582 23.9349994659424 24.6480007171631 29.5909996032715 33.2140007019043 33.2099990844727 37.3230018615723 39.6259994506836 39.9300003051758 41.3930015563965 41.9189987182617 42.0610008239746 42.3699989318848 42.3129997253418 42.2200012207031 41.5709991455078 40.5530014038086 39.1940002441406 36.9659996032715 35.6529998779297 33.3240013122559 31.7940006256104 32.3889999389648 32.4140014648438 31.0820007324219 30.0860004425049 29.742000579834 29.0400009155273 29.7360000610352 27.5499992370605 26.9909992218018 26.3980007171631 27.3339996337891
24.132999420166 23.7229995727539 23.3519992828369 23.6849994659424 21.19700050354 21.5030002593994 22.4500007629395 24.2560005187988 24.7999992370605 24.0109996795654 23.7630004882812 23.7810001373291 22.5590000152588 22.0739994049072 23.4419994354248 24.9519996643066 27.9459991455078 32.4830017089844 33.7890014648438 35.1290016174316 37.273998260498 38.8930015563965 40.1549987792969 41.4449996948242 42.0359992980957 42.3040008544922 42.4990005493164 42.3709983825684 41.0130004882812 39.992000579834 38.060001373291 37.4529991149902 35.7379989624023 34.1570014953613 31.7740001678467 31.0779991149902 31.117000579834 31.2770004272461 30.923999786377 30.2740001678467 30.3330001831055 31.2889995574951 30.8770008087158 29.8349990844727 26.8050003051758 26.1690006256104
23.8169994354248 22.6700000762939 22.2660007476807 22.0820007324219 21.1830005645752 20.6340007781982 23.1760005950928 23.8619995117188 23.5470008850098 21.1529998779297 22.7479991912842 23.05299949646 22.0610008239746 22.7409992218018 23.6900005340576 26.0139999389648 28.1730003356934 32.560001373291 34.2350006103516 34.2029991149902 37.0540008544922 38.2709999084473 38.7299995422363 40.8030014038086 41.8880004882812 42.0900001525879 42.2519989013672 41.5699996948242 40.882999420166 39.6879997253418 38.3479995727539 37.2220001220703 35.5519981384277 34.7910003662109 33.3740005493164 31.3139991760254 30.6480007171631 30.6030006408691 30.1240005493164 30.2880001068115 30.9109992980957 31.3500003814697 31.2849998474121 29.9740009307861 30.0249996185303 27.4150009155273
24.1620006561279 21.6280002593994 21.2220001220703 20.8530006408691 21.2849998474121 20.9029998779297 21.2880001068115 21.3299999237061 20.1040000915527 20.9020004272461 21.5480003356934 21.3199996948242 22.1280002593994 24.1499996185303 25.4650001525879 26.3229999542236 29.0060005187988 30.8369998931885 34.3440017700195 34.3530006408691 36.9620018005371 38.0320014953613 38.6339988708496 39.3209991455078 40.6469993591309 40.9539985656738 41.1150016784668 40.234001159668 40.3209991455078 39.1640014648438 37.4440002441406 36.9980010986328 34.8470001220703 34.0349998474121 32.2750015258789 30.4489994049072 29.753999710083 29.6590003967285 29.5 30.0139999389648 30.7639999389648 31.4050006866455 30.1830005645752 27.5820007324219 27.6009998321533 27.9699993133545
24.4810009002686 22.3929996490479 21.4750003814697 24.5160007476807 25.0540008544922 24.9039993286133 24.0939998626709 22.3239994049072 20.9029998779297 20.8920001983643 20.9529991149902 22.5230007171631 24.6110000610352 25.2929992675781 25.5319995880127 26.3460006713867 28.0400009155273 30.636999130249 33.5940017700195 33.8250007629395 36.4410018920898 37.6839981079102 38.2019996643066 39.0169982910156 38.9669990539551 39.2840003967285 39.4570007324219 39.8849983215332 40.4490013122559 38.4360008239746 36.6450004577637 36.5110015869141 33.9249992370605 33.7019996643066 31.3040008544922 28.4869995117188 28.1450004577637 28.1979999542236 28.9069995880127 29.3010005950928 30.7660007476807 31.3379993438721 31.3290004730225 30.6159992218018 30.0340003967285 29.2660007476807
24.8330001831055 24.8899993896484 23.8290004730225 26.4349994659424 27.375 27.2229995727539 26.076000213623 23.2880001068115 22.6599998474121 21.5330009460449 20.44700050354 20.4750003814697 25.2679996490479 25.7269992828369 25.7590007781982 26.0610008239746 27.4650001525879 30.7189998626709 31.6509990692139 32.3160018920898 35.8310012817383 37.6609992980957 37.726001739502 38.2760009765625 38.5419998168945 38.7280006408691 38.6829986572266 38.5509986877441 39.3009986877441 36.9609985351562 36.3489990234375 35.1440010070801 31.8810005187988 30.2679996490479 26.6730003356934 26.7049999237061 26.3339996337891 27.3740005493164 27.6770000457764 29.2089996337891 30.5380001068115 30.1070003509521 29.7749996185303 29.5020008087158 29.3360004425049 28.2810001373291
25.44700050354 28.7479991912842 29.5459995269775 29.5540008544922 29.2679996490479 29.6399993896484 28.7709999084473 26.6459999084473 25.9979991912842 23.7180004119873 21.6100006103516 19.5729999542236 21.9729995727539 24.9599990844727 25.632999420166 26.1259994506836 26.1940002441406 29.6490001678467 30.9790000915527 31.5240001678467 31.6100006103516 36.1710014343262 36.9220008850098 37.0089988708496 37.5579986572266 38.2410011291504 37.6990013122559 36.7900009155273 36.923999786377 36.7350006103516 35.1679992675781 34.9389991760254 32.7830009460449 26.242000579834 24.7779998779297 25.1410007476807 25.2150001525879 26.9190006256104 27.4810009002686 28.7479991912842 29.5219993591309 28.2029991149902 27.9270000457764 28.6049995422363 27.8460006713867 27.0020008087158
