02_asc_chm-r50m/HS222F.asc
NCOLS 200 
NROWS 200 
XLLCORNER 569984.5 
YLLCORNER 5219666.5 
CELLSIZE 0.5 
NODATA_value -3.4e+38 
[rows 160 to 179 of 200, columns 46 to 91 of 200]
4.98699998855591 7.5460000038147 8.38700008392334 10.5430002212524 13.9680004119873 15.8030004501343 17.3369998931885 18.7509994506836 19.7180004119873 19.9169998168945 20 19.7290000915527 19.7189998626709 18.3360004425049 17.7929992675781 17.8939990997314 16.9750003814697 16.8589992523193 24.548999786377 26.8850002288818 22.3649997711182 16.1900005340576 10.0150003433228 9.4680004119873 11.5590000152588 14.2810001373291 15.6099996566772 17.0540008544922 20.3150005340576 22.1200008392334 22.0669994354248 24.1709995269775 25.1909999847412 25.0639991760254 24.4689998626709 24.1480007171631 24.1509990692139 21.9379997253418 21.6200008392334 21.6569995880127 16.9939994812012 18.8589992523193 20.951000213623 20.7029991149902 16.867000579834 20.3129997253418
3.82299995422363 4.89799976348877 5.1399998664856 9.40999984741211 11.6350002288818 13.3330001831055 13.7770004272461 15.7419996261597 17.5769996643066 18.0219993591309 18.3519992828369 18.7900009155273 18.2369995117188 17.492000579834 16.503999710083 14.423999786377 14.5369997024536 15.1619997024536 22.0359992980957 22.3059997558594 18.0109996795654 12.1350002288818 8.3100004196167 9.05099964141846 11.6219997406006 14.4580001831055 16.1259994506836 17.798999786377 19.2369995117188 20.4400005340576 21.1459999084473 23.1669998168945 23.8020000457764 22.5750007629395 22.011999130249 22.2840003967285 20.7840003967285 19.257999420166 18.4379997253418 14.543999671936 15.3830003738403 16.7910003662109 18.5450000762939 20.298999786377 20.8819999694824 23.3419990539551
3.40199995040894 3.46600008010864 5.02199983596802 6.55800008773804 9.76500034332275 10.7159996032715 9.83300018310547 10.9729995727539 14.2270002365112 17.2129993438721 16.2759990692139 16.5690002441406 17.3990001678467 16.9500007629395 15.4169998168945 12.168999671936 10.5450000762939 8.26299953460693 11.0719995498657 13.8800001144409 11.9449996948242 6.51800012588501 8.16199970245361 10.2159996032715 13.0340003967285 15.7799997329712 16.3929996490479 18.4659996032715 19.7730007171631 20.4769992828369 20.9260005950928 21.1650009155273 20.757999420166 19.9179992675781 18.3290004730225 18.2670001983643 16.7399997711182 13.5590000152588 11.8330001831055 16.3150005340576 17.7369995117188 19.0160007476807 20.2950000762939 20.6089992523193 21.6019992828369 26.0009994506836
2.87199997901917 3.70300006866455 5.96500015258789 5.29500007629395 6.99499988555908 9.21000003814697 8.15200042724609 9.04899978637695 9.73299980163574 14.0799999237061 13.8290004730225 14.4549999237061 14.1300001144409 14.6000003814697 12.4969997406006 9.64400005340576 8.69400024414062 6.92500019073486 5.20100021362305 3.4909999370575 5.09600019454956 3.40199995040894 6.44799995422363 7.86600017547607 12.2980003356934 15.0310001373291 15.9370002746582 17.8080005645752 19.25 19.9009990692139 20.4559993743896 20.4650001525879 20.2369995117188 19.3020000457764 17.4589996337891 16.7320003509521 14.8059997558594 8.96300029754639 7.83300018310547 16.693000793457 19.0249996185303 18.8430004119873 18.6599998474121 18.4769992828369 19.5970001220703 25.9120006561279
6.65199995040894 7.56899976730347 6.68800020217896 4.65700006484985 5.82800006866455 7.18499994277954 7.97100019454956 7.97800016403198 8.9399995803833 10.4680004119873 11.5030002593994 10.2469997406006 7.27500009536743 10.2589998245239 9.73999977111816 8.60999965667725 7.31099987030029 5.87799978256226 4.11100006103516 2.40100002288818 0.852999985218048 1.05900001525879 2.65599989891052 4.90299987792969 10.326000213623 14.6920003890991 15.081000328064 17.8250007629395 18.7159996032715 19.2140007019043 19.3910007476807 19.4619998931885 18.8840007781982 17.9449996948242 16.5380001068115 16.298999786377 15.076000213623 11.4099998474121 19.8290004730225 22.8400001525879 21.2800006866455 20.371000289917 19.4629993438721 17.5869998931885 15.9549999237061 23.1189994812012
10.7329998016357 9.35099983215332 5.18200016021729 4.38899993896484 4.6399998664856 5.7039999961853 7.125 6.45100021362305 6.78399991989136 8.94600009918213 8.69600009918213 7.02400016784668 6.59800004959106 7.08199977874756 6.93900012969971 8.27700042724609 6.25799989700317 4.58799982070923 3.01999998092651 1.30999994277954 1.04900002479553 1.72699999809265 1.81500005722046 2.30699992179871 8.07199954986572 11.8839998245239 14.4209995269775 16.3169994354248 17.2789993286133 17.6259994506836 18.2040004730225 17.9570007324219 17.7649993896484 17.0709991455078 17.07200050354 16.6770000457764 18.0030002593994 19.0949993133545 23.806999206543 25.1830005645752 24.4090003967285 23.0130004882812 21.5459995269775 18.4120006561279 14.5609998703003 19.0779991149902
10.5559997558594 8.07699966430664 4.81699991226196 4.12200021743774 3.43700003623962 7.84100008010864 6.04400014877319 4.97300004959106 4.43100023269653 5.84600019454956 5.08900022506714 4.62599992752075 4.65999984741211 3.62899994850159 3.06100010871887 5.93599987030029 6.95699977874756 4.33099985122681 1.86500000953674 0.810000002384186 1.26199996471405 1.70700001716614 1.72800004482269 5.30200004577637 8.36499977111816 10.4490003585815 13.4700002670288 15.1700000762939 15.0419998168945 15.2049999237061 16.3419990539551 16.6009998321533 16.4220008850098 17.7399997711182 22.2080001831055 24.7089996337891 24.8490009307861 25.1690006256104 25.246000289917 26.5890007019043 26.625 25.011999130249 22.9699993133545 18.9419994354248 15.7329998016357 14.7480001449585
12.9700002670288 8.29699993133545 6.7350001335144 4.875 7.02299976348877 9.91800022125244 4.96299982070923 3.53699994087219 2.98000001907349 2.45799994468689 2.10800004005432 4.64499998092651 9.60099983215332 10.2530002593994 7.76200008392334 8.64799976348877 10.6190004348755 8.72500038146973 6.40999984741211 4.70800018310547 1.40499997138977 3.17700004577637 3.875 4.90399980545044 7.63600015640259 9.41300010681152 11.8719997406006 14.0749998092651 13.7819995880127 13.6070003509521 14.6850004196167 14.5959997177124 18.0370006561279 20.9629993438721 22.6450004577637 24.9090003967285 25.32200050354 25.4300003051758 29.6229991912842 31.1030006408691 31.2129993438721 29.6539993286133 25.7590007781982 22.6840000152588 20.1299991607666 16.2229995727539
17.6609992980957 16.7770004272461 15.3870000839233 11.3249998092651 11.5340003967285 10.4770002365112 5.08699989318848 4.70900011062622 6.28499984741211 8.35799980163574 8.36499977111816 7.51800012588501 12.6079998016357 17.5230007171631 22.92799949646 27.0699996948242 20.0149993896484 14.5799999237061 14.6149997711182 12.6490001678467 10.628999710083 9.32100009918213 8.07999992370605 9.0629997253418 9.44400024414062 7.30200004577637 8.58300018310547 10.5220003128052 12.4770002365112 12.418999671936 12.9980001449585 19.7970008850098 24.9669990539551 26.5510005950928 28.0650005340576 29.6060009002686 31.1989994049072 31.3880004882812 32.701000213623 33.7729988098145 33.8240013122559 31.4969997406006 27.5380001068115 26.4270000457764 24.67799949646 16.8850002288818
19.4820003509521 18.3810005187988 17.5499992370605 15.2080001831055 10.7349996566772 12.3299999237061 13.9670000076294 13.335000038147 12.1269998550415 15.6560001373291 14.4169998168945 13.1940002441406 14.9580001831055 17.6149997711182 22.0139999389648 26.6299991607666 22.3640003204346 18.9909992218018 18.9029998779297 17.8449993133545 17.0709991455078 16.1049995422363 16.451000213623 13.6029996871948 6.1399998664856 3.64299988746643 6.93499994277954 8.15100002288818 10.0869998931885 9.73999977111816 16.9360008239746 26.9260005950928 29.2600002288818 30.7159996032715 31.9130001068115 32.2330017089844 34.2290000915527 34.2560005187988 35.6679992675781 35.7220001220703 35.439998626709 34.4869995117188 32.1189994812012 26.9759998321533 25.0919990539551 25.1749992370605
21.488000869751 19.7240009307861 17.0259990692139 14.3030004501343 14.326000213623 13.7399997711182 16.0699996948242 18.2469997406006 17.4860000610352 18.2719993591309 15.8129997253418 15.6379995346069 13.3730001449585 13.4320001602173 18.2830009460449 22.3120002746582 21.0160007476807 20.6040000915527 20.2140007019043 18.4099998474121 18.3819999694824 19.1110000610352 19.4619998931885 15.0790004730225 5.98299980163574 4.33199977874756 8.2819995880127 9.7819995880127 10.9860000610352 8.07900047302246 17.8859996795654 27.7479991912842 29.7229995727539 31.8920001983643 32.8419990539551 34.8950004577637 37.0299987792969 37.4339981079102 37.7779998779297 36.7220001220703 36.7550010681152 36.2299995422363 36.1310005187988 31.42799949646 28.2159996032715 27.4009990692139
22.6140003204346 22.7730007171631 20.1860008239746 18.7430000305176 18.7159996032715 18.0890007019043 18.7250003814697 20.8959999084473 20.2409992218018 18.6900005340576 16.0109996795654 17.8309993743896 17.5219993591309 18.5699996948242 19.4839992523193 21.4699993133545 22.2049999237061 21.6119995117188 21.4309997558594 21.5100002288818 21.1520004272461 21.3819999694824 20.8810005187988 19.4909992218018 15.4399995803833 12.6219997406006 9.63000011444092 11.1700000762939 10.4200000762939 17.4729995727539 23.4039993286133 26.0629997253418 28.5820007324219 32.3930015563965 35.3530006408691 37.2519989013672 38.4970016479492 38.8429985046387 38.7820014953613 38.2649993896484 38.2060012817383 37.8499984741211 36.2350006103516 34.3849983215332 32.3680000305176 29.0100002288818
25.1380004882812 24.3110008239746 24.2059993743896 23.1679992675781 22.0249996185303 21.5189990997314 22.3290004730225 22.0979995727539 21.2159996032715 20.8910007476807 21.1049995422363 20.5139999389648 19.6529998779297 21.4230003356934 22.6140003204346 23.6679992675781 23.3819999694824 22.9270000457764 23.6860008239746 23.5380001068115 22.8759994506836 22.7490005493164 21.5659999847412 20.9109992980957 19.8369998931885 17.757999420166 14.2259998321533 12.5539999008179 15.7840003967285 17.9820003509521 20.1800003051758 25.6119995117188 28.617000579834 34.4700012207031 37.5449981689453 38.6040000915527 39.7599983215332 40 40.1059989929199 39.8569984436035 39.2229995727539 38.5660018920898 37.1199989318848 34.5849990844727 33.7939987182617 31.4109992980957
27.0979995727539 25.8139991760254 26.1709995269775 25.375 23.798999786377 22.2509994506836 22.7530002593994 23.0310001373291 22.128999710083 22.0650005340576 22.2049999237061 21.2049999237061 20.132999420166 22.673999786377 23.818000793457 23.9529991149902 23.6359996795654 23.7080001831055 24.7929992675781 24.5130004882812 24.1310005187988 24.6110000610352 23.7689990997314 22.3269996643066 19.621000289917 17.8229999542236 15.9090003967285 13.8459997177124 14.7019996643066 16.6140003204346 20.4020004272461 26.8460006713867 29.9029998779297 34.8289985656738 38.367000579834 39.0550003051758 40.5209999084473 41.2949981689453 41.7239990234375 40.939998626709 39.7190017700195 38.7299995422363 37.423999786377 35.1769981384277 34.5439987182617 33.7120018005371
28.4090003967285 28.0009994506836 26.8320007324219 26.3150005340576 24.632999420166 23.1420001983643 23.7210006713867 24.7900009155273 24.1569995880127 23.625 22.3360004425049 21.0739994049072 21.5130004882812 24.5860004425049 24.9479999542236 25.363000869751 24.4290008544922 24.0090007781982 25.0990009307861 25.5319995880127 25.492000579834 25.1480007171631 24.8099994659424 23.4220008850098 20.5429992675781 16.8360004425049 16.0270004272461 22.0149993896484 15.8210000991821 20.6949996948242 25.5690002441406 30.443000793457 32.0359992980957 32.4379997253418 36.9580001831055 39.5900001525879 40.6450004577637 41.8440017700195 42.5349998474121 41.507999420166 40.382999420166 39.625 38.1479988098145 34.9129981994629 34.3190002441406 34.4459991455078
28.3700008392334 28.6420001983643 27.3589992523193 26.1809997558594 25.1760005950928 24.3759994506836 22.882999420166 25.3689994812012 25.9950008392334 25.6229991912842 23.1189994812012 21.5960006713867 23.2609996795654 24.8059997558594 25.8980007171631 26.0450000762939 25.8239994049072 25.6660003662109 26.6809997558594 27.1550006866455 27.1389999389648 26.3880004882812 25.113000869751 24.2819995880127 23.6159992218018 19.1550006866455 16.6730003356934 31.25 22.9379997253418 23.7719993591309 27.0709991455078 29.7129993438721 32.2159996032715 32.7919998168945 36.1230010986328 39.0429992675781 40.4739990234375 40.9970016479492 41.7529983520508 40.9420013427734 40.2270011901855 39.6949996948242 38.7519989013672 35.7099990844727 34.4199981689453 35.4500007629395
30.0839996337891 29.9130001068115 29.4409999847412 28.6940002441406 26.7889995574951 25.8519992828369 24.9710006713867 25.32200050354 26.3500003814697 26.0779991149902 24.5359992980957 23.9099998474121 24.6529998779297 26.1909999847412 27.0590000152588 28.2329998016357 28.4409999847412 29.3990001678467 29.9080009460449 29.5139999389648 28.9479999542236 28.0699996948242 26.8439998626709 25.113000869751 26.8619995117188 27.0219993591309 28.923999786377 33.7830009460449 33.7589988708496 30.0130004882812 32.0289993286133 31.4489994049072 32.5130004882812 33.3279991149902 36.1349983215332 38.6769981384277 39.2620010375977 39.7519989013672 40.3380012512207 39.6650009155273 39.2999992370605 38.9809989929199 38.609001159668 36.8199996948242 35.5019989013672 35.4090003967285
30.6340007781982 30.2870006561279 29.8190002441406 30.0890007019043 29.6480007171631 27.3700008392334 26.871000289917 27.8840007781982 28.7590007781982 27.7290000915527 27.2210006713867 27.2250003814697 26.5699996948242 26.0909996032715 26.8740005493164 28.5349998474121 29.4930000305176 31.0139999389648 31.2759990692139 30.9069995880127 29.6450004577637 28.9930000305176 27.3209991455078 27.3519992828369 31.6049995422363 33.689998626709 34.5919990539551 35.2120018005371 35.4210014343262 34.5579986572266 33.8619995117188 33.2809982299805 33.4220008850098 33.4679985046387 33.8559989929199 36.8569984436035 37.3279991149902 38.8129997253418 38.9029998779297 38.5309982299805 38.5919990539551 37.0830001831055 36.5320014953613 34.8889999389648 34.2589988708496 34.4990005493164
29.3400001525879 29.9209995269775 30.6219997406006 31.0890007019043 29.7430000305176 28.1049995422363 27.2950000762939 28.1019992828369 29.1860008239746 28.8379993438721 27.503999710083 27.181999206543 27.4209995269775 27.3780002593994 27.6609992980957 28.701000213623 29.511999130249 30.5830001831055 31.3139991760254 30.492000579834 29.257999420166 28.7749996185303 27.1079998016357 28.3950004577637 30.7099990844727 33.3320007324219 35.8190002441406 36.9700012207031 37.4900016784668 36.7919998168945 35.5169982910156 33.6450004577637 32.2540016174316 32.8079986572266 33.1370010375977 34.7169990539551 36.4780006408691 37.9830017089844 37.6730003356934 37.1599998474121 36.4990005493164 35.1969985961914 34.2290000915527 33.3969993591309 31.8810005187988 32.3160018920898
27.7800006866455 29.3209991455078 30.2439994812012 30.8299999237061 29.8110008239746 28.548999786377 27.8880004882812 28.8059997558594 29.1229991912842 28.5540008544922 27.492000579834 27.5279998779297 27.818000793457 27.9589996337891 27.8999996185303 28.8099994659424 29.8850002288818 30.0049991607666 30.6730003356934 30.7080001831055 29.5470008850098 28.8600006103516 28.0790004730225 29.9769992828369 31.1599998474121 35.8170013427734 37.9889984130859 38.2890014648438 38.8409996032715 38.4109992980957 35.9360008239746 33.7760009765625 32.476001739502 31.7609996795654 33.1160011291504 34.1580009460449 35.8170013427734 36.4379997253418 36.5449981689453 36.564998626709 35.3689994812012 33.6139984130859 32.3409996032715 31.1100006103516 31.0550003051758 30.7719993591309
