02_asc_chm-r50m/HS222G.asc
NCOLS 200 
NROWS 200 
XLLCORNER 570540 
YLLCORNER 5220568 
CELLSIZE 0.5 
NODATA_value -3.4e+38 
[rows 100 to 119 of 200, columns 92 to 137 of 200]
30.8549995422363 31.1229991912842 29.8799991607666 25.1720008850098 26.4839992523193 22.9260005950928 19.8619995117188 21.7520008087158 20.6359996795654 18.1270008087158 18.8850002288818 19.496000289917 20.6299991607666 19.6459999084473 15.4720001220703 18.0820007324219 18.9740009307861 18.9549999237061 21.2649993896484 22.2159996032715 22.2210006713867 22.2189998626709 21.8120002746582 21.2320003509521 19.3360004425049 16.1989994049072 15.9359998703003 11.5799999237061 9.86400032043457 11.9750003814697 13.9029998779297 13.9820003509521 13.9779996871948 19.5200004577637 26.1100006103516 29.4260005950928 30.5590000152588 31.8980007171631 33.1380004882812 34.1459999084473 34.6469993591309 35.3540000915527 35.4420013427734 34.8110008239746 33.9700012207031 33.443000793457
17.9440002441406 27.996000289917 27.1490001678467 20.5060005187988 20.4139995574951 20.6840000152588 21.5429992675781 22.7450008392334 21.7150001525879 19.7660007476807 19.4080009460449 20.378999710083 22.371000289917 22.1219997406006 20.5809993743896 21.5450000762939 21.8570003509521 21.806999206543 22.1690006256104 22.8059997558594 22.9780006408691 22.9909992218018 23.0209999084473 22.3129997253418 19.9200000762939 18.3610000610352 16.0289993286133 13.0640001296997 13.7869997024536 14.8809995651245 16.5300006866455 16.3610000610352 15.7430000305176 22.4190006256104 27.4330005645752 27.3099994659424 28.9020004272461 31.1949996948242 32.7910003662109 33.8460006713867 34.226001739502 34.3660011291504 34.2400016784668 34.0050010681152 33.3549995422363 32.5229988098145
16.8479995727539 18.4519996643066 20.7220001220703 21.8320007324219 23.9360008239746 23.4150009155273 23.3120002746582 22.6529998779297 24.3090000152588 24.5279998779297 22.431999206543 22.5979995727539 23.5060005187988 24.5620002746582 24.4379997253418 24.7870006561279 24.9640007019043 23.1270008087158 23.238000869751 23.4860000610352 23.878999710083 23.7689990997314 23.3540000915527 22.5540008544922 20.7229995727539 18.8290004730225 17.6450004577637 15.5469999313354 15.2670001983643 17.1030006408691 18.5189990997314 18.4930000305176 17.8460006713867 22.0100002288818 24.3330001831055 23.5830001831055 28.7040004730225 31.6280002593994 32.0639991760254 32.9679985046387 33.2350006103516 33.0890007019043 32.9059982299805 33.4199981689453 33.1259994506836 30.9640007019043
11.914999961853 15.25 18.5389995574951 22.2140007019043 24.3540000915527 24.0170001983643 24.3330001831055 24.8419990539551 25.3509998321533 25.2840003967285 24.5979995727539 24.2670001983643 24.5330009460449 25.2970008850098 25.6450004577637 25.9570007324219 26.4340000152588 25.4939994812012 23.9669990539551 23.8719997406006 23.6720008850098 23.818000793457 23.2169990539551 22.1389999389648 18.7999992370605 17.7590007781982 17.511999130249 15.4670000076294 15.8730001449585 17.7110004425049 18.9610004425049 19.6590003967285 19.6180000305176 19.94700050354 20.4230003356934 19.5739994049072 22.4179992675781 27.5599994659424 31.3509998321533 32.5470008850098 32.1419982910156 31.9449996948242 32.3479995727539 33.0050010681152 32.5830001831055 31.382999420166
10.6619997024536 16.318000793457 20.2709999084473 24.3169994354248 24.548999786377 24.9640007019043 25.6919994354248 26.181999206543 25.7399997711182 26.3530006408691 25.6690006256104 24.8169994354248 26.1070003509521 27.246000289917 27.871000289917 28.1159992218018 27.8530006408691 27.0919990539551 25.4400005340576 25.0629997253418 24.2250003814697 23.2970008850098 22.5729999542236 20.3460006713867 16.6989994049072 15.6579999923706 15.7729997634888 14.4010000228882 16.9769992828369 18.4640007019043 19.8850002288818 20.6830005645752 20.9710006713867 20.5890007019043 19.3950004577637 18.6459999084473 19.6140003204346 26.431999206543 30.3850002288818 31.6749992370605 31.443000793457 31.8309993743896 31.9810009002686 32.2000007629395 32.3370018005371 31.1110000610352
16.693000793457 20.9669990539551 22.6060009002686 24.7609996795654 25.2929992675781 26.443000793457 26.9479999542236 27.5450000762939 27.7250003814697 27.4260005950928 26.8020000457764 25.7660007476807 26.9290008544922 29.7719993591309 29.8360004425049 29.8020000457764 29.6690006256104 29.5699996948242 27.6889991760254 25.7730007171631 24.7789993286133 22.7199993133545 22.4629993438721 21.0330009460449 16.4209995269775 15.7869997024536 15.2810001373291 15.9090003967285 17.9860000610352 18.1909999847412 20.246000289917 21.1490001678467 21.5499992370605 21.0830001831055 19.9099998474121 19.7870006561279 19.7350006103516 28.6219997406006 28.7830009460449 30.6730003356934 31 31.5200004577637 31.5659999847412 31.6060009002686 32.3839988708496 32.1940002441406
18.8600006103516 20.7290000915527 23.6889991760254 25.1700000762939 25.5419998168945 27.1720008850098 28.2919998168945 28.3540000915527 28.4150009155273 28.0930004119873 27.4969997406006 27.4479999542236 28.4610004425049 30.1499996185303 31.2140007019043 31.0769996643066 30.8859996795654 30.5090007781982 28.625 26.4209995269775 23.9050006866455 22.1499996185303 20.8770008087158 19.4220008850098 16.8579998016357 15.7779998779297 14.9860000610352 16.6509990692139 17.3479995727539 18.4599990844727 19.6399993896484 20.806999206543 20.826000213623 20.1849994659424 18.8810005187988 17.8899993896484 22.2269992828369 27.8929996490479 26.3050003051758 29.8369998931885 30.5359992980957 31.0599994659424 31.4950008392334 31.923999786377 32.9809989929199 33.4720001220703
20.4309997558594 21.6539993286133 21.9740009307861 24.556999206543 26.1110000610352 27.57200050354 28.4610004425049 29.0610008239746 29.1679992675781 28.1889991760254 28.068000793457 27.9230003356934 29.757999420166 31.0209999084473 31.8579998016357 31.9720001220703 31.173999786377 30.4449996948242 29.0869998931885 26.3239994049072 23.7639999389648 21.3759994506836 18.4710006713867 17.6650009155273 15.3739995956421 13.3830003738403 14.1870002746582 14.8129997253418 15.9739999771118 16.0209999084473 19.0909996032715 19.8269996643066 19.7830009460449 19.1580009460449 18.2140007019043 17.6270008087158 25.2070007324219 28.1180000305176 27.5359992980957 28.617000579834 30.2660007476807 31.7630004882812 32.4440002441406 33.1129989624023 33.5299987792969 34.0369987487793
23.193000793457 25.7889995574951 25.9009990692139 24.4979991912842 26.2140007019043 27.7889995574951 28.9750003814697 29.4400005340576 28.9829998016357 28.1709995269775 28.1019992828369 28.2099990844727 30.1550006866455 31.2029991149902 31.5960006713867 32.0519981384277 31.1469993591309 30.8610000610352 30.1420001983643 26.576000213623 23.5860004425049 21.1630001068115 17.7600002288818 17.1180000305176 15.8380002975464 14.5530004501343 14.2720003128052 14.8030004501343 15.58899974823 15.4010000228882 17.7789993286133 18.4379997253418 17.9909992218018 18.507999420166 18.3169994354248 22.3519992828369 27.9150009155273 30.2029991149902 29.738000869751 29.0270004272461 32.9070014953613 33.8009986877441 33.0550003051758 34.382999420166 34.8219985961914 34.875
27.5779991149902 28.5130004882812 28.1800003051758 26.0739994049072 27.1959991455078 27.4449996948242 28.4139995574951 28.6879997253418 28.4769992828369 27.8460006713867 27.875 28.4249992370605 29.3020000457764 30.4260005950928 30.7609996795654 31.05299949646 30.5149993896484 30.1800003051758 28.7689990997314 26.4890003204346 22.9759998321533 20.5459995269775 17.8479995727539 17.0860004425049 15.7229995727539 15.2080001831055 14.1840000152588 13.5389995574951 15.1789999008179 13.8240003585815 14.7690000534058 16.5919990539551 16.867000579834 17.4370002746582 17.8659992218018 20.9930000305176 29.8199996948242 30.867000579834 30.9179992675781 31.2770004272461 34.3050003051758 34.798999786377 35.5519981384277 36.0940017700195 35.8450012207031 35.0480003356934
30.82200050354 30.8770008087158 29.8059997558594 28.2140007019043 27.9039993286133 27.9179992675781 27.4330005645752 27.4330005645752 27.6940002441406 26.871000289917 26.7180004119873 27.1499996185303 28.1240005493164 28.8959999084473 30.201000213623 29.9190006256104 29.3810005187988 28.6989994049072 25.9409999847412 24.628999710083 22.1700000762939 19.1520004272461 16.7630004882812 16.007999420166 16.1900005340576 15.5299997329712 14.710000038147 13.8769998550415 13.8570003509521 11.9090003967285 12.423999786377 13.9449996948242 14.1960000991821 15.4309997558594 17.2390003204346 22.8360004425049 28.6200008392334 30.1760005950928 31.556999206543 33.1279983520508 34.4490013122559 34.9269981384277 36.1059989929199 36.9990005493164 36.7919998168945 36.1529998779297
34.3110008239746 34.3479995727539 31.3740005493164 28.6410007476807 29.3299999237061 28.1770000457764 27.4669990539551 26.0620002746582 26.1240005493164 25.9230003356934 25.4349994659424 26.3309993743896 26.8059997558594 26.2070007324219 28.2399997711182 28.1529998779297 28.19700050354 28.0599994659424 25.875 22.5 22.0879993438721 19.4810009002686 16.7689990997314 15.4460000991821 16.0809993743896 16.1879997253418 15.9429998397827 15.4700002670288 14.5100002288818 13.5530004501343 11.2270002365112 11.6680002212524 12.1070003509521 13.2170000076294 19.4720001220703 24.9990005493164 26.4979991912842 30.2049999237061 32.5800018310547 33.6800003051758 34.9179992675781 35.4420013427734 36.601001739502 37.7379989624023 37.4039993286133 36.5800018310547
37.9039993286133 37.2089996337891 34.5540008544922 36.2449989318848 36.7610015869141 33.9710006713867 29.07200050354 26.8990001678467 26.2140007019043 25.4409999847412 24.5769996643066 24.7450008392334 25.4720001220703 25.3190002441406 25.6450004577637 25.9160003662109 26.4930000305176 25.6889991760254 23.9150009155273 22.6280002593994 21.3169994354248 20.3320007324219 17.2189998626709 15.6490001678467 16.1630001068115 16.3349990844727 16.0820007324219 15.4259996414185 14.1759996414185 13.4680004119873 11.4949998855591 11.4849996566772 11.4010000228882 13.3620004653931 17.9640007019043 22.431999206543 25.6480007171631 28.5960006713867 32.6040000915527 33.4770011901855 35.1419982910156 35.976001739502 36.4230003356934 37.7690010070801 37.5789985656738 36.523998260498
39.1110000610352 39.476001739502 38.6920013427734 39.2799987792969 39.5309982299805 38.4949989318848 33.5830001831055 27.8290004730225 26.7789993286133 24.7980003356934 22.6040000915527 22.3190002441406 22.6040000915527 22.0550003051758 23.386999130249 23.1539993286133 23.3209991455078 22.5960006713867 22.4729995727539 20.7479991912842 19.8549995422363 18.3519992828369 15.5649995803833 15.4860000610352 15.835000038147 16.0419998168945 15.6750001907349 15.3240003585815 14.6920003890991 12.9650001525879 12.0030002593994 12.2700004577637 9.08500003814697 10.1110000610352 16.8229999542236 22.8549995422363 27.7959995269775 31.4580001831055 32.5989990234375 33.8089981079102 34.3759994506836 35.4570007324219 36.2529983520508 36.826000213623 36.556999206543 36.1879997253418
39.5660018920898 39.9990005493164 40.1980018615723 40.1660003662109 39.798999786377 38.7369995117188 38.3339996337891 33.0299987792969 27.9659996032715 22.7929992675781 20.7980003356934 20.0359992980957 20.4939994812012 16.9179992675781 18.3120002746582 21.2840003967285 21.5839996337891 20.6070003509521 19.4150009155273 18.7320003509521 18.4389991760254 15.2030000686646 14.5799999237061 14.8629999160767 15.1499996185303 15.5699996948242 15.2360000610352 14.8090000152588 14.3719997406006 12.8769998550415 12.3929996490479 12.4940004348755 10.7110004425049 9.75599956512451 15.9650001525879 23.8239994049072 25.8880004882812 28.1590003967285 31.5160007476807 33.6669998168945 34.8050003051758 34.726001739502 35.5040016174316 35.9860000610352 35.8889999389648 35.359001159668
39.7910003662109 40.4900016784668 40.4860000610352 40.193000793457 39.9370002746582 39.1570014953613 37.9910011291504 36.2890014648438 30.0030002593994 23.0179996490479 22.0009994506836 15.1520004272461 16.9039993286133 10.746000289917 8.10999965667725 16.8950004577637 18.511999130249 17.4909992218018 17.7709999084473 16.371000289917 15.5620002746582 15.2189998626709 14.4849996566772 14.6239995956421 14.9499998092651 15.0299997329712 14.8620004653931 14.0179996490479 13.0679998397827 12.6160001754761 12.8380002975464 12.53600025177 11.1529998779297 10.1339998245239 13.423999786377 23.1550006866455 25.261999130249 26.0279998779297 30.5949993133545 32.4150009155273 33.7060012817383 34.1160011291504 34.7369995117188 35.5509986877441 35.5509986877441 35.0130004882812
40.0929985046387 41.0519981384277 41.0900001525879 41.1259994506836 40.3199996948242 39.7249984741211 38.9039993286133 35.818000793457 29.3859996795654 22.4249992370605 11.3870000839233 7.52199983596802 9.06400012969971 7.35400009155273 9.8459997177124 12.7150001525879 14.0900001525879 14.1899995803833 14.0780000686646 14.6510000228882 15.0769996643066 15.0869998931885 14.4540004730225 14.039999961853 13.996000289917 13.7329998016357 13.7530002593994 13.581000328064 13.2709999084473 13.0930004119873 12.9680004119873 12.9180002212524 11.6359996795654 11.8509998321533 12.1009998321533 13.7089996337891 23.19700050354 27.9939994812012 30.3579998016357 32.0309982299805 32.8969993591309 33.9230003356934 33.9199981689453 34.4109992980957 34.6969985961914 35.0289993286133
41.4169998168945 41.9710006713867 42.1080017089844 41.5670013427734 40.6870002746582 40.2779998779297 38.7179985046387 34.6889991760254 29.0470008850098 16.9029998779297 7.85400009155273 6.97399997711182 6.88299989700317 6.90299987792969 8.93299961090088 8.84200000762939 11.4440002441406 12.201000213623 12.4969997406006 14.2170000076294 14.6680002212524 14.2040004730225 12.8459997177124 12.0839996337891 11.5279998779297 11.9169998168945 12.4490003585815 12.6350002288818 12.7880001068115 12.3299999237061 12.621000289917 12.7559995651245 12.4779996871948 11.8059997558594 11.8489999771118 9.64099979400635 16.4249992370605 24.1949996948242 28.4750003814697 29.42799949646 31.0370006561279 33.060001373291 32.617000579834 31.9139995574951 31.9179992675781 32.1450004577637
41.2999992370605 42.2729988098145 42.2970008850098 41.4700012207031 40.7750015258789 40.5900001525879 38.0769996643066 34.3380012512207 28.7779998779297 16.9179992675781 9.86699962615967 6.73999977111816 6.85599994659424 4.84000015258789 5.0479998588562 5.01900005340576 6.68499994277954 8.01700019836426 11.3409996032715 14.1190004348755 14.1319999694824 12.9280004501343 12.8730001449585 11.9490003585815 10.7489995956421 9.69600009918213 11.4040002822876 11.4399995803833 11.664999961853 11.8339996337891 12.6129999160767 12.7629995346069 12.58899974823 11.6269998550415 10.8889999389648 9.29300022125244 12.1339998245239 22.5939998626709 27.4969997406006 29.8540000915527 30.0970001220703 31.1119995117188 29.6660003662109 25.6919994354248 30.9810009002686 30.8449993133545
40.8530006408691 41.6319999694824 41.6520004272461 41.0110015869141 40.7480010986328 40.6679992675781 38.943000793457 33.9099998474121 27.7450008392334 21.2569999694824 14.8909997940063 6.1100001335144 6.48400020599365 3.71300005912781 2.98200011253357 3.29200005531311 5.61399984359741 7.42899990081787 9.00599956512451 12.0349998474121 11.8229999542236 11.4739999771118 11.7810001373291 9.91399955749512 8.72299957275391 7.30000019073486 9.21300029754639 9.60400009155273 11.5129995346069 12.4429998397827 12.8380002975464 12.5670003890991 11.8039999008179 10.7259998321533 10.335000038147 12.753999710083 20.1229991912842 26.8369998931885 29.556999206543 30.6809997558594 30.7339992523193 28.7180004119873 25.0300006866455 13.3929996490479 23.6429996490479 19.5839996337891
