02_asc_chm-r50m/HS220I.asc
NCOLS 201 
NROWS 201 
XLLCORNER 571864 
YLLCORNER 5219043 
CELLSIZE 0.5 
NODATA_value -3.4e+38 
[rows 20 to 39 of 201, columns 46 to 91 of 201]
36.9860000610352 35.7630004882812 34.2280006408691 33.7849998474121 33.310001373291 26.8929996490479 26.3859996795654 25.4029998779297 24.507999420166 23.4150009155273 21.7950000762939 18.3330001831055 8.94900035858154 10.706000328064 13.6800003051758 11.3520002365112 14.6709995269775 15.5260000228882 32.4550018310547 34.1100006103516 39.0270004272461 38.6749992370605 35.8120002746582 35.4420013427734 35.765998840332 39.5839996337891 37.3569984436035 35.1189994812012 31.2070007324219 35.1769981384277 31.1009998321533 29.0319995880127 24.9990005493164 25.8980007171631 24.9559993743896 25.7040004730225 26.8969993591309 26.7250003814697 24.3139991760254 23.7509994506836 23.5310001373291 23.1849994659424 22.4549999237061 22.3719997406006 22.6110000610352 22.3850002288818
37.3769989013672 35.9640007019043 34.189998626709 33.9290008544922 33.140998840332 30.0930004119873 28.2530002593994 27.1350002288818 25.1499996185303 23.193000793457 20.4619998931885 18.8439998626709 14.4449996948242 21.2900009155273 23.3320007324219 20.125 19.9249992370605 20.0160007476807 32.1310005187988 35.6809997558594 39.9179992675781 43.4529991149902 41.2179985046387 41.1069984436035 40.2360000610352 39.0699996948242 38.9949989318848 36.8359985351562 37.226001739502 39.4210014343262 37.3619995117188 31.9360008239746 25.1270008087158 26.4890003204346 27.3120002746582 27.8040008544922 27.6760005950928 27.1800003051758 25.5249996185303 25.1030006408691 23.9610004425049 23.7940006256104 22.75 21.511999130249 21.7089996337891 21.9750003814697
38.4739990234375 36.5279998779297 34.257999420166 34.7779998779297 33.1500015258789 30.5289993286133 31.3369998931885 31.1560001373291 32.2190017700195 31.1410007476807 25.9009990692139 24.30299949646 21.5160007476807 25.0470008850098 26.0100002288818 24.7189998626709 28.8649997711182 34.2750015258789 35.8300018310547 37.8139991760254 41.7389984130859 44.6780014038086 44.75 44.9889984130859 44.6419982910156 42.2449989318848 40.9179992675781 40.8079986572266 40.5919990539551 39.8089981079102 39.6730003356934 33.0369987487793 25.4759998321533 26.9290008544922 27.9379997253418 28.1480007171631 27.9799995422363 27.5240001678467 27.3969993591309 26.121000289917 25.4820003509521 24.3719997406006 22.6529998779297 20.7250003814697 21.3700008392334 21.7360000610352
38.9990005493164 38.9029998779297 35.9949989318848 36.5069999694824 34.8650016784668 34.4309997558594 35.2480010986328 34.4300003051758 35.1570014953613 36.0349998474121 34.2210006713867 29.5340003967285 25.7070007324219 26.4519996643066 26.9890003204346 24.6879997253418 36.1220016479492 40.7840003967285 41.056999206543 40.5219993591309 43.3279991149902 44.8190002441406 45.4830017089844 47.0629997253418 47.7140007019043 44.0789985656738 41.4049987792969 40.8079986572266 40.6699981689453 39.6279983520508 36.7569999694824 30.2390003204346 29.6310005187988 28.9069995880127 28.6000003814697 28.5970001220703 28.3360004425049 27.9260005950928 27.7520008087158 26.673999786377 25.378999710083 24.2810001373291 20.3649997711182 20.568000793457 21.1669998168945 21.2630004882812
38.8450012207031 38.0750007629395 37.1780014038086 37.3390007019043 37.8199996948242 38.5040016174316 37.0919990539551 36.7849998474121 36.1209983825684 36.0519981384277 34.4539985656738 29.871000289917 27.3050003051758 27.7439994812012 26.7250003814697 25.423999786377 28.9200000762939 38.0890007019043 41.2109985351562 43.181999206543 46.2970008850098 47.6699981689453 47.273998260498 48.5709991455078 48.8720016479492 48.1269989013672 47.1809997558594 44.6339988708496 41.8730010986328 39.4029998779297 36.2239990234375 35.4529991149902 34.7729988098145 28.9300003051758 29.2730007171631 29.5319995880127 29.0340003967285 28.4249992370605 28.2560005187988 27.7840003967285 25.2029991149902 21.7810001373291 20.7660007476807 20.3980007171631 20.5209999084473 20.5639991760254
38.2820014953613 37.7190017700195 37.7519989013672 38.6180000305176 39.6980018615723 40.3479995727539 39.6100006103516 38.8629989624023 36.7849998474121 35.5559997558594 34.5960006713867 34.5180015563965 34.1619987487793 27.9360008239746 27.7320003509521 27.1319999694824 25.6919994354248 34.4980010986328 41.2840003967285 45.1549987792969 47.9640007019043 48.5769996643066 49.0250015258789 49.3269996643066 49.2949981689453 48.4609985351562 47.3129997253418 45.4169998168945 41.0979995727539 39.4900016784668 37.7150001525879 37.6669998168945 35.8079986572266 30.625 29.9080009460449 29.867000579834 29.4869995117188 29.0919990539551 28.1630001068115 27.3110008239746 25.0069999694824 24.0659999847412 20.4890003204346 20.0380001068115 19.9500007629395 20.0230007171631
37.2910003662109 37.5120010375977 38.3639984130859 39.5589981079102 41.1199989318848 41.382999420166 41.0209999084473 39.1279983520508 36.0130004882812 35.4990005493164 35.0050010681152 34.6640014648438 34.4080009460449 29.9440002441406 28.2819995880127 28.863000869751 27.8990001678467 32.9749984741211 41.1279983520508 46.2649993896484 48.3380012512207 48.8660011291504 49.201000213623 49.9949989318848 50.0439987182617 49.2449989318848 47.4020004272461 45.8359985351562 41.8759994506836 39.4309997558594 35.3580017089844 34.6549987792969 34.0499992370605 29.7740001678467 29.7569999694824 29.6730003356934 29.2639999389648 28.7199993133545 27.6469993591309 26.1259994506836 25.80299949646 23.9650001525879 21.6609992980957 19.7800006866455 19.681999206543 19.951000213623
37.8400001525879 40.0620002746582 40.2220001220703 40.1119995117188 41.7680015563965 42.6310005187988 41.7939987182617 41.5359992980957 35.9360008239746 34.6240005493164 37.6129989624023 36.5620002746582 35.5800018310547 33.9199981689453 33.3650016784668 32.6529998779297 32.3030014038086 38.0849990844727 43.0629997253418 47.0050010681152 48.5410003662109 49.4529991149902 49.6980018615723 50.0709991455078 49.8160018920898 48.923999786377 47.4930000305176 46.0950012207031 44.4360008239746 41.6920013427734 35.5320014953613 29.3490009307861 28.0429992675781 28.0170001983643 28.9190006256104 28.92799949646 28.7199993133545 27.9890003204346 27.1870002746582 26.8379993438721 25.5370006561279 22.7070007324219 21.1429996490479 20.0310001373291 19.6469993591309 19.8959999084473
37.4990005493164 40.0849990844727 40.939998626709 41.5800018310547 43.4169998168945 43.6689987182617 43.0410003662109 42.1640014648438 40.1020011901855 38.7120018005371 39.8699989318848 39.8129997253418 39.0480003356934 39.1809997558594 39.9480018615723 38.4290008544922 36.3199996948242 37.3160018920898 42.3779983520508 46.6380004882812 48.7029991149902 49.5180015563965 49.6380004882812 49.2830009460449 48.8919982910156 47.9420013427734 46.8209991455078 45.640998840332 44.8429985046387 40.9280014038086 34.7630004882812 29.2800006866455 26.7830009460449 27.4890003204346 27.886999130249 27.8199996948242 27.4260005950928 27.298999786377 26.7339992523193 26.0359992980957 25.3239994049072 23.2310009002686 21.5130004882812 20.9459991455078 19.8409996032715 19.5289993286133
37.8160018920898 39.9609985351562 41.0250015258789 42.8870010375977 43.8610000610352 44.1380004882812 43.0559997558594 42.1080017089844 41.5110015869141 40.4809989929199 40.8440017700195 41.3349990844727 41.1259994506836 40.6430015563965 40.5690002441406 39.8320007324219 38.2509994506836 39.7070007324219 44.1609992980957 47.0989990234375 48.2330017089844 48.1049995422363 48.5740013122559 48.492000579834 47.4500007629395 46.9620018005371 46.2830009460449 44.7210006713867 42.8460006713867 41.0709991455078 35.564998626709 26.5 25.7940006256104 25.363000869751 27.3649997711182 26.9599990844727 27.3330001831055 26.7819995880127 26.6700000762939 26.367000579834 25.6480007171631 22.1420001983643 21.3999996185303 20.386999130249 19.0769996643066 19.011999130249
36.5579986572266 38.6500015258789 40.6559982299805 42.3330001831055 42.8289985656738 42.9700012207031 42.5060005187988 41.5390014648438 41.2569999694824 41.2620010375977 41.3380012512207 41.6049995422363 41.6749992370605 41.4169998168945 41.1189994812012 40.2060012817383 38.7560005187988 34.3110008239746 39.8390007019043 45.5810012817383 46.0359992980957 46.568000793457 47.0470008850098 47.6549987792969 45.6790008544922 45.4720001220703 45.2649993896484 43.6150016784668 41.3979988098145 40.3660011291504 35.1879997253418 25.1350002288818 24.5559997558594 24.2169990539551 26.6830005645752 27.613000869751 28.2169990539551 28.1669998168945 27.6959991455078 26.5650005340576 25.7509994506836 23.2240009307861 21.8379993438721 20.6200008392334 19.3519992828369 18.503999710083
35.5429992675781 38.1430015563965 40.4010009765625 41.7449989318848 42.0690002441406 42.0060005187988 41.5390014648438 40.5419998168945 40.1020011901855 40.5169982910156 42.2799987792969 42.6870002746582 42.2859992980957 42.0670013427734 41.8339996337891 41.2109985351562 38.189998626709 39.5890007019043 41.601001739502 43.9119987487793 44.7840003967285 45.3839988708496 45.7309989929199 45.0169982910156 44.7210006713867 44.6510009765625 44.6619987487793 42.5089988708496 41.5330009460449 41.007999420166 29.8889999389648 22.1529998779297 23.0709991455078 24.2689990997314 26.8269996643066 28.2259998321533 28.7530002593994 28.7019996643066 28.0799999237061 26.673999786377 25.5709991455078 23.1919994354248 22.4379997253418 21.3309993743896 19.9759998321533 17.9680004119873
36.2060012817383 37.1419982910156 37.7970008850098 39.5019989013672 41.3860015869141 40.7319984436035 39.8400001525879 39.5629997253418 38.5460014343262 40.3089981079102 42.4099998474121 43.2280006408691 42.984001159668 42.382999420166 42.3030014038086 41.5289993286133 40.7229995727539 41.3479995727539 41.5419998168945 40.6910018920898 43.0999984741211 44.5730018615723 44.6279983520508 43.6549987792969 44.0740013122559 44.1949996948242 43.7000007629395 41.7200012207031 40.6539993286133 39.4550018310547 21.6720008850098 18.5330009460449 21.7399997711182 24.3719997406006 26.1830005645752 27.7730007171631 28.5179996490479 28.6340007781982 28.2719993591309 27.2919998168945 26.1509990692139 22.0270004272461 21.7180004119873 21.3910007476807 20.4589996337891 17.8780002593994
36.2949981689453 36.4010009765625 37.5130004882812 38.2389984130859 40.1129989624023 39.6059989929199 39.3530006408691 39.4249992370605 39.4970016479492 39.9729995727539 41.423999786377 42.9109992980957 42.0359992980957 41.9049987792969 41.8919982910156 41.3250007629395 40.4980010986328 40.3650016784668 39.9659996032715 38.1479988098145 40.193000793457 42.2270011901855 42.3359985351562 41.7779998779297 41.8349990844727 41.0460014343262 41.3300018310547 39.1220016479492 37.9939994812012 35.0820007324219 26.3419990539551 21.5849990844727 23.4599990844727 24.6110000610352 26.3819999694824 27.9220008850098 28.4150009155273 28.2719993591309 27.6709995269775 27.257999420166 26.0779991149902 22.2569999694824 22.1499996185303 21.8449993133545 22.0100002288818 23.7479991912842
35.9910011291504 35.7249984741211 36.5369987487793 36.2200012207031 36.9379997253418 38.1780014038086 37.9729995727539 38.0750007629395 39.898998260498 40.0330009460449 40.25 41.5149993896484 40.6349983215332 40.7369995117188 40.8349990844727 40.0519981384277 39.8400001525879 39.9480018615723 39.117000579834 38.7109985351562 39.4519996643066 39.2529983520508 39.3409996032715 38.5800018310547 37.992000579834 36.859001159668 36.7900009155273 35.8930015563965 34.7569999694824 30.6790008544922 26.1200008392334 26.4060001373291 27.2730007171631 26.0130004882812 25.9370002746582 26.9710006713867 27.0380001068115 27.0259990692139 26.0830001831055 26.0779991149902 25.4309997558594 23.4179992675781 21.9799995422363 18.1919994354248 24.8110008239746 27.4559993743896
35.0989990234375 34.6839981079102 33.742000579834 33.1529998779297 33.0219993591309 34.9910011291504 35.9599990844727 37.1319999694824 38.640998840332 39.3129997253418 40.007999420166 40.1520004272461 40.4059982299805 40.617000579834 40.4770011901855 39.564998626709 39.0670013427734 39.0299987792969 38.7910003662109 37.8699989318848 36.6570014953613 36.5859985351562 37.0029983520508 36.609001159668 36.6889991760254 36.1380004882812 35.3540000915527 33.6189994812012 33.7480010986328 29.4650001525879 28.6420001983643 29.2310009002686 28.6620006561279 26.0069999694824 25.1800003051758 25.6770000457764 25.4029998779297 25.2779998779297 24.5340003967285 24.4869995117188 23.3199996948242 22.2819995880127 17.2110004425049 17.0289993286133 27.7609996795654 28.5429992675781
34.3520011901855 33.6399993896484 33.0120010375977 32.4220008850098 32.3950004577637 32.2050018310547 35.4169998168945 37.0849990844727 36.9710006713867 38.6730003356934 39.0349998474121 39.5690002441406 39.3209991455078 39.7929992675781 39.523998260498 38.1069984436035 38.9059982299805 38.8800010681152 36.3689994812012 26.8490009307861 27.2509994506836 29.3880004882812 31.8090000152588 35.4669990539551 35.2280006408691 35.0519981384277 34.8549995422363 34.2410011291504 34.0279998779297 31.5750007629395 29.5869998931885 29.2409992218018 27.6959991455078 25.4899997711182 25.19700050354 25.2159996032715 25.3770008087158 25.3969993591309 25.3090000152588 24.1979999542236 21.8740005493164 20.8729991912842 20.2639999389648 27.4330005645752 30.2029991149902 28.8770008087158
33.3450012207031 32.7019996643066 31.1749992370605 30.2569999694824 29.8999996185303 28.9799995422363 31.6840000152588 35.7120018005371 36.0299987792969 37.2509994506836 37.7280006408691 38.0169982910156 37.0730018615723 36.9879989624023 36.1160011291504 36.1030006408691 37.4269981384277 35.8540000915527 27.5459995269775 14.1879997253418 15.3149995803833 17.9570007324219 29.6100006103516 33.1030006408691 32.7190017700195 34.3759994506836 34.8650016784668 34.6310005187988 34.6269989013672 33.6660003662109 31.7119998931885 28.8910007476807 28.1180000305176 26.4780006408691 25.1959991455078 25.3980007171631 25.753999710083 25.9689998626709 25.8190002441406 24.2350006103516 20.5709991455078 19.5130004882812 18.9109992980957 12.371000289917 22.8560009002686 19.1100006103516
32.681999206543 31.0890007019043 29.8819999694824 28.8729991912842 28.7479991912842 27.3819999694824 27.2269992828369 27.5879993438721 29.878999710083 33.9770011901855 35.0019989013672 34.8880004882812 33.8930015563965 35.007999420166 34.625 34.5449981689453 34.7309989929199 28.4260005950928 13.8719997406006 14.7349996566772 19.7479991912842 28.8449993133545 30.9759998321533 32.1539993286133 33.1419982910156 34.693000793457 34.7270011901855 34.9570007324219 35.1720008850098 35.3040008544922 34.0929985046387 29.8349990844727 27.9130001068115 26.9109992980957 26.6720008850098 26.32200050354 26.5729999542236 26.3649997711182 25.5470008850098 23.9599990844727 21.5930004119873 20.6720008850098 20.4349994659424 15.2639999389648 8.99600028991699 8.45800018310547
32.7649993896484 30.3899993896484 29.5610008239746 28.9220008850098 28.3579998016357 27.5790004730225 26.818000793457 26.556999206543 26.6690006256104 29.4780006408691 29.42799949646 29.4990005493164 23.8999996185303 23.7360000610352 32.3009986877441 32.9850006103516 30.0069999694824 20.3470001220703 17.9349994659424 21.5179996490479 23.8090000152588 26.4489994049072 30.5240001678467 32.2400016784668 34.7350006103516 35.3400001525879 35.8810005187988 36.1180000305176 36.2439994812012 36.2550010681152 34.181999206543 31.1040000915527 29.6410007476807 28.8460006713867 27.3430004119873 26.9780006408691 27.0499992370605 26.5580005645752 25.8880004882812 24.1569995880127 22.4790000915527 22.0669994354248 21.2569999694824 15.831000328064 10.7840003967285 10.6339998245239
