02_asc_chm-r50m/HS222F.asc
NCOLS 200 
NROWS 200 
XLLCORNER 569984.5 
YLLCORNER 5219666.5 
CELLSIZE 0.5 
NODATA_value -3.4e+38 
[rows 60 to 79 of 200, columns 46 to 91 of 200]
37.2770004272461 36.6020011901855 36.4449996948242 35.5830001831055 32.4780006408691 29.0709991455078 26.8990001678467 22.068000793457 17.1119995117188 16.2849998474121 16.3339996337891 16.0790004730225 15.8229999542236 15.5670003890991 15.8999996185303 15.8020000457764 16.8770008087158 18.5100002288818 19.5830001831055 19.7840003967285 21.2700004577637 20.9340000152588 19.246000289917 21.4440002441406 13.6420001983643 6.69600009918213 12.4530000686646 20.0610008239746 27.6690006256104 30.7649993896484 30.5669994354248 33.0359992980957 33.7369995117188 33.5480003356934 32.9249992370605 31.9020004272461 30.4939994812012 29.617000579834 25.4349994659424 24.9419994354248 26.1700000762939 23.3509998321533 22.5009994506836 18.2719993591309 18.0839996337891 24.3880004882812
39.5410003662109 38.0110015869141 35.5480003356934 33.4990005493164 31.806999206543 28.7199993133545 27.8120002746582 24.423999786377 17.8090000152588 17.6410007476807 17.5179996490479 18.136999130249 19.0109996795654 18.6669998168945 18.3239994049072 17.9799995422363 19.1359996795654 19.1830005645752 20.863000869751 22.6720008850098 22.6800003051758 22.3700008392334 21.8430004119873 21.625 19.0389995574951 11.201000213623 14.2250003814697 22.0410003662109 28.4790000915527 30.0820007324219 29.6319999694824 30.878999710083 31.5669994354248 31.4389991760254 31.3729991912842 30.9769992828369 29.4890003204346 27.7280006408691 24.4020004272461 23.7150001525879 23.7490005493164 23.382999420166 20.7810001373291 22.3299999237061 24.1529998779297 26.3229999542236
40.7750015258789 38.5250015258789 36.9140014648438 33.439998626709 32.1240005493164 29.1650009155273 28.4330005645752 25.9869995117188 21.1539993286133 18.0429992675781 18.0960006713867 17.0799999237061 17.8920001983643 20.1539993286133 22.0860004425049 21.742000579834 23.9659996032715 23.6429996490479 24.5330009460449 24.6110000610352 24.1770000457764 23.7789993286133 23.8139991760254 23.2240009307861 21.8659992218018 18.3719997406006 16.5 22.1219997406006 27.253999710083 28.0769996643066 28.6690006256104 28.8649997711182 29.8859996795654 30.193000793457 29.5830001831055 28.882999420166 28.875 27.4389991760254 23.19700050354 20.7229995727539 20.6919994354248 15.539999961853 9.38000011444092 26.3579998016357 27.7730007171631 31.5139999389648
41.0919990539551 40.2770004272461 36.3699989318848 35.1860008239746 31.9270000457764 29.7679996490479 28.1340007781982 26.2220001220703 23.7269992828369 19.8959999084473 19.2040004730225 18.2549991607666 16.6429996490479 17.6469993591309 19.9090003967285 24.056999206543 24.7649993896484 25.1180000305176 25.8150005340576 25.7749996185303 25.5610008239746 24.492000579834 24.4370002746582 24.242000579834 22.8980007171631 22.3470001220703 21.4230003356934 23.9589996337891 23.5919990539551 24.4540004730225 25.9699993133545 27.568000793457 28.8209991455078 28.9570007324219 27.9220008850098 27.4409999847412 27.9729995727539 26.6089992523193 20.8250007629395 14.9119997024536 14.7589998245239 9.56099987030029 1.75800001621246 14.335000038147 27.8500003814697 27.9330005645752
40.9809989929199 40.6370010375977 37.1300010681152 36.0559997558594 31.8910007476807 30.1429996490479 28.5340003967285 26.5799999237061 23.8700008392334 22.4680004119873 20.8250007629395 20.0279998779297 18.4139995574951 16.8010005950928 21.0230007171631 24.6590003967285 25.386999130249 26.3719997406006 27.3610000610352 27.1679992675781 27.125 25.9829998016357 25.5060005187988 26.201000213623 25.4979991912842 25.4050006866455 23.1560001373291 20.5860004425049 17.6609992980957 19.6079998016357 22.4290008544922 24.2390003204346 26.2630004882812 27.7210006713867 26.943000793457 25.826000213623 23.6539993286133 20.8519992828369 17.2210006713867 12.539999961853 8.81999969482422 3.58299994468689 3.92400002479553 11.1020002365112 29.7759990692139 31.2910003662109
40.2000007629395 39.1959991455078 36.4490013122559 33.7869987487793 31.4570007324219 29.6749992370605 28.7770004272461 28.2880001068115 23.3320007324219 22.7560005187988 22.0890007019043 21.5510005950928 20.1509990692139 21.0049991607666 23.4839992523193 25.4029998779297 26.9699993133545 28.6590003967285 28.8309993743896 28.5170001983643 28.8640003204346 28.9829998016357 28.1860008239746 28.0030002593994 27.3290004730225 26.9300003051758 24.1270008087158 20.0170001983643 16.1639995574951 18.5750007629395 22.1630001068115 23.7840003967285 23.1429996490479 24.0510005950928 24.6450004577637 24.0380001068115 12.1730003356934 1.24000000953674 1.15600001811981 3.96700000762939 4.2020001411438 1.47399997711182 9.72299957275391 23.4340000152588 33.0270004272461 32.9469985961914
37.6139984130859 35.4879989624023 32.0229988098145 31.1270008087158 30.0890007019043 27.7929992675781 26.4780006408691 24.2399997711182 21.0809993743896 20.3649997711182 21.2910003662109 23.0349998474121 22.3460006713867 22.8680000305176 23.4389991760254 25.6380004882812 28.2700004577637 28.9899997711182 29.4209995269775 29.6060009002686 30.4190006256104 30.3209991455078 29.2509994506836 28.5440006256104 28.0410003662109 27.4020004272461 25.4360008239746 22.4120006561279 18.9330005645752 17.6770000457764 21.2059993743896 17.2299995422363 16.2250003814697 17.507999420166 18.7919998168945 22.1359996795654 22.1310005187988 9.58199977874756 11.2150001525879 10.5159997940063 12.2370004653931 28.8770008087158 23.1560001373291 33.4080009460449 34.6860008239746 35.7070007324219
35.5810012817383 33.0690002441406 30.7700004577637 30.4860000610352 30.1240005493164 25.3229999542236 22.8740005493164 21.4120006561279 17.0410003662109 19.4570007324219 21.3360004425049 23.7980003356934 23.0580005645752 23.3050003051758 23.496000289917 26.5559997558594 28.7220001220703 29.3309993743896 30.4389991760254 31.3700008392334 31.5149993896484 31.2730007171631 30.492000579834 29.923999786377 29.257999420166 28.2150001525879 26.8939990997314 23.2810001373291 21.6749992370605 19.8090000152588 12.5920000076294 8.02400016784668 9.30700016021729 12.5050001144409 16.9769992828369 19.7630004882812 20.5650005340576 20.7509994506836 20.9869995117188 23.2779998779297 24.2049999237061 23.9629993438721 32.2159996032715 35.4790000915527 36.6040000915527 37.5400009155273
33.4129981994629 31.4780006408691 29.9160003662109 30.125 28.6749992370605 24.9950008392334 20.3880004882812 19.8479995727539 19.181999206543 19.8610000610352 19.7210006713867 23.2210006713867 22.4519996643066 22.3950004577637 24.2870006561279 26.6380004882812 29.0610008239746 30.0849990844727 31.3719997406006 31.9440002441406 32.3050003051758 32.0909996032715 31.5289993286133 30.7080001831055 29.9050006866455 29.3010005950928 27.6340007781982 25.9409999847412 22.2840003967285 17.8680000305176 5.90999984741211 2.19099998474121 6.66300010681152 11.1359996795654 15.6079998016357 17.3889999389648 18.1909999847412 18.9930000305176 23.3719997406006 25.8700008392334 28.1949996948242 25.8449993133545 32.0709991455078 36.6559982299805 38.4930000305176 39.7299995422363
30.496000289917 28.7950000762939 28.9020004272461 27.8229999542236 25.826000213623 24.8579998016357 21.1669998168945 20.3880004882812 20.806999206543 20.9440002441406 20.9570007324219 21.7080001831055 19.0960006713867 20.6800003051758 24.9130001068115 27.5779991149902 28.7140007019043 30.2970008850098 31.125 31.5400009155273 32.0559997558594 32.4309997558594 32.101001739502 31.4659996032715 30.556999206543 29.1389999389648 27.5189990997314 25.7210006713867 23.4290008544922 19.0389995574951 11.2720003128052 3.01200008392334 5.29400014877319 9.76700019836426 14.21399974823 15.0159997940063 15.8570003509521 19.3010005950928 23.5279998779297 28.0470008850098 31.2770004272461 32.4280014038086 35.4000015258789 37.4910011291504 40.0419998168945 40.6549987792969
27.806999206543 27.5979995727539 27.3320007324219 25.2150001525879 24.451000213623 23.2849998474121 21.44700050354 21.1949996948242 21.9839992523193 21.7369995117188 21.3840007781982 21.4850006103516 20.7509994506836 22.6979999542236 25.7320003509521 28.0319995880127 29.0709991455078 29.6809997558594 30.0009994506836 30.8449993133545 32.0480003356934 32.2589988708496 32.5299987792969 31.5510005950928 30.8379993438721 29.1049995422363 27.5610008239746 24.8999996185303 24.5599994659424 20.3330001831055 14.2270002365112 5.68699979782104 4.93400001525879 8.39799976348877 11.8409996032715 12.9020004272461 16.3460006713867 19.7889995574951 22.3530006408691 28.8929996490479 31.4629993438721 34.8460006713867 36.8520011901855 38.0709991455078 39.9049987792969 41.601001739502
23.8400001525879 25.6280002593994 25.5310001373291 24.2630004882812 23.6900005340576 23.4389991760254 22.4599990844727 22.3680000305176 22.882999420166 22.548999786377 22.2999992370605 22.0189990997314 21.8419990539551 22.2919998168945 27.2679996490479 30.0839996337891 30.2509994506836 31.3560009002686 33.810001373291 34.5789985656738 33.8839988708496 33.4000015258789 32.9690017700195 32.0110015869141 30.7840003967285 28.4479999542236 26.2320003509521 25.8889999389648 22.9080009460449 19.8859996795654 18.1189994812012 9.64700031280518 7.49300003051758 7.02899980545044 9.94699954986572 13.3900003433228 15.58899974823 17.181999206543 23.2159996032715 28.8950004577637 28.5259990692139 32.9850006103516 37.0349998474121 38.0880012512207 40 41.5429992675781
20.5809993743896 22.5669994354248 20.9389991760254 18.2360000610352 19.0189990997314 21.6800003051758 21.9330005645752 22.8379993438721 23.3190002441406 23.2399997711182 23.0960006713867 23.3889999389648 23.7950000762939 23.2320003509521 29.0359992980957 30.4160003662109 31.6860008239746 32.5639991760254 34.8689994812012 35.6110000610352 34.8460006713867 34.1129989624023 33.810001373291 32.7770004272461 30.923999786377 27.3990001678467 25.8519992828369 25.3500003814697 22.636999130249 20.3759994506836 16.3500003814697 12.2229995727539 9.85799980163574 9.68099975585938 10.16100025177 10.4219999313354 10.3140001296997 13.8280000686646 20.298999786377 27.0839996337891 27.3700008392334 31.6599998474121 36.568000793457 38.0449981689453 39.773998260498 41.2410011291504
22.886999130249 23.1940002441406 17.4080009460449 18.5 20.0639991760254 21.2609996795654 21.7199993133545 22.7940006256104 23.2070007324219 23.2929992675781 24.1660003662109 26.9099998474121 27.9440002441406 27.2049999237061 28.0979995727539 31.3090000152588 34.0439987182617 35.1259994506836 37.5509986877441 37.5929985046387 37.2540016174316 35.9249992370605 35.5919990539551 33.8849983215332 31.9160003662109 28.2150001525879 25.3509998321533 24.576000213623 23.9629993438721 22.7509994506836 18.7329998016357 13.2110004425049 11.1590003967285 11.4689998626709 12.581000328064 21.6189994812012 25.1310005187988 23.3959999084473 22.1229991912842 23.5219993591309 25.5790004730225 31.2919998168945 36.7109985351562 36.7200012207031 39.4580001831055 40.6100006103516
25.5090007781982 23.1580009460449 17.1520004272461 18.2350006103516 19.6399993896484 20.0219993591309 21.6270008087158 22.5429992675781 23.4419994354248 23.6879997253418 24.5450000762939 26.5809993743896 26.9540004730225 27.1140003204346 29.9559993743896 33.0349998474121 34.8699989318848 37.5540008544922 39.0909996032715 39.1720008850098 38.8619995117188 37.8880004882812 37.5429992675781 35.060001373291 34.3429985046387 32.7449989318848 28.6599998474121 27.826000213623 26.75 23.3910007476807 19.757999420166 13.6059999465942 14.9720001220703 12.8959999084473 11.4779996871948 22.6270008087158 26.4029998779297 26.4260005950928 24.9829998016357 25.1280002593994 28.3159999847412 32.8279991149902 34.8720016479492 35.2929992675781 36.8269996643066 38.9389991760254
26.7639999389648 22.5520000457764 17.5540008544922 17.4740009307861 19.2360000610352 19.6550006866455 20.9230003356934 21.7159996032715 23.1499996185303 23.7660007476807 24.8770008087158 25.4220008850098 25.4370002746582 26.0769996643066 30.0410003662109 31.1599998474121 35.5219993591309 38.8450012207031 39.9370002746582 40.1419982910156 39.8380012512207 39.1080017089844 36.4370002746582 35.9900016784668 35.4459991455078 34.2080001831055 31.1879997253418 29.8610000610352 27.6189994812012 24.3959999084473 21.3840007781982 18.9820003509521 18.0149993896484 15.4980001449585 15.293999671936 22.8980007171631 27.1919994354248 27.4459991455078 25.8589992523193 25.5380001068115 28.4179992675781 31.0470008850098 34.1150016784668 34.9930000305176 35.9519996643066 36.7890014648438
26.2320003509521 21.7730007171631 16.3159999847412 16.6720008850098 18.2859992980957 19.0620002746582 20.5970001220703 21.3320007324219 22.7329998016357 23.7530002593994 24.6350002288818 25.2129993438721 25.4109992980957 26.0429992675781 29.0909996032715 32.5559997558594 36.5449981689453 38.8950004577637 40.0009994506836 41.0559997558594 40.7690010070801 39.6669998168945 36.8460006713867 36.3819999694824 35.2439994812012 34.0909996032715 31.9300003051758 30.5139999389648 30.2709999084473 30.1259994506836 26.0480003356934 21.4869995117188 20.6870002746582 20.8360004425049 22.931999206543 26.3040008544922 27.7250003814697 27.7749996185303 26.9769992828369 26.2819995880127 26.9090003967285 28.92799949646 32.3689994812012 33.984001159668 35.3030014038086 36.0009994506836
25.7830009460449 20.1340007781982 18.5160007476807 16.2910003662109 16.94700050354 17.6800003051758 20.003999710083 20.9969997406006 21.6900005340576 23.0440006256104 23.4820003509521 23.9349994659424 25.1539993286133 28.7940006256104 33.4339981079102 35.6749992370605 37.7019996643066 39.5 40.5660018920898 41.0219993591309 40.685001373291 39.7709999084473 38.484001159668 36.8089981079102 36.1479988098145 35.1780014038086 33.3390007019043 32.4640007019043 31.9200000762939 30.5809993743896 29.0389995574951 25.8339996337891 24.7789993286133 23.6499996185303 25.0540008544922 27.306999206543 27.7870006561279 27.6410007476807 27.125 25.7099990844727 26.1569995880127 28.193000793457 30.3540000915527 32.1349983215332 34.2649993896484 35.0940017700195
22.8770008087158 20.1690006256104 16.5380001068115 15.3210000991821 16.5869998931885 18.6159992218018 19.8810005187988 19.9640007019043 21.2320003509521 21.9899997711182 23.5300006866455 23.9969997406006 26.6310005187988 30.0179996490479 31.4559993743896 33.5890007019043 36.7939987182617 39.125 39.7779998779297 40.1150016784668 39.7439994812012 38.7970008850098 37.2910003662109 36.9560012817383 36.3460006713867 35.5229988098145 34.4620018005371 33.3019981384277 32.8699989318848 31.757999420166 28.0729999542236 26.8929996490479 24.8740005493164 24.5209999084473 25.6660003662109 26.5669994354248 27.1089992523193 26.8360004425049 26.2819995880127 24.7560005187988 25.7390003204346 30.6709995269775 32.5540008544922 33.6220016479492 35.2540016174316 36.2529983520508
18.9090003967285 16.2600002288818 14.4790000915527 15.8819999694824 17.068000793457 18.9909992218018 19.7169990539551 19.9459991455078 20.6809997558594 20.9990005493164 21.8969993591309 25.0450000762939 27.613000869751 27.886999130249 30.4540004730225 33.693000793457 36.7179985046387 38.4780006408691 38.5460014343262 38.7799987792969 38.9090003967285 37.4109992980957 36.9729995727539 37.2560005187988 37.5410003662109 37.101001739502 35.9570007324219 34.7299995422363 32.9650001525879 31.7560005187988 28.9069995880127 26.5639991760254 25.9689998626709 25.3999996185303 24.2880001068115 25.4939994812012 25.9720001220703 25.6040000915527 25.3050003051758 25.5499992370605 25.5729999542236 30.988000869751 32.9210014343262 35.2719993591309 37.2210006713867 37.5660018920898
