02_asc_chm-r50m/HS222A.asc
NCOLS 200 
NROWS 199 
XLLCORNER 569630 
YLLCORNER 5221126.5 
CELLSIZE 0.5 
NODATA_value -3.4e+38 
[rows 60 to 79 of 199, columns 92 to 137 of 200]
25.757999420166 25.9379997253418 26.0100002288818 24.2509994506836 22.4080009460449 23.9080009460449 25.1079998016357 25.9109992980957 27.6110000610352 28.6159992218018 28.2049999237061 28.7080001831055 28.8419990539551 26.9109992980957 25.8719997406006 23.7490005493164 25.4029998779297 27.2450008392334 28.2269992828369 28.2569999694824 28.8899993896484 28.375 26.5230007171631 24.6399993896484 22.1110000610352 22.2639999389648 19.2600002288818 17.5179996490479 18.5310001373291 19.1949996948242 18.6560001373291 14.746000289917 14.9770002365112 14.2019996643066 13.6040000915527 12.3140001296997 12.1560001373291 9.53899955749512 23.3290004730225 24.9389991760254 27.5790004730225 28.5779991149902 29.5550003051758 29.4290008544922 28.3080005645752 27.8129997253418
25.7059993743896 25.8120002746582 25.9769992828369 24.8369998931885 23.5970001220703 24.3379993438721 24.4650001525879 24.8209991455078 28.451000213623 29.3050003051758 29.4389991760254 29.7779998779297 29.8129997253418 29.0699996948242 27.7360000610352 26.6840000152588 27.4029998779297 28.1539993286133 29.1000003814697 29.4820003509521 30.2509994506836 29.2110004425049 27.2049999237061 25.943000793457 23.1410007476807 22.0470008850098 20.7830009460449 20.1219997406006 14.6639995574951 14.5450000762939 14.0290002822876 14.3500003814697 14.6979999542236 14.3170003890991 13.3030004501343 12.503999710083 14.6049995422363 14.1440000534058 22.1770000457764 24.5279998779297 25.6620006561279 27.7670001983643 28.3899993896484 27.9799995422363 28.4360008239746 27.7630004882812
26.3020000457764 25.8360004425049 24.9060001373291 24.0769996643066 23.6189994812012 23.9790000915527 24.3500003814697 27.6979999542236 29.5259990692139 30.0839996337891 30.5170001983643 30.6299991607666 30.761999130249 29.7590007781982 28.988000869751 29.3680000305176 29.19700050354 28.8159999847412 32.0919990539551 32.3380012512207 30.6110000610352 29.3339996337891 27.9559993743896 26.6539993286133 23.996000289917 22.761999130249 21.7299995422363 18.132999420166 12.6160001754761 10.6420001983643 13.5019998550415 13.8109998703003 14.3240003585815 14.0989999771118 14.0080003738403 13.4020004272461 10.4799995422363 10.5480003356934 20.3530006408691 23.4409999847412 24.8619995117188 26.5359992980957 27.0240001678467 26.8090000152588 27.3320007324219 26.8560009002686
26.7399997711182 24.7929992675781 23.5650005340576 23.1459999084473 21.1679992675781 21.4200000762939 24.2430000305176 28.7210006713867 29.5459995269775 29.8020000457764 30.9449996948242 31.1340007781982 31.1219997406006 30.2709999084473 29.7819995880127 29.3859996795654 29.0879993438721 28.6480007171631 30.2639999389648 31.5550003051758 31.4200000762939 28.3110008239746 27.6979999542236 26.9769992828369 26.2970008850098 24.3299999237061 21.3330001831055 23.0349998474121 6.48299980163574 10.3599996566772 11.9540004730225 12.8900003433228 13.1870002746582 12.9359998703003 17.8320007324219 18.867000579834 7.91800022125244 15.3380002975464 19.2240009307861 21.8099994659424 24.4969997406006 25.3659992218018 25.1650009155273 24.5410003662109 24.6959991455078 25.076000213623
27.761999130249 26.0219993591309 23.0779991149902 22.1089992523193 19.2189998626709 17.742000579834 23.6800003051758 27.7999992370605 28.875 30.1660003662109 31.0060005187988 31.4330005645752 31.0939998626709 30.4839992523193 29.6770000457764 29.3579998016357 29.1709995269775 28.2870006561279 27.4330005645752 27.3239994049072 27.6429996490479 27.9039993286133 28.0629997253418 25.6490001678467 26.0750007629395 25.4160003662109 23.8040008544922 22.8330001831055 21.6380004882812 19.0699996948242 15.03600025177 11.9209995269775 10.8959999084473 16.92799949646 24.9790000915527 25.3680000305176 18.9619998931885 25.7549991607666 24.9599990844727 22.6760005950928 23.8929996490479 22.8040008544922 22.9099998474121 23.8799991607666 24.1569995880127 23.4780006408691
28.9029998779297 28.201000213623 24.5359992980957 22.132999420166 23.94700050354 24.8099994659424 27.9080009460449 29.4899997711182 29.8239994049072 30.2490005493164 30.3530006408691 30.9839992523193 30.6989994049072 29.9179992675781 29.4680004119873 29.0709991455078 28.0919990539551 26.8810005187988 27.0200004577637 27.556999206543 27.181999206543 26.8999996185303 27.8850002288818 25.867000579834 25.5909996032715 25.8409996032715 24.7740001678467 23.1909999847412 22.5939998626709 17.7140007019043 12.2980003356934 8.19400024414062 7.30499982833862 18.4360008239746 27.6609992980957 28.6940002441406 28.8159999847412 28.2800006866455 27.6490001678467 26.7770004272461 24.443000793457 22.0839996337891 18.8560009002686 20.1480007171631 20.0879993438721 21.1439990997314
30.613000869751 29.6180000305176 26.7900009155273 26.4810009002686 28.2630004882812 28.6889991760254 28.3269996643066 29.867000579834 30.1469993591309 29.6229991912842 29.5200004577637 30.0690002441406 29.9309997558594 29.3530006408691 29.1509990692139 28.7430000305176 26.9190006256104 26.2639999389648 27.1760005950928 27.5330009460449 26.9160003662109 26.951000213623 27.9689998626709 27.2819995880127 26.1870002746582 26.1429996490479 25.9500007629395 23.1509990692139 22.5890007019043 17.375 14.0649995803833 11.543999671936 9.66499996185303 21.5849990844727 28.2099990844727 29.1709995269775 29.5049991607666 28.9869995117188 28.1760005950928 27.4349994659424 25.1459999084473 21.4130001068115 17.0440006256104 15.6090002059937 15.1780004501343 16.5930004119873
31.8680000305176 30.6119995117188 28.1019992828369 27.4680004119873 28.9619998931885 29.7740001678467 30.7830009460449 30.9300003051758 30.753999710083 30.1319999694824 28.8120002746582 29.121000289917 29.4839992523193 29.0480003356934 28.5310001373291 24.3020000457764 17.0429992675781 25.6389999389648 27.5179996490479 27.2430000305176 26.5170001983643 26.5009994506836 28.261999130249 28.2469997406006 26.6350002288818 26.3479995727539 25.7719993591309 24.4729995727539 22.2479991912842 20.57200050354 18.3299999237061 16.0879993438721 13.8459997177124 22.1040000915527 28.2339992523193 29.2689990997314 29.2810001373291 29.0270004272461 28.1909999847412 27.4930000305176 25.4720001220703 22.128999710083 19.1639995574951 16.1520004272461 15.4919996261597 17.5669994354248
31.8959999084473 30.4659996032715 28.9740009307861 28.0170001983643 28.9500007629395 29.4610004425049 30.8549995422363 31.4780006408691 31.3969993591309 30.5900001525879 29.5400009155273 29.0900001525879 28.318000793457 26.2059993743896 21.9300003051758 13.3129997253418 1.9559999704361 10.3909997940063 20.2350006103516 26.0090007781982 25.8400001525879 26.5049991607666 27.9360008239746 27.8449993133545 26.6259994506836 26.2590007781982 25.5499992370605 24.0699996948242 22.0979995727539 22.2770004272461 22.4150009155273 20.6310005187988 18.3889999389648 21.2919998168945 28.1299991607666 28.5979995727539 28.6000003814697 28.2819995880127 27.4020004272461 26.3859996795654 26.0319995880127 22.55299949646 19.2099990844727 15.8809995651245 15.1960000991821 17.3090000152588
31.3159999847412 30.6070003509521 28.3439998626709 28.8129997253418 29.0149993896484 29.5830001831055 30.7569999694824 31.2229995727539 31.2080001831055 30.6889991760254 29.5289993286133 27.3840007781982 23.8190002441406 21.1299991607666 16.4179992675781 11.3509998321533 2.72699999809265 2.36899995803833 6.75699996948242 21.6119995117188 25.0380001068115 25.9519996643066 26.3349990844727 26.6070003509521 26.8150005340576 26.6499996185303 24.8519992828369 21.7700004577637 21.9479999542236 22.1270008087158 22.3050003051758 22.4839992523193 22.5580005645752 23.3110008239746 27.2649993896484 27.6490001678467 27.1580009460449 26.1340007781982 26.0049991607666 25.2450008392334 24.7469997406006 23.4090003967285 19.5209999084473 15.6330003738403 15.9230003356934 17.6240005493164
30.6609992980957 29.3530006408691 27.1709995269775 26.8190002441406 28.0139999389648 29.0130004882812 30.1459999084473 30.3729991912842 30.3899993896484 29.8850002288818 28.55299949646 27.1580009460449 26.0300006866455 20.1469993591309 13.7469997406006 9.10799980163574 3.86400008201599 3.27999997138977 8.3430004119873 16.8010005950928 24.1529998779297 25.6770000457764 26.0009994506836 25.7649993896484 25.8159999847412 26.1089992523193 23.4050006866455 23.3780002593994 23.556999206543 23.0410003662109 22.3020000457764 21.5620002746582 21.2220001220703 24.4500007629395 25.7630004882812 26.3850002288818 25.8479995727539 24.1499996185303 25.7189998626709 24.5450000762939 23.6439990997314 23.0139999389648 20.3780002593994 16.6000003814697 17.8880004882812 18.7119998931885
29.9839992523193 28.5240001678467 27.5960006713867 24.1420001983643 27.9009990692139 28.9020004272461 30.4769992828369 30.1749992370605 29.8400001525879 29.3059997558594 28.19700050354 26.5900001525879 21.1030006408691 16.8250007629395 12.0710000991821 7.31599998474121 2.56200003623962 10.4680004119873 17.6569995880127 23.2059993743896 27.5049991607666 28.0230007171631 25.7730007171631 24.8120002746582 24.3379993438721 24.3859996795654 23.8939990997314 21.2029991149902 20.326000213623 19.5860004425049 18.8470001220703 18.1079998016357 18.2280006408691 21.6919994354248 24.193000793457 23.9820003509521 23.2549991607666 23.3950004577637 24.6219997406006 24.9220008850098 23.5139999389648 22.1049995422363 21.2339992523193 19.5650005340576 20.7019996643066 20.5480003356934
29.0219993591309 27.8479995727539 28.3640003204346 27.3120002746582 29.2369995117188 30.363000869751 30.8959999084473 30.7800006866455 30.378999710083 29.7509994506836 29.076000213623 26.0799999237061 24.2999992370605 15.7299995422363 9.74199962615967 4.98699998855591 1.91100001335144 10.5179996490479 21.2649993896484 31.8460006713867 34.7229995727539 32.2099990844727 28.3600006103516 26.7709999084473 25.742000579834 23.8190002441406 23.0900001525879 19.7660007476807 16.871000289917 16.1319999694824 15.3920001983643 14.0209999084473 15.2340002059937 18.1889991760254 19.8360004425049 23.2600002288818 23.0869998931885 23.0890007019043 23.5779991149902 24.556999206543 24.125 22.7169990539551 21.7999992370605 21.5650005340576 22.943000793457 23.6679992675781
27.943000793457 28.242000579834 28.4580001831055 29.1469993591309 30.2199993133545 30.617000579834 31.4619998931885 31.4610004425049 30.5820007324219 29.9650001525879 28.882999420166 26.3920001983643 16.761999130249 16.201000213623 7.41300010681152 2.65799999237061 1.50499999523163 10.5690002441406 21.3159999847412 29.2299995422363 35.5219993591309 34.3289985656738 31.1639995574951 28.7970008850098 25.8689994812012 23.4300003051758 21.6529998779297 18.3290004730225 15.0050001144409 12.6770000457764 11.8640003204346 9.80799961090088 12.1850004196167 14.6800003051758 23.3819999694824 23.4449996948242 22.8799991607666 22.9479999542236 23.1760005950928 23.7609996795654 24.492000579834 23.6049995422363 23.9290008544922 23.9769992828369 24.3770008087158 24.4009990692139
26.19700050354 25.9090003967285 27.863000869751 28.9820003509521 29.9610004425049 30.5200004577637 31.2789993286133 31.2859992980957 30.3430004119873 29.6389999389648 28.4400005340576 17.8780002593994 5.97900009155273 9.06599998474121 5.62599992752075 1.21700000762939 1.09899997711182 10.6190004348755 17.4290008544922 22.492000579834 25.3990001678467 29.0419998168945 28.8610000610352 28.6639995574951 25.8640003204346 23.253999710083 20.2159996032715 16.8920001983643 13.5679998397827 10.2550001144409 7.65100002288818 5.78200006484985 11.4580001831055 20.6270008087158 23.6669998168945 23.4150009155273 22.8199996948242 22.4309997558594 22.7919998168945 23.3589992523193 24.0139999389648 24.9050006866455 25.4120006561279 25.9419994354248 27.2560005187988 27.1529998779297
24.4829998016357 24.0550003051758 26.246000289917 27.6350002288818 29.6319999694824 30.5900001525879 31.0919990539551 30.2689990997314 29.8059997558594 29.0790004730225 27.7770004272461 16.0200004577637 5.23400020599365 3.21900010108948 3.54099988937378 0.824000000953674 0.693000018596649 5.62799978256226 9.40900039672852 12.3780002593994 15.2760000228882 22.3540000915527 21.7779998779297 23.8840007781982 26.3509998321533 22.8479995727539 20.3269996643066 17.1359996795654 21.5900001525879 11.4619998931885 17.5170001983643 14.5319995880127 17.4060001373291 23.7210006713867 23.8369998931885 23.3549995422363 22.7590007781982 22.1639995574951 22.3759994506836 24.3500003814697 26.9060001373291 27.4580001831055 28.0009994506836 28.5580005645752 29.0130004882812 29.7040004730225
22.9689998626709 24.5639991760254 26.1219997406006 26.69700050354 28.7189998626709 29.9969997406006 29.9930000305176 29.7049999237061 29.3050003051758 28.4619998931885 26.882999420166 26.3920001983643 25.7639999389648 25.8449993133545 25.9309997558594 13.7320003509521 4.04500007629395 2.13100004196167 0.78600001335144 2.26399993896484 7.20100021362305 18.2339992523193 19.5599994659424 22.1439990997314 26.5090007781982 26.3729991912842 22.3339996337891 22.7649993896484 26.75 28.4820003509521 27.5610008239746 25.9659996032715 23.6709995269775 24.0639991760254 24.1480007171631 23.82200050354 23.3619995117188 22.8560009002686 23.1560001373291 24.8500003814697 26.496000289917 28.007999420166 29.193000793457 29.6049995422363 29.7320003509521 30.306999206543
22.8229999542236 24.4750003814697 25.3819999694824 26.0349998474121 27.6229991912842 28.8950004577637 29.0970001220703 29.2509994506836 28.55299949646 27.742000579834 28.9340000152588 28.6240005493164 26.8479995727539 25.6900005340576 24.9790000915527 20.2369995117188 15.5520000457764 11.4280004501343 9.44299983978271 6.59000015258789 15.6899995803833 19.2350006103516 22.2490005493164 26.3649997711182 28.7709999084473 28.7290000915527 26.8490009307861 29.4290008544922 30.4890003204346 29.4109992980957 29.2609996795654 29.3379993438721 26.9669990539551 24.5729999542236 24.9890003204346 24.9449996948242 24.6669998168945 24.2800006866455 23.9449996948242 25.2019996643066 27.8929996490479 29.2339992523193 30.4330005645752 30.6849994659424 30.7679996490479 30.9080009460449
22.07200050354 23.7240009307861 24.6580009460449 22.5330009460449 25.1110000610352 26.4729995727539 27.4120006561279 28.5790004730225 29.0890007019043 28.4650001525879 29.0240001678467 29.6529998779297 28.923999786377 26.9869995117188 24.8530006408691 24.121000289917 23.0650005340576 19.7689990997314 18.3439998626709 21.3889999389648 24.5149993896484 25.8390007019043 27.5249996185303 29.1060009002686 29.1620006561279 29.0209999084473 32.2089996337891 34.9539985656738 35.0730018615723 32.9580001831055 31.6159992218018 30.7320003509521 29.3229999542236 26.3519992828369 25.3479995727539 25.5270004272461 25.3320007324219 25.6620006561279 25.3990001678467 26.9759998321533 29.125 29.878999710083 30.5559997558594 31.0100002288818 31.5030002593994 31.5590000152588
21.3209991455078 22.9729995727539 23.882999420166 13.2130002975464 19.2259998321533 24.2189998626709 26.5590000152588 27.75 29.4090003967285 30.2299995422363 30.0230007171631 30.2210006713867 31.1840000152588 30.0599994659424 28.3269996643066 28.5470008850098 26.3719997406006 24.8169994354248 23.201000213623 22.9209995269775 23.5470008850098 26.8470001220703 29.32200050354 30.1350002288818 30.2290000915527 32.9389991760254 35.7330017089844 35.7949981689453 35.7709999084473 35.4729995727539 34.6020011901855 33.2360000610352 30.5389995574951 28.3139991760254 26.3010005950928 26.5790004730225 27.1809997558594 27.5170001983643 29.568000793457 29.7789993286133 29.4389991760254 31.6849994659424 31.4979991912842 31.6000003814697 32.3899993896484 32.4910011291504
