02_asc_chm-r50m/HS222A.asc
NCOLS 200 
NROWS 199 
XLLCORNER 569630 
YLLCORNER 5221126.5 
CELLSIZE 0.5 
NODATA_value -3.4e+38 
[rows 20 to 39 of 199, columns 138 to 183 of 200]
32.2039985656738 33.2649993896484 33.4869995117188 32.9589996337891 32.2550010681152 31.3969993591309 29.9160003662109 28.0069999694824 26.1110000610352 23.9629993438721 25.6539993286133 27.75 28.7490005493164 29.6959991455078 30.3080005645752 29.5459995269775 28.7830009460449 27.5900001525879 26.3850002288818 23.6480007171631 24.1560001373291 24.2560005187988 8.60599994659424 18.7889995574951 -3.4e+38 -3.4e+38 -3.4e+38 -3.4e+38 -3.4e+38 -3.4e+38 -3.4e+38 -3.4e+38 -3.4e+38 -3.4e+38 -3.4e+38 -3.4e+38 -3.4e+38 -3.4e+38 -3.4e+38 -3.4e+38 -3.4e+38 -3.4e+38 -3.4e+38 -3.4e+38 -3.4e+38 -3.4e+38
32.257999420166 34.1059989929199 34.4669990539551 33.548999786377 32.7760009765625 31.7639999389648 30.1909999847412 28.8169994354248 27.5310001373291 27.2439994812012 27.5289993286133 28.1860008239746 28.6650009155273 29.5349998474121 29.6350002288818 28.9500007629395 28.0839996337891 26.2679996490479 23.4370002746582 22.6539993286133 22.1830005645752 16.382999420166 13.0740003585815 10.7019996643066 17.4160003662109 -3.4e+38 -3.4e+38 -3.4e+38 -3.4e+38 -3.4e+38 -3.4e+38 -3.4e+38 -3.4e+38 -3.4e+38 -3.4e+38 -3.4e+38 -3.4e+38 -3.4e+38 -3.4e+38 -3.4e+38 -3.4e+38 -3.4e+38 -3.4e+38 -3.4e+38 -3.4e+38 -3.4e+38
31.8479995727539 33.9109992980957 33.8600006103516 33.3680000305176 32.7109985351562 32.185001373291 30.2479991912842 29.0049991607666 28.4580001831055 27.3619995117188 26.011999130249 26.9659996032715 28.1539993286133 28.6000003814697 28.7259998321533 28.1529998779297 27.0949993133545 26.0450000762939 24.3959999084473 22.8330001831055 20.8379993438721 20.2019996643066 17.5030002593994 14.4180002212524 11.3330001831055 17.5639991760254 -3.4e+38 -3.4e+38 -3.4e+38 -3.4e+38 -3.4e+38 -3.4e+38 -3.4e+38 -3.4e+38 -3.4e+38 -3.4e+38 -3.4e+38 -3.4e+38 -3.4e+38 -3.4e+38 -3.4e+38 -3.4e+38 -3.4e+38 -3.4e+38 -3.4e+38 -3.4e+38
30.9640007019043 33.5709991455078 33.3209991455078 32.8320007324219 32.6119995117188 32.3660011291504 30.5990009307861 29.0380001068115 28.55299949646 26.923999786377 26.3229999542236 26.4400005340576 27.2000007629395 27.5909996032715 27.8330001831055 27.6749992370605 26.7569999694824 25.8309993743896 24.8190002441406 22.6560001373291 21.6420001983643 20 17.1520004272461 14.3050003051758 11.4569997787476 11.2919998168945 17.7110004425049 -3.4e+38 -3.4e+38 -3.4e+38 -3.4e+38 -3.4e+38 -3.4e+38 -3.4e+38 -3.4e+38 -3.4e+38 -3.4e+38 -3.4e+38 -3.4e+38 -3.4e+38 -3.4e+38 -3.4e+38 -3.4e+38 -3.4e+38 -3.4e+38 -3.4e+38
30.6450004577637 32.4109992980957 32.2439994812012 32.0499992370605 31.9020004272461 31.8759994506836 28.742000579834 28.0049991607666 27.5879993438721 25.0380001068115 25.3840007781982 25.7700004577637 24.863000869751 25.8740005493164 25.9979991912842 26.2530002593994 25.7310009002686 25.0359992980957 23.7019996643066 22.1340007781982 18.6889991760254 20.8169994354248 18.5100002288818 15.6619997024536 13.4479999542236 12.7340002059937 13.6230001449585 17.8579998016357 -3.4e+38 -3.4e+38 -3.4e+38 -3.4e+38 -3.4e+38 -3.4e+38 -3.4e+38 -3.4e+38 -3.4e+38 -3.4e+38 -3.4e+38 -3.4e+38 -3.4e+38 -3.4e+38 -3.4e+38 -3.4e+38 -3.4e+38 -3.4e+38
27.0200004577637 29.8139991760254 30.9230003356934 30.6889991760254 30.5580005645752 29.2520008087158 26.5580005645752 26.75 25.806999206543 24.8980007171631 24.9230003356934 24.1060009002686 24.2560005187988 24.1450004577637 24.0049991607666 24.4549999237061 24.0699996948242 22.8579998016357 21.0960006713867 20.7339992523193 19.6580009460449 20.7329998016357 19.8680000305176 17.0200004577637 15.6000003814697 14.8819999694824 14.7170000076294 15.956000328064 18.0060005187988 -3.4e+38 -3.4e+38 -3.4e+38 -3.4e+38 -3.4e+38 -3.4e+38 -3.4e+38 -3.4e+38 -3.4e+38 -3.4e+38 -3.4e+38 -3.4e+38 -3.4e+38 -3.4e+38 -3.4e+38 -3.4e+38 -3.4e+38
24.3309993743896 24.9360008239746 28.1650009155273 29.6189994812012 29.8840007781982 29.7779998779297 26.5820007324219 26.5030002593994 25.0699996948242 24.9090003967285 24.4610004425049 23.8090000152588 23.738000869751 23.6720008850098 22.3209991455078 23.2660007476807 23.1569995880127 21.886999130249 20.8369998931885 20.5459995269775 20.867000579834 20.7299995422363 21.2250003814697 18.3780002593994 17.9729995727539 16.8939990997314 16.2670001983643 17.1280002593994 18.3689994812012 19.1499996185303 -3.4e+38 -3.4e+38 -3.4e+38 -3.4e+38 -3.4e+38 -3.4e+38 -3.4e+38 -3.4e+38 -3.4e+38 -3.4e+38 -3.4e+38 -3.4e+38 -3.4e+38 -3.4e+38 -3.4e+38 -3.4e+38
23.32200050354 23.3360004425049 27.25 28.8939990997314 29.3959999084473 28.2919998168945 26.6580009460449 25.5109996795654 24.5060005187988 24.3500003814697 23.9020004272461 23.5440006256104 22.5480003356934 21.9969997406006 20.4559993743896 20.1870002746582 19.9150009155273 22.0610008239746 21.5599994659424 21.125 21.5069999694824 21.9400005340576 22.5830001831055 20.3239994049072 20.3460006713867 19.0510005950928 18.6270008087158 18.1800003051758 19.5389995574951 20.7819995880127 21.3610000610352 -3.4e+38 -3.4e+38 -3.4e+38 -3.4e+38 -3.4e+38 -3.4e+38 -3.4e+38 -3.4e+38 -3.4e+38 -3.4e+38 -3.4e+38 -3.4e+38 -3.4e+38 -3.4e+38 -3.4e+38
22.0580005645752 22.201000213623 25.3439998626709 25.9669990539551 28.2980003356934 26.9300003051758 26.6100006103516 23.3139991760254 23.9619998931885 23.6420001983643 23.2999992370605 21.2490005493164 19.0100002288818 19.0620002746582 14.8009996414185 12.3979997634888 13.7329998016357 20.9389991760254 22.3889999389648 21.9179992675781 21.9080009460449 22.4650001525879 23.011999130249 22.5799999237061 22.7180004119873 21.306999206543 20.9069995880127 19.7999992370605 20.5900001525879 21.7119998931885 24.1299991607666 23.57200050354 -3.4e+38 -3.4e+38 -3.4e+38 -3.4e+38 -3.4e+38 -3.4e+38 -3.4e+38 -3.4e+38 -3.4e+38 -3.4e+38 -3.4e+38 -3.4e+38 -3.4e+38 -3.4e+38
22.1259994506836 22.0419998168945 23.0219993591309 23.818000793457 25.0930004119873 25.9449996948242 24.8390007019043 23.2210006713867 23.1959991455078 22.5970001220703 22.4360008239746 19.7830009460449 18.0830001831055 15.2080001831055 8.8430004119873 4.7189998626709 10.0740003585815 17.4810009002686 23.2180004119873 22.7159996032715 22.4890003204346 22.8659992218018 23.4220008850098 23.8059997558594 25.0069999694824 25.9400005340576 24.5820007324219 21.5480003356934 21.4629993438721 21.9969997406006 24.5709991455078 25.4640007019043 26.2639999389648 -3.4e+38 -3.4e+38 -3.4e+38 -3.4e+38 -3.4e+38 -3.4e+38 -3.4e+38 -3.4e+38 -3.4e+38 -3.4e+38 -3.4e+38 -3.4e+38 -3.4e+38
18.7040004730225 19.6690006256104 19.7430000305176 20.9720001220703 22.1070003509521 23.44700050354 21.8090000152588 21.0860004425049 21.4689998626709 21.2590007781982 20.6060009002686 18.9740009307861 17.2229995727539 13.8360004425049 8.46599960327148 1.62000000476837 6.49100017547607 14.0240001678467 21.5559997558594 23.5459995269775 23.2819995880127 23.2670001983643 24.1389999389648 24.5020008087158 25.6800003051758 26.1650009155273 26.6840000152588 24.886999130249 23.1240005493164 22.5629997253418 24.2220001220703 25.7350006103516 27.113000869751 27.6189994812012 -3.4e+38 -3.4e+38 -3.4e+38 -3.4e+38 -3.4e+38 -3.4e+38 -3.4e+38 -3.4e+38 -3.4e+38 -3.4e+38 -3.4e+38 -3.4e+38
16.5900001525879 16.0139999389648 17.3729991912842 18.9389991760254 22.4720001220703 21.8519992828369 22.3199996948242 22.5009994506836 22.9440002441406 22.4559993743896 20.2399997711182 18.4899997711182 15.6110000610352 11.0620002746582 6.74200010299683 2.42199993133545 3.81200003623962 10.5659999847412 18.0979995727539 24.375 24.0750007629395 23.8540000915527 24.8929996490479 26.4759998321533 26.2840003967285 26.8020000457764 27.8799991607666 26.9540004730225 24.8299999237061 24.4009990692139 24.2220001220703 25.5419998168945 27.0610008239746 28.4540004730225 29.1450004577637 -3.4e+38 -3.4e+38 -3.4e+38 -3.4e+38 -3.4e+38 -3.4e+38 -3.4e+38 -3.4e+38 -3.4e+38 -3.4e+38 -3.4e+38
14.4759998321533 16.113000869751 18.9050006866455 21.9489994049072 23.4099998474121 25.0179996490479 26.4340000152588 26.9750003814697 27.0830001831055 26.7759990692139 23.3369998931885 20.193000793457 18.3689994812012 13.5629997253418 8.75699996948242 5.35300016403198 14.548999786377 17.6140003204346 19.7409992218018 22.951000213623 24.7590007781982 24.701000213623 26.7189998626709 28.4190006256104 28.761999130249 28.9939994812012 29.2439994812012 28.0820007324219 26.1909999847412 24.3589992523193 23.8759994506836 24.3780002593994 25.9619998931885 27.8349990844727 28.6690006256104 28.7950000762939 -3.4e+38 -3.4e+38 -3.4e+38 -3.4e+38 -3.4e+38 -3.4e+38 -3.4e+38 -3.4e+38 -3.4e+38 -3.4e+38
12.5150003433228 16.2549991607666 20.2479991912842 23.7520008087158 27.0750007629395 27.9659996032715 27.8169994354248 27.556999206543 27.9340000152588 27.8549995422363 25.8479995727539 21.5429992675781 21.0949993133545 18 20.5830001831055 23.1660003662109 24.0149993896484 24.2479991912842 25.3959999084473 25.4029998779297 25.32200050354 25.6380004882812 27.2759990692139 27.8579998016357 29.5270004272461 29.7110004425049 29.4459991455078 28.19700050354 25.7369995117188 22.9150009155273 23.201000213623 22.6529998779297 24.488000869751 26.9389991760254 27.1040000915527 26.9270000457764 28.6299991607666 -3.4e+38 -3.4e+38 -3.4e+38 -3.4e+38 -3.4e+38 -3.4e+38 -3.4e+38 -3.4e+38 -3.4e+38
10.6319999694824 16.3969993591309 21.5909996032715 24.3840007781982 27.8419990539551 29.4799995422363 29.9230003356934 30.0189990997314 29.2840003967285 29.4069995880127 28.2999992370605 25.431999206543 21.8010005950928 22.7819995880127 24.5100002288818 25.1860008239746 25.4599990844727 25.8929996490479 26.2759990692139 26.0799999237061 25.8129997253418 25.9090003967285 27.5109996795654 28.7569999694824 29.8560009002686 30.5779991149902 30.4400005340576 29.1590003967285 28.0900001525879 23.7560005187988 20.4769992828369 22.7870006561279 23.5349998474121 24.5580005645752 24.9810009002686 25.5200004577637 26.9400005340576 26.5909996032715 -3.4e+38 -3.4e+38 -3.4e+38 -3.4e+38 -3.4e+38 -3.4e+38 -3.4e+38 -3.4e+38
10.7080001831055 16.5849990844727 22.7670001983643 26.431999206543 29.423999786377 30.9260005950928 31.4629993438721 31.8959999084473 31.4099998474121 30.0179996490479 28.871000289917 27.2789993286133 24.9580001831055 24.9099998474121 25.2569999694824 25.7859992980957 28.2450008392334 28.2859992980957 28.1049995422363 27.4710006713867 26.4419994354248 25.9909992218018 28.121000289917 29.0020008087158 30.238000869751 31.2670001983643 31.0639991760254 29.9689998626709 29.0960006713867 25.3400001525879 17.4130001068115 21.0690002441406 22.1110000610352 22.0639991760254 23.173999786377 24.371000289917 26.7040004730225 27.9810009002686 22.3190002441406 -3.4e+38 -3.4e+38 -3.4e+38 -3.4e+38 -3.4e+38 -3.4e+38 -3.4e+38
14.8229999542236 19.5650005340576 24.0990009307861 27.9400005340576 29.5559997558594 30.9500007629395 32.5130004882812 32.9550018310547 31.7590007781982 30.621000289917 28.8990001678467 27.1569995880127 25.8320007324219 24.8640003204346 25.1560001373291 26.7859992980957 30.0359992980957 29.9829998016357 29.8470001220703 29.9629993438721 28.5650005340576 26.931999206543 28.0480003356934 29.0419998168945 29.7810001373291 30.8379993438721 30.4790000915527 29.2919998168945 28.757999420166 27.4899997711182 14.8879995346069 15.3140001296997 18.5470008850098 20.4619998931885 21.3330001831055 23.6830005645752 26.6149997711182 28.6389999389648 29.0470008850098 18.0470008850098 -3.4e+38 -3.4e+38 -3.4e+38 -3.4e+38 -3.4e+38 -3.4e+38
16.3059997558594 20.6620006561279 24.7450008392334 27.8770008087158 29.1340007781982 30.1889991760254 32.1660003662109 32.4480018615723 32.4379997253418 31.181999206543 28.9099998474121 27.5620002746582 24.7509994506836 24.681999206543 25.6499996185303 28.8880004882812 31.386999130249 31.4869995117188 30.9950008392334 30.5970001220703 29.2709999084473 28.6679992675781 28.2140007019043 28.2210006713867 29.2840003967285 29.6219997406006 29.2730007171631 28.0939998626709 27.1840000152588 18.5069999694824 17.6070003509521 13.5579996109009 14.1219997406006 16.1359996795654 18.3770008087158 22.1599998474121 26.7980003356934 28.9130001068115 29.2059993743896 30.4360008239746 13.7749996185303 -3.4e+38 -3.4e+38 -3.4e+38 -3.4e+38 -3.4e+38
15.7790002822876 21.6420001983643 24.3899993896484 27.6140003204346 28.9820003509521 29.4519996643066 30.9669990539551 31.117000579834 31.2439994812012 30.5370006561279 28.4829998016357 25.0429992675781 25.4759998321533 25.7089996337891 27.4909992218018 29.7140007019043 31.1410007476807 31.9750003814697 32.3860015869141 31.1380004882812 29.8770008087158 28.4869995117188 27.4270000457764 27.92799949646 29.2070007324219 29.5149993896484 29.3110008239746 28.2189998626709 25.7560005187988 17.753999710083 15.0880002975464 14.3059997558594 14.4169998168945 14.4499998092651 17.8120002746582 21.6569995880127 24.3859996795654 28.1380004882812 29 30.1620006561279 29.746000289917 12.1680002212524 -3.4e+38 -3.4e+38 -3.4e+38 -3.4e+38
13.6160001754761 21.1909999847412 22.2530002593994 26.1380004882812 28.4740009307861 29.5690002441406 29.9909992218018 30.2919998168945 29.7940006256104 28.2749996185303 27.2970008850098 25.8369998931885 25.9939994812012 26.1429996490479 27.1119995117188 28.9050006866455 30.9150009155273 31.6870002746582 31.6159992218018 30.8390007019043 29.9720001220703 29.4039993286133 27.7169990539551 26.871000289917 28.7700004577637 29.5559997558594 29.5020008087158 29.0580005645752 27.8190002441406 25.1110000610352 19.5109996795654 14.9809999465942 14.8739995956421 14.7950000762939 15.706000328064 19.7159996032715 24.253999710083 26.7929992675781 27.5510005950928 28.7019996643066 28.3010005950928 27.07200050354 -3.4e+38 -3.4e+38 -3.4e+38 -3.4e+38
