02_asc_chm-r50m/HS222G.asc
NCOLS 200 
NROWS 200 
XLLCORNER 570540 
YLLCORNER 5220568 
CELLSIZE 0.5 
NODATA_value -3.4e+38 
[rows 0 to 19 of 200, columns 46 to 91 of 200]
-3.4e+38 -3.4e+38 -3.4e+38 -3.4e+38 -3.4e+38 -3.4e+38 -3.4e+38 -3.4e+38 -3.4e+38 -3.4e+38 -3.4e+38 -3.4e+38 -3.4e+38 -3.4e+38 -3.4e+38 -3.4e+38 -3.4e+38 -3.4e+38 -3.4e+38 -3.4e+38 -3.4e+38 -3.4e+38 -3.4e+38 -3.4e+38 -3.4e+38 -3.4e+38 -3.4e+38 -3.4e+38 -3.4e+38 -3.4e+38 -3.4e+38 -3.4e+38 -3.4e+38 -3.4e+38 -3.4e+38 -3.4e+38 -3.4e+38 -3.4e+38 -3.4e+38 -3.4e+38 -3.4e+38 -3.4e+38 -3.4e+38 -3.4e+38 -3.4e+38 -3.4e+38
-3.4e+38 -3.4e+38 -3.4e+38 -3.4e+38 -3.4e+38 -3.4e+38 -3.4e+38 -3.4e+38 -3.4e+38 -3.4e+38 -3.4e+38 -3.4e+38 -3.4e+38 -3.4e+38 -3.4e+38 -3.4e+38 -3.4e+38 -3.4e+38 -3.4e+38 -3.4e+38 -3.4e+38 -3.4e+38 -3.4e+38 -3.4e+38 -3.4e+38 -3.4e+38 -3.4e+38 -3.4e+38 -3.4e+38 -3.4e+38 -3.4e+38 -3.4e+38 -3.4e+38 -3.4e+38 -3.4e+38 -3.4e+38 -3.4e+38 -3.4e+38 -3.4e+38 -3.4e+38 -3.4e+38 -3.4e+38 -3.4e+38 -3.4e+38 -3.4e+38 -3.4e+38
-3.4e+38 -3.4e+38 -3.4e+38 -3.4e+38 -3.4e+38 -3.4e+38 -3.4e+38 -3.4e+38 -3.4e+38 -3.4e+38 -3.4e+38 -3.4e+38 -3.4e+38 -3.4e+38 -3.4e+38 -3.4e+38 -3.4e+38 -3.4e+38 -3.4e+38 -3.4e+38 -3.4e+38 -3.4e+38 -3.4e+38 -3.4e+38 -3.4e+38 -3.4e+38 -3.4e+38 -3.4e+38 -3.4e+38 -3.4e+38 -3.4e+38 -3.4e+38 -3.4e+38 -3.4e+38 -3.4e+38 -3.4e+38 -3.4e+38 -3.4e+38 -3.4e+38 -3.4e+38 -3.4e+38 34.5779991149902 32.673999786377 34.2239990234375 33.5730018615723 32.5089988708496
-3.4e+38 -3.4e+38 -3.4e+38 -3.4e+38 -3.4e+38 -3.4e+38 -3.4e+38 -3.4e+38 -3.4e+38 -3.4e+38 -3.4e+38 -3.4e+38 -3.4e+38 -3.4e+38 -3.4e+38 -3.4e+38 -3.4e+38 -3.4e+38 -3.4e+38 -3.4e+38 -3.4e+38 -3.4e+38 -3.4e+38 -3.4e+38 -3.4e+38 -3.4e+38 -3.4e+38 -3.4e+38 -3.4e+38 -3.4e+38 -3.4e+38 -3.4e+38 -3.4e+38 -3.4e+38 35.0870018005371 37.4169998168945 38.5950012207031 38.3390007019043 37.3460006713867 36.8600006103516 35.0859985351562 32.2799987792969 33.0820007324219 33.2029991149902 32.8959999084473 32.3190002441406
-3.4e+38 -3.4e+38 -3.4e+38 -3.4e+38 -3.4e+38 -3.4e+38 -3.4e+38 -3.4e+38 -3.4e+38 -3.4e+38 -3.4e+38 -3.4e+38 -3.4e+38 -3.4e+38 -3.4e+38 -3.4e+38 -3.4e+38 -3.4e+38 -3.4e+38 -3.4e+38 -3.4e+38 -3.4e+38 -3.4e+38 -3.4e+38 -3.4e+38 -3.4e+38 -3.4e+38 -3.4e+38 31.3449993133545 32.6520004272461 33.2179985046387 34.2949981689453 36.7140007019043 38.3330001831055 39.5750007629395 40.4830017089844 39.7630004882812 38.2649993896484 37.7000007629395 37.1180000305176 34.6749992370605 32.0190010070801 32.6500015258789 32.765998840332 31.1909999847412 29.9930000305176
-3.4e+38 -3.4e+38 -3.4e+38 -3.4e+38 -3.4e+38 -3.4e+38 -3.4e+38 -3.4e+38 -3.4e+38 -3.4e+38 -3.4e+38 -3.4e+38 -3.4e+38 -3.4e+38 -3.4e+38 -3.4e+38 -3.4e+38 -3.4e+38 -3.4e+38 -3.4e+38 -3.4e+38 -3.4e+38 -3.4e+38 26.9750003814697 25.1949996948242 24.4440002441406 27.0340003967285 28.1040000915527 31.9009990692139 32.4179992675781 33.0699996948242 34.3460006713867 36.7369995117188 37.7120018005371 39.0919990539551 39.4020004272461 39.4869995117188 38.0369987487793 37.4459991455078 35.6230010986328 33.6520004272461 31.9169998168945 31.6509990692139 31.57200050354 30.3250007629395 28.6860008239746
-3.4e+38 -3.4e+38 -3.4e+38 -3.4e+38 -3.4e+38 -3.4e+38 -3.4e+38 -3.4e+38 -3.4e+38 -3.4e+38 -3.4e+38 -3.4e+38 -3.4e+38 -3.4e+38 -3.4e+38 -3.4e+38 -3.4e+38 -3.4e+38 -3.4e+38 -3.4e+38 -3.4e+38 28.9860000610352 29.0709991455078 27.7910003662109 28.3040008544922 27.5470008850098 26.5340003967285 25.1560001373291 29.2089996337891 31.2099990844727 32.4889984130859 33.5820007324219 35.4169998168945 36.9379997253418 37.3170013427734 37.734001159668 37.7869987487793 37.3689994812012 37.0169982910156 32.9070014953613 32.75 32.0180015563965 31.242000579834 31.0160007476807 29.3560009002686 29.1110000610352
-3.4e+38 -3.4e+38 -3.4e+38 -3.4e+38 -3.4e+38 -3.4e+38 -3.4e+38 -3.4e+38 -3.4e+38 -3.4e+38 -3.4e+38 -3.4e+38 -3.4e+38 -3.4e+38 -3.4e+38 -3.4e+38 -3.4e+38 -3.4e+38 28.0900001525879 27.7889995574951 29.32200050354 29.5769996643066 29.8999996185303 29.4340000152588 29.6539993286133 28.8120002746582 27.9020004272461 27.1490001678467 26.8780002593994 29.2199993133545 32.4140014648438 34.4690017700195 35.6640014648438 36.2639999389648 36.3870010375977 37.3839988708496 37.6059989929199 36.4099998474121 35.9119987487793 33.1389999389648 32.8400001525879 32.0299987792969 29.82200050354 29.068000793457 28.6849994659424 28.9549999237061
-3.4e+38 -3.4e+38 -3.4e+38 -3.4e+38 -3.4e+38 -3.4e+38 -3.4e+38 -3.4e+38 -3.4e+38 -3.4e+38 -3.4e+38 -3.4e+38 -3.4e+38 -3.4e+38 -3.4e+38 -3.4e+38 -3.4e+38 26.9790000915527 26.9060001373291 28.1110000610352 29.5429992675781 30.1749992370605 30.7509994506836 30.6959991455078 29.8859996795654 28.94700050354 28.0750007629395 27.8239994049072 26.5860004425049 26.8150005340576 32.0610008239746 33.3880004882812 33.5250015258789 34.826000213623 34.9440002441406 35.2120018005371 35.3959999084473 35.2299995422363 34.1020011901855 32.9690017700195 32.6839981079102 31.7730007171631 30.4680004119873 26.6679992675781 27.0909996032715 28.9580001831055
-3.4e+38 -3.4e+38 -3.4e+38 -3.4e+38 -3.4e+38 -3.4e+38 -3.4e+38 -3.4e+38 -3.4e+38 -3.4e+38 -3.4e+38 -3.4e+38 -3.4e+38 -3.4e+38 -3.4e+38 26.2140007019043 26.9729995727539 27.1450004577637 27.1709995269775 29.1060009002686 29.8299999237061 30.1760005950928 30.8400001525879 30.8099994659424 29.8330001831055 28.8689994812012 28.1989994049072 27.6830005645752 26.4909992218018 26.5499992370605 31.7980003356934 32.8779983520508 32.8680000305176 33.8470001220703 34.4269981384277 34.4300003051758 34.431999206543 34.2299995422363 33.5740013122559 32.8289985656738 32.4420013427734 30.253999710083 27.0739994049072 24.3999996185303 25.9069995880127 28.6730003356934
-3.4e+38 -3.4e+38 -3.4e+38 -3.4e+38 -3.4e+38 -3.4e+38 -3.4e+38 -3.4e+38 -3.4e+38 -3.4e+38 -3.4e+38 -3.4e+38 -3.4e+38 19.3439998626709 25.4780006408691 26.2999992370605 26.3939990997314 26.1469993591309 26.1499996185303 27.7040004730225 29.3460006713867 29.9619998931885 30.0839996337891 30.1040000915527 30.048999786377 28.9300003051758 28.132999420166 27.8190002441406 25.628999710083 26.0919990539551 29.8250007629395 31.6630001068115 32.2019996643066 32.0019989013672 32.6940002441406 32.3940010070801 33.9370002746582 33.689998626709 32.6969985961914 32.6290016174316 31.7649993896484 27.6070003509521 20.9479999542236 20.5359992980957 25.1720008850098 28.8799991607666
-3.4e+38 -3.4e+38 -3.4e+38 -3.4e+38 -3.4e+38 -3.4e+38 -3.4e+38 -3.4e+38 -3.4e+38 -3.4e+38 -3.4e+38 2.58500003814697 12.5799999237061 20.1900005340576 21.3719997406006 25.1690006256104 25.4650001525879 26.2119998931885 26.4249992370605 27.75 28.4610004425049 29.3780002593994 29.4440002441406 29.5779991149902 29.5580005645752 28.9090003967285 27.5 26.8439998626709 24.6049995422363 25.0249996185303 26.798999786377 30.2040004730225 30.9529991149902 29.6459999084473 29.5949993133545 30.0610008239746 30.3649997711182 30.0949993133545 29.6399993896484 29.8980007171631 28.5170001983643 27.9230003356934 19.3939990997314 17.1410007476807 22.0030002593994 27.0890007019043
-3.4e+38 -3.4e+38 -3.4e+38 -3.4e+38 -3.4e+38 -3.4e+38 -3.4e+38 -3.4e+38 -3.4e+38 2.61199998855591 3.25399994850159 3.49799990653992 12.5430002212524 16.3719997406006 16.5839996337891 21.4640007019043 24.7980003356934 25.8330001831055 27.1219997406006 28.3540000915527 28.42799949646 29.4249992370605 29.2999992370605 29.2889995574951 28.8250007629395 28.003999710083 26.3390007019043 25.1840000152588 24.1480007171631 23.9109992980957 23.1609992980957 26.2889995574951 27.0230007171631 29.1700000762939 27.9109992980957 26.3129997253418 26.8719997406006 26.8990001678467 26.0990009307861 25.8339996337891 24.3799991607666 22.2250003814697 21.2549991607666 22.8239994049072 24.3719997406006 25.8460006713867
-3.4e+38 -3.4e+38 -3.4e+38 -3.4e+38 -3.4e+38 -3.4e+38 -3.4e+38 6.28200006484985 4.46799993515015 3.36199998855591 3.77900004386902 4.08799982070923 6.66900014877319 17.3470001220703 22.0470008850098 22.5400009155273 25.9249992370605 27.1459999084473 29.0709991455078 29.4899997711182 29.871000289917 30.1989994049072 30.125 29.628999710083 27.8980007171631 26.9459991455078 26.2000007629395 24.5659999847412 24.4419994354248 22.8479995727539 21.5839996337891 20.19700050354 22.3600006103516 24.9869995117188 22.9029998779297 21.8700008392334 24.2929992675781 24.9969997406006 25.257999420166 23.2000007629395 21.6609992980957 17.8419990539551 13.6450004577637 13.6239995956421 21.8859996795654 22.7730007171631
-3.4e+38 -3.4e+38 -3.4e+38 -3.4e+38 -3.4e+38 8.92000007629395 9.01200008392334 7.83900022506714 4.38399982452393 3.73399996757507 3.74300003051758 4.00799989700317 4.31400012969971 16.7639999389648 23.67799949646 24.1450004577637 26.2959995269775 27.7049999237061 28.92799949646 29.4529991149902 30.9370002746582 31.2000007629395 30.7180004119873 29.3269996643066 27.8980007171631 27.5520000457764 25.9599990844727 24.4120006561279 21.9449996948242 21.5370006561279 15.9230003356934 16.6319999694824 18.7719993591309 20.6889991760254 20.6410007476807 19.1840000152588 19.1630001068115 20.5270004272461 21.8910007476807 20.3159999847412 18.8330001831055 13.4589996337891 8.08399963378906 5.22599983215332 8.62399959564209 19.0879993438721
-3.4e+38 -3.4e+38 -3.4e+38 11.621000289917 10.956000328064 10.4899997711182 10.4029998779297 8.05700016021729 3.58999991416931 2.85999989509583 3.59200000762939 4.17000007629395 4.41200017929077 15.6770000457764 23.9270000457764 24.1459999084473 24.8850002288818 26.742000579834 28.94700050354 29.4249992370605 31.0419998168945 31.1480007171631 30.5799999237061 29.3969993591309 28.5590000152588 27.2970008850098 24.0779991149902 23.9740009307861 21.2229995727539 20.9939994812012 16.8190002441406 15.1619997024536 14.2449998855591 15.206000328064 13.8559999465942 12.9309997558594 17.6219997406006 16.6550006866455 17.67799949646 17.4309997558594 14.4499998092651 9.07499980926514 3.81299996376038 1.24899995326996 1.5349999666214 11.1090002059937
-3.4e+38 14.4659996032715 12.6969995498657 12.8509998321533 11.5579996109009 11.16100025177 11.168999671936 7.98699998855591 4.34800004959106 4.09899997711182 3.60400009155273 3.90199995040894 4.01200008392334 15.7869997024536 23.9869995117188 24.0499992370605 24.9360008239746 25.6490001678467 28.1450004577637 29.2369995117188 29.8780002593994 30.0480003356934 29.8409996032715 29.0359992980957 28.6569995880127 28.1499996185303 23.6599998474121 23.7250003814697 21.0790004730225 21.1499996185303 19.5580005645752 16.3770008087158 16.1949996948242 10.8760004043579 6.86199998855591 11.8459997177124 15.8179998397827 15.9829998016357 14.7659997940063 14.5459995269775 10.2270002365112 7.10300016403198 3.98000001907349 2.0550000667572 2.03399991989136 2.01799988746643
15.5830001831055 13.6499996185303 13.5190000534058 13.3339996337891 12.4870004653931 11.9250001907349 11.2740001678467 10.7089996337891 9.19600009918213 6.87200021743774 4.15799999237061 3.23399996757507 3.23300004005432 19.875 24.0249996185303 24.5319995880127 26.0090007781982 26.4899997711182 27.121000289917 28.7099990844727 29.2740001678467 29.318000793457 29.0729999542236 28.5860004425049 27.5030002593994 26.5130004882812 23.5650005340576 23.6529998779297 22.3010005950928 21.0559997558594 19.8719997406006 17.3850002288818 17.0590000152588 15.9980001449585 8.70499992370605 10.7609996795654 13.6470003128052 14.8999996185303 14.2600002288818 14.0200004577637 12.0559997558594 7.26900005340576 4.14599990844727 2.84599995613098 2.73300004005432 2.68700003623962
14.918999671936 13.3280000686646 13.3719997406006 13.3690004348755 12.6440000534058 11.8549995422363 11.1009998321533 9.98799991607666 8.86299991607666 7.55499982833862 5.16900014877319 3.54999995231628 2.78999996185303 11.1120004653931 19.1410007476807 22.9729995727539 25.1849994659424 26.5919990539551 25.9230003356934 27.451000213623 27.3610000610352 28.7789993286133 28.4330005645752 27.882999420166 27.9829998016357 24.7059993743896 23.757999420166 23.8500003814697 22.3519992828369 19.5909996032715 17.5550003051758 17.4810009002686 17.17799949646 15.4989995956421 14.1199998855591 14.628999710083 15.2119998931885 16.4090003967285 15.9280004501343 15.289999961853 15.5120000839233 14.1009998321533 6.97100019454956 3.37199997901917 8.14500045776367 14.6929998397827
14.210000038147 13.3039999008179 12.9139995574951 12.8240003585815 12.2399997711182 12.0349998474121 10.8009996414185 10.1459999084473 9.89700031280518 5.65899991989136 4.51200008392334 3.48099994659424 5.26700019836426 8.28899955749512 14.2709999084473 19.3040008544922 23.003999710083 24.1319999694824 24.6450004577637 24.8349990844727 26.0330009460449 27.5499992370605 27.0650005340576 26.9810009002686 26.2919998168945 24.6040000915527 23.806999206543 23.5130004882812 19.8589992523193 18.3479995727539 17.6879997253418 17.761999130249 17.7339992523193 16.9500007629395 16.3610000610352 16.5429992675781 17.2880001068115 17.6879997253418 17.2189998626709 16.8549995422363 18.0200004577637 17.6350002288818 14.2390003204346 9.52200031280518 12.2130002975464 22.2520008087158
