02_asc_chm-r50m/HS222A.asc
NCOLS 200 
NROWS 199 
XLLCORNER 569630 
YLLCORNER 5221126.5 
CELLSIZE 0.5 
NODATA_value -3.4e+38 
[rows 120 to 139 of 199, columns 0 to 45 of 200]
-3.4e+38 -3.4e+38 -3.4e+38 17.4549999237061 17.9270000457764 24.378999710083 28.6149997711182 30.5270004272461 32.0349998474121 32.6889991760254 33.3400001525879 33.5390014648438 32.9900016784668 31.8059997558594 30.8460006713867 28.3299999237061 23.7320003509521 11.289999961853 11.3360004425049 15.081000328064 12.2580003738403 5.53999996185303 3.70300006866455 3.9779999256134 7.58099985122681 5.00600004196167 19.0300006866455 27.863000869751 30.4290008544922 31.8129997253418 32.382999420166 32.9329986572266 33.4869995117188 34.2560005187988 35.3279991149902 35.7750015258789 36.5149993896484 36.7459983825684 36.4070014953613 35.1990013122559 33.5509986877441 32.2360000610352 30.738000869751 30.5550003051758 27.0230007171631 25.556999206543
-3.4e+38 -3.4e+38 -3.4e+38 19.7049999237061 23.5 27.1089992523193 28.1979999542236 30.6280002593994 31.8040008544922 32.6650009155273 32.8699989318848 32.8819999694824 32.3079986572266 31.3430004119873 29.9720001220703 29.011999130249 27.1560001373291 17.9039993286133 12.548999786377 13.2119998931885 11.9530000686646 12.3909997940063 8.81799983978271 14.7969999313354 18.9939994812012 17.2719993591309 23.6259994506836 27.181999206543 30.2609996795654 31.4489994049072 32.1609992980957 33.2919998168945 33.8540000915527 34.1160011291504 35.0250015258789 35.765998840332 36.7840003967285 36.7330017089844 36.3870010375977 35.1679992675781 33.5979995727539 31.9990005493164 30.378999710083 29.9710006713867 28.363000869751 24.9500007629395
-3.4e+38 -3.4e+38 -3.4e+38 21.431999206543 22.8390007019043 25.6149997711182 27.6889991760254 29.7439994812012 30.5160007476807 32.1129989624023 32.257999420166 32.2799987792969 32.0099983215332 31.3430004119873 30.2430000305176 28.4220008850098 25.8320007324219 22.4629993438721 20.7940006256104 20.2479991912842 19.4449996948242 19.6720008850098 8.75599956512451 14.7550001144409 23.2099990844727 24.3999996185303 28.6879997253418 28.6989994049072 28.6380004882812 31.5709991455078 32.9129981994629 33.7270011901855 34.4109992980957 34.5639991760254 35.0629997253418 35.4339981079102 36.0919990539551 36 36.0130004882812 35.0349998474121 34.4900016784668 32.0849990844727 30.19700050354 28.8379993438721 26.9249992370605 24.4270000457764
-3.4e+38 -3.4e+38 -3.4e+38 -3.4e+38 25.0419998168945 25.4400005340576 27.4640007019043 28.2679996490479 29.3530006408691 30.7089996337891 31.2730007171631 31.1350002288818 30.617000579834 29.0550003051758 28.4459991455078 26.923999786377 26.5450000762939 26.0049991607666 25.3980007171631 25.4309997558594 25.2840003967285 21.0069999694824 11.6090002059937 21.1590003967285 22.6979999542236 24.0669994354248 29.2290000915527 29.4080009460449 30.931999206543 31.9820003509521 33.4189987182617 34.5709991455078 35.4249992370605 35.0390014648438 34.4020004272461 35.0890007019043 34.9020004272461 34.7630004882812 35.148998260498 34.6520004272461 33.1180000305176 32.4269981384277 29.8409996032715 27.867000579834 25.7590007781982 24.6040000915527
-3.4e+38 -3.4e+38 -3.4e+38 -3.4e+38 25.2180004119873 25.8560009002686 23.8920001983643 25.0419998168945 25.4080009460449 29.193000793457 29.6690006256104 29.4549999237061 28.9629993438721 27.9740009307861 27.8700008392334 26.9549999237061 27.0100002288818 26.6550006866455 27.8229999542236 25.9370002746582 26.6459999084473 23.7590007781982 21.7479991912842 23.05299949646 22.3479995727539 24.1399993896484 28.3269996643066 29.8379993438721 31.1569995880127 31.5620002746582 33.523998260498 34.4459991455078 34.8530006408691 34.9630012512207 34.0379981994629 34.2980003356934 33.9280014038086 33.931999206543 34.3330001831055 33.5970001220703 32.1469993591309 30.882999420166 28.2830009460449 29.5429992675781 26.4990005493164 26.8129997253418
-3.4e+38 -3.4e+38 -3.4e+38 -3.4e+38 25.5540008544922 25.4120006561279 24.113000869751 17.5620002746582 14.076000213623 26.5030002593994 28.4080009460449 27.7150001525879 26.701000213623 25.9200000762939 27.4309997558594 27.9370002746582 29.1790008544922 29.7189998626709 29.7940006256104 28.9479999542236 29.5869998931885 26.6280002593994 25.1830005645752 23.1410007476807 23.3819999694824 25.0109996795654 26.3040008544922 28.8610000610352 30.3439998626709 30.5799999237061 33.556999206543 34.5470008850098 34.3310012817383 34.1339988708496 33.8889999389648 33.4160003662109 32.7630004882812 32.7919998168945 33.5870018005371 32.9370002746582 31.8010005950928 30.9090003967285 30.7220001220703 30.7169990539551 30.1000003814697 29.371000289917
-3.4e+38 -3.4e+38 -3.4e+38 -3.4e+38 26.0480003356934 25.2110004425049 23.4729995727539 13.5050001144409 13.8079996109009 21.8239994049072 23.2709999084473 22.5939998626709 20.9249992370605 25.5400009155273 27.1389999389648 28.3819999694824 30.0559997558594 30.7530002593994 30.6630001068115 30.9099998474121 30.867000579834 30.0319995880127 28.6079998016357 27.6709995269775 23.8889999389648 25.6140003204346 26.17799949646 29.4360008239746 30.1280002593994 29.9220008850098 32.3139991760254 33.5 33.6699981689453 33.3870010375977 33.0839996337891 32.382999420166 31.4699993133545 31.0510005950928 32.068000793457 31.4500007629395 31.2779998779297 30.8780002593994 31.7390003204346 32.3769989013672 31.9699993133545 31.2299995422363
-3.4e+38 -3.4e+38 -3.4e+38 -3.4e+38 25.8290004730225 24.2049999237061 22.6399993896484 17.8470001220703 10.3529996871948 10.3249998092651 11.2080001831055 10.5989999771118 16.2369995117188 23.757999420166 26.8570003509521 29.9139995574951 30.3250007629395 31.1909999847412 32.0940017700195 32.132999420166 31.7919998168945 31.2280006408691 29.3999996185303 26.6389999389648 24.55299949646 26.6660003662109 27.8239994049072 29.5610008239746 29.8139991760254 29.8649997711182 31.57200050354 32.2120018005371 32.4609985351562 31.7070007324219 31.3579998016357 30.9619998931885 29.5389995574951 29.1949996948242 29.5939998626709 29.7439994812012 30.6849994659424 29.9909992218018 32.7120018005371 33.1520004272461 32.9720001220703 32.3600006103516
-3.4e+38 -3.4e+38 -3.4e+38 -3.4e+38 -3.4e+38 24.0939998626709 22.5849990844727 17.3169994354248 10.7370004653931 10.0150003433228 8.5620002746582 8.13399982452393 20.503999710083 27.0009994506836 29.923999786377 30.4370002746582 31.2770004272461 32.5019989013672 32.9939994812012 32.8559989929199 32.2610015869141 31.4610004425049 29.5620002746582 28 27.4549999237061 28.4890003204346 28.8159999847412 29.2089996337891 29.5440006256104 29.8880004882812 30.6959991455078 30.4829998016357 30.5690002441406 29.8600006103516 28.4519996643066 28.7229995727539 29.2019996643066 28.6480007171631 28.7189998626709 28.7590007781982 29.6580009460449 32.0120010375977 33.2360000610352 33.6279983520508 33.568000793457 32.9809989929199
-3.4e+38 -3.4e+38 -3.4e+38 -3.4e+38 -3.4e+38 18.9979991912842 21.1070003509521 18.132999420166 13.7550001144409 8.05900001525879 6.73099994659424 6.61999988555908 24.6760005950928 27.7390003204346 29.2210006713867 29.8600006103516 31.4780006408691 32.8390007019043 33.6059989929199 33.3569984436035 32.5950012207031 32.0400009155273 29.4659996032715 29.1599998474121 27.8339996337891 28.3390007019043 29.6219997406006 30.5189990997314 31.1110000610352 31.6849994659424 31.7119998931885 31.2779998779297 29.5550003051758 28.4589996337891 26.7999992370605 28.6149997711182 28.5779991149902 27.8819999694824 27.9669990539551 28.4270000457764 29.5389995574951 32.3759994506836 33.476001739502 33.6500015258789 33.4339981079102 33.0180015563965
-3.4e+38 -3.4e+38 -3.4e+38 -3.4e+38 -3.4e+38 9.29800033569336 14.1639995574951 17.8199996948242 18.4969997406006 12.8290004730225 8.04800033569336 5.89900016784668 18.378999710083 25.378999710083 28.2630004882812 28.6100006103516 30.1380004882812 32.6619987487793 33.6189994812012 33.2309989929199 32.2480010986328 31.3470001220703 30.2280006408691 29.8470001220703 27.4529991149902 27.7689990997314 30.3419990539551 31.8269996643066 32.2919998168945 32.4640007019043 32.2019996643066 30.5510005950928 28.1979999542236 28.0510005950928 26.8460006713867 26.6480007171631 26.9309997558594 26.7290000915527 27.2719993591309 27.9160003662109 29.5359992980957 31.8770008087158 33.2509994506836 33.257999420166 32.8120002746582 31.7609996795654
-3.4e+38 -3.4e+38 -3.4e+38 -3.4e+38 -3.4e+38 18.6889991760254 21.1180000305176 23.5930004119873 23.6299991607666 20.2569999694824 14.2229995727539 8.79500007629395 19.5359992980957 26.7560005187988 28.568000793457 30.0340003967285 31.4890003204346 32.2330017089844 32.7709999084473 32.6319999694824 31.5520000457764 30.9200000762939 30.1959991455078 30.0610008239746 28.8589992523193 28.4930000305176 31.6909999847412 33.0200004577637 33.4420013427734 33.492000579834 32.8499984741211 32.1969985961914 30.0259990692139 27.8139991760254 27.5310001373291 26.6800003051758 26.2439994812012 26.117000579834 26.871000289917 27.6709995269775 29.568000793457 30.5879993438721 32.4490013122559 32.5289993286133 32.1110000610352 31.9200000762939
-3.4e+38 -3.4e+38 -3.4e+38 -3.4e+38 -3.4e+38 -3.4e+38 24.246000289917 24.6879997253418 25.3490009307861 24.8460006713867 19.2679996490479 14.4350004196167 23.496000289917 25.2779998779297 27.8519992828369 29.496000289917 30.4120006561279 31.5249996185303 31.4200000762939 31.5990009307861 30.6450004577637 30.3010005950928 29.6840000152588 29.503999710083 29.1089992523193 29.5310001373291 31.9069995880127 33.0040016174316 34.0750007629395 34.6139984130859 32.9570007324219 32.2519989013672 31.8570003509521 29.1359996795654 27.8810005187988 26.5650005340576 26.2609996795654 25.7560005187988 25.8819999694824 26.0389995574951 27.742000579834 29.5960006713867 30.5100002288818 30.992000579834 31.1560001373291 30.1499996185303
-3.4e+38 -3.4e+38 -3.4e+38 -3.4e+38 -3.4e+38 -3.4e+38 15.3120002746582 26.0419998168945 26.4890003204346 25.2199993133545 24.2560005187988 20.0750007629395 22.5300006866455 20.4120006561279 24.8279991149902 28.1550006866455 28.9939994812012 29.3549995422363 29.5189990997314 29.6630001068115 29.1509990692139 29.1100006103516 28.2150001525879 27.9580001831055 29.0249996185303 30.9669990539551 31.92799949646 32.8419990539551 33.7999992370605 34.0200004577637 32.9290008544922 31.8090000152588 30.121000289917 29.2759990692139 27.8610000610352 26.2740001678467 25.7240009307861 24.992000579834 24.7350006103516 24.7490005493164 25.7259998321533 27.3120002746582 28.4570007324219 27.9069995880127 28.382999420166 28.7569999694824
-3.4e+38 -3.4e+38 -3.4e+38 -3.4e+38 -3.4e+38 -3.4e+38 -3.4e+38 16.3150005340576 27.6599998474121 27.1049995422363 24.9589996337891 23.9610004425049 14.3039999008179 14.3990001678467 24.4540004730225 27.3490009307861 28.0510005950928 27.7140007019043 28.8209991455078 28.5319995880127 27.9950008392334 27.7919998168945 25.2430000305176 24.6110000610352 25.0739994049072 28.5179996490479 31.5620002746582 32.3320007324219 32.8289985656738 32.9720001220703 32.173999786377 31.0359992980957 29.9220008850098 28.3320007324219 26.8999996185303 25.7670001983643 25.4549999237061 24.2299995422363 23.0739994049072 22.7059993743896 22.9930000305176 21.9950008392334 25.2530002593994 26.753999710083 27.2199993133545 26.0440006256104
-3.4e+38 -3.4e+38 -3.4e+38 -3.4e+38 -3.4e+38 -3.4e+38 -3.4e+38 19.2819995880127 30.382999420166 27.9500007629395 26.238000869751 25.0160007476807 14.7810001373291 8.29100036621094 18.1140003204346 20.6270008087158 21.3540000915527 19.3139991760254 24.0100002288818 27.0349998474121 26.6550006866455 26.9349994659424 25.382999420166 24.2169990539551 26.9979991912842 30.3010005950928 30.7670001983643 31.2870006561279 31.9869995117188 32.3849983215332 31.5930004119873 30.8250007629395 29.6030006408691 28.2099990844727 26.6730003356934 25.75 24.9150009155273 22.9669990539551 21.6660003662109 20.2299995422363 20.5170001983643 19.69700050354 23.7590007781982 25.69700050354 25.7430000305176 23.4610004425049
-3.4e+38 -3.4e+38 -3.4e+38 -3.4e+38 -3.4e+38 -3.4e+38 -3.4e+38 -3.4e+38 32.25 29.7600002288818 26.0279998779297 23.1000003814697 19.4209995269775 6.89499998092651 9.4370002746582 10.2869997024536 10.5799999237061 11.5069999694824 13.664999961853 17.3139991760254 19.4340000152588 23.8090000152588 24.3150005340576 25.121000289917 27.4230003356934 28.9449996948242 29.4629993438721 30.2810001373291 29.7549991607666 29.5830001831055 29.6669998168945 28.75 28.5380001068115 27.9300003051758 26.9810009002686 26.0170001983643 23.4389991760254 20.1240005493164 18.7409992218018 17.0909996032715 15.4659996032715 16.8740005493164 21.1420001983643 22.6679992675781 22.0319995880127 21.1539993286133
-3.4e+38 -3.4e+38 -3.4e+38 -3.4e+38 -3.4e+38 -3.4e+38 -3.4e+38 -3.4e+38 32.6199989318848 29.5709991455078 27.6359996795654 22.8939990997314 22.0990009307861 6.00299978256226 7.8769998550415 9.50300025939941 9.55799961090088 9.51599979400635 8.9379997253418 8.61100006103516 6.03999996185303 20.7929992675781 23.0020008087158 24.5200004577637 25.0890007019043 27.3050003051758 29.0209999084473 29.9449996948242 30.0830001831055 29.6429996490479 29.4109992980957 29.326000213623 29.1919994354248 28.2670001983643 25.2280006408691 26.8950004577637 24.9869995117188 21.9039993286133 20.7509994506836 17.5939998626709 14.5120000839233 13.8819999694824 19.4939994812012 21.3299999237061 20.3250007629395 18.7749996185303
-3.4e+38 -3.4e+38 -3.4e+38 -3.4e+38 -3.4e+38 -3.4e+38 -3.4e+38 -3.4e+38 -3.4e+38 30.8640003204346 29.4179992675781 27.5790004730225 24.8840007781982 9.85799980163574 6.71700000762939 8.74899959564209 8.57499980926514 7.85200023651123 7.4850001335144 7.40799999237061 6.81899976730347 13.21399974823 18.2019996643066 23.0930004119873 23.9440002441406 25.6119995117188 28.3199996948242 28.9479999542236 30.2099990844727 30.0620002746582 29.8810005187988 29.92799949646 30.0410003662109 29.8759994506836 28.2950000762939 27.7159996032715 26.57200050354 24.0919990539551 22.3379993438721 19.0349998474121 15.7329998016357 12.4300003051758 13.3179998397827 18.4659996032715 18.1590003967285 17.9200000762939
-3.4e+38 -3.4e+38 -3.4e+38 -3.4e+38 -3.4e+38 -3.4e+38 -3.4e+38 -3.4e+38 -3.4e+38 31.0860004425049 30.6049995422363 29.3929996490479 26.3129997253418 18.2689990997314 6.72200012207031 7.73999977111816 7.94899988174438 6.40799999237061 6.30600023269653 6.26399993896484 6.20599985122681 10.668999671936 15.1309995651245 19.5939998626709 21.7609996795654 23.2880001068115 27.0510005950928 29.8419990539551 30.7549991607666 31.2269992828369 31.17799949646 31.6709995269775 31.6420001983643 31.7280006408691 30.8409996032715 28.1469993591309 27.3560009002686 25.6560001373291 23.826000213623 20.6809997558594 17.5359992980957 14.3909997940063 16.3199996948242 23.056999206543 21.6679992675781 19.5400009155273
