02_asc_chm-r50m/HS22X6.asc
NCOLS 201 
NROWS 200 
XLLCORNER 568600 
YLLCORNER 5221256 
CELLSIZE 0.5 
NODATA_value -3.4e+38 
[rows 40 to 59 of 200, columns 92 to 137 of 201]
24.4930000305176 25.3099994659424 26.1650009155273 26.1609992980957 24.5900001525879 22.0510005950928 20.6539993286133 20.4610004425049 19.2609996795654 16.8759994506836 18.2089996337891 18.1159992218018 14.1870002746582 8.14099979400635 4.87400007247925 2.18700003623962 1.56099998950958 1.48099994659424 2.08599996566772 3.57999992370605 5.98400020599365 7.65399980545044 15.0369997024536 17.8120002746582 18.4610004425049 19.1229991912842 20.3840007781982 23.056999206543 24.2700004577637 23.0370006561279 22.0160007476807 21.1730003356934 19.4260005950928 18.4120006561279 14.7370004653931 13.0450000762939 8.78400039672852 5.67500019073486 1.47300004959106 0.537999987602234 1.61500000953674 1.66700005531311 1.44400000572205 0.995000004768372 7.88500022888184 10.6359996795654
27.1000003814697 27.0839996337891 27.3040008544922 27.2140007019043 26.2450008392334 24.7719993591309 23.2099990844727 21.7880001068115 20.6879997253418 16.8990001678467 14.0080003738403 14.7449998855591 13.6669998168945 10.3240003585815 10.7329998016357 7.45599985122681 1.89999997615814 3.28600001335144 1.53299999237061 6.01999998092651 9.41300010681152 11.2259998321533 12.9289999008179 17.3850002288818 20.1149997711182 20.2019996643066 21.3430004119873 23.9589996337891 24.9379997253418 23.988000869751 22.8110008239746 22.1569995880127 20.1690006256104 17.3939990997314 15.8100004196167 14.5559997558594 7.97499990463257 4.8289999961853 1.91299998760223 0.850000023841858 2.15100002288818 2.40499997138977 2.01399993896484 1.50800001621246 0.800000011920929 12.9289999008179
28.3889999389648 28.9829998016357 29.2549991607666 29.3129997253418 28.1060009002686 25.9090003967285 24.7679996490479 22.69700050354 21.8409996032715 18.0769996643066 16.1110000610352 15.4499998092651 15.2510004043579 14.246000289917 14.1429996490479 14.6009998321533 9.69299983978271 9.45800018310547 7.80800008773804 11.1490001678467 12.2110004425049 13.0089998245239 13.3190002441406 16.6760005950928 20.4260005950928 22.0669994354248 22.4020004272461 24.4020004272461 24.7280006408691 24.1599998474121 23.1420001983643 22.2880001068115 20.7749996185303 18.3640003204346 16.9290008544922 14.4530000686646 7.92000007629395 5.83199977874756 4.00099992752075 2.1710000038147 2.44600009918213 3.02600002288818 2.98499989509583 2.23799991607666 0.550000011920929 10.4259996414185
29.3610000610352 30.507999420166 31.0580005645752 30.5960006713867 29.2299995422363 27.863000869751 25.3799991607666 23.4099998474121 21.0230007171631 19.4260005950928 17.8120002746582 16.7929992675781 16.6060009002686 16.2280006408691 16.2569999694824 15.7370004653931 15.9759998321533 15.5139999389648 14.8529996871948 13.5 14.1029996871948 14.3839998245239 15.3120002746582 17.7269992828369 19.4540004730225 20.7929992675781 21.9360008239746 23.636999130249 24.0380001068115 23.7530002593994 23.0049991607666 21.9659996032715 20.1040000915527 17.8659992218018 16.0279998779297 10.9250001907349 10.2720003128052 5.44500017166138 4.2519998550415 2.90300011634827 2.42499995231628 2.45499992370605 2.20199990272522 3.57800006866455 3.32399988174438 6.57600021362305
30.0310001373291 31.9500007629395 33.3950004577637 30.9300003051758 29.3250007629395 28.806999206543 27.4150009155273 24.7329998016357 21.5830001831055 19.681999206543 17.7639999389648 17.753999710083 18.2269992828369 17.9540004730225 16.3540000915527 16.2819995880127 17.7099990844727 16.0639991760254 14.8819999694824 14.3690004348755 14.7049999237061 15.6149997711182 16.7980003356934 17.5090007781982 18.826000213623 19.8360004425049 20.3430004119873 22.4939994812012 22.6560001373291 21.9260005950928 20.375 19.8600006103516 19.4120006561279 14.9919996261597 13.1440000534058 11.4160003662109 7.60400009155273 5.05299997329712 3.64100003242493 2.62700009346008 1.69900000095367 1.71399998664856 4.66300010681152 7.10099983215332 7.28299999237061 9.05099964141846
29.7709999084473 31.4009990692139 33.3720016479492 31.5279998779297 29.0650005340576 28.2350006103516 27.3899993896484 26.6550006866455 23.0100002288818 19.0259990692139 17.9740009307861 18.8409996032715 19.5139999389648 19.8159999847412 19.0960006713867 18.9799995422363 19.4379997253418 17.6439990997314 16.8619995117188 16.6299991607666 15.8409996032715 15.9340000152588 16.5879993438721 16.9479999542236 18.1639995574951 19.2199993133545 20.4519996643066 21.0189990997314 19.9839992523193 19.6119995117188 19.4829998016357 18.8549995422363 18.1319999694824 15.4969997406006 12.164999961853 8.6879997253418 2.55599999427795 1.48599994182587 1.54900002479553 1.28999996185303 1.35099995136261 1.31299996376038 4.31300020217896 7.42600011825562 8.77299976348877 10.0799999237061
29.0540008544922 30.2530002593994 31.6760005950928 30.8369998931885 29.0809993743896 27.632999420166 26.1060009002686 24.2320003509521 22.6529998779297 19.4179992675781 19.2549991607666 19.5370006561279 20.1560001373291 20.5209999084473 20.7369995117188 20.9249992370605 21.2450008392334 19.9519996643066 18.7759990692139 18.2549991607666 17.0219993591309 16.1420001983643 15.9670000076294 15.5699996948242 17.0459995269775 18.2119998931885 19.30299949646 19.3519992828369 18.7600002288818 18.6480007171631 18.1760005950928 16.6200008392334 14.5920000076294 12.2779998779297 9.03699970245361 4.49200010299683 1.95099997520447 0.996999979019165 0.879000008106232 1.0349999666214 0.96399998664856 0.99099999666214 4.08599996566772 7.18100023269653 8.22900009155273 9.76000022888184
28.5860004425049 29.371000289917 29.568000793457 29.2430000305176 29.1879997253418 27.9249992370605 24.9179992675781 23.4249992370605 22.4640007019043 19.9570007324219 19.44700050354 20.621000289917 20.7919998168945 20.8390007019043 20.8470001220703 20.9330005645752 21.7169990539551 21.2940006256104 20.3409996032715 19.6229991912842 16.3369998931885 15.3950004577637 15.1190004348755 14.8590002059937 13.6470003128052 16.4109992980957 16.5289993286133 16.7520008087158 17.4139995574951 17.5330009460449 16.5979995727539 14.9799995422363 12.2580003738403 10.6619997024536 10.0369997024536 7.68800020217896 5.30200004577637 2.27300000190735 3.03600001335144 1.87300002574921 0.680000007152557 0.967000007629395 4.95599985122681 9.36999988555908 14.9610004425049 11.6960000991821
27.378999710083 28.3229999542236 28.4729995727539 28.3400001525879 28.1420001983643 27.3680000305176 24.6350002288818 22.613000869751 21.6900005340576 19.5200004577637 19.9659996032715 20.6049995422363 23.2759990692139 23.2810001373291 22.6410007476807 22.4650001525879 22.7390003204346 22.3120002746582 21.2290000915527 20.3729991912842 18.1979999542236 17.2609996795654 14.0059995651245 13.7969999313354 12.2239999771118 13.4320001602173 14.83899974823 15.293999671936 15.5329999923706 15.5939998626709 15.5640001296997 13.9630002975464 13.0179996490479 9.97299957275391 11.7080001831055 10.7770004272461 12.0150003433228 10.9820003509521 12.4300003051758 10.6789999008179 9.23999977111816 6.92899990081787 11.1599998474121 16.3689994812012 20.3619995117188 17.548999786377
25.7080001831055 26.4489994049072 26.3120002746582 25.9549999237061 24.8640003204346 24.7970008850098 24.1909999847412 22.1580009460449 20.6420001983643 19.2240009307861 20.2310009002686 19.9459991455078 23.6000003814697 24.5249996185303 24.8770008087158 24.2019996643066 23.2770004272461 23.1000003814697 22.1730003356934 20.6380004882812 19.1040000915527 17.5499992370605 13.5019998550415 13.4069995880127 13.5270004272461 13.4879999160767 14.4750003814697 15.6780004501343 16.1730003356934 15.0920000076294 15.3409996032715 14.1020002365112 11.6230001449585 10.4969997406006 13.0410003662109 13.2250003814697 13.1840000152588 15.7679996490479 17.0030002593994 14.3850002288818 12.3529996871948 10.0799999237061 11.6859998703003 16.0240001678467 20.5769996643066 20.8719997406006
23.3400001525879 24.0480003356934 23.7290000915527 23.1830005645752 23.5659999847412 22.4419994354248 22.1380004882812 20.8349990844727 17.8640003204346 19.0709991455078 20.32200050354 21.9500007629395 24.2049999237061 25.2490005493164 25.6429996490479 25.5949993133545 24.8229999542236 23.6830005645752 22.1180000305176 19.875 18.7700004577637 18.0610008239746 14.6630001068115 13.923999786377 14.9289999008179 14.8129997253418 15.1630001068115 15.8940000534058 15.8540000915527 16.701000213623 15.9069995880127 14.1529998779297 10.8599996566772 12.8570003509521 13.4729995727539 14.1490001678467 15.5349998474121 16.6399993896484 17.443000793457 16.2059993743896 18.2950000762939 11.2130002975464 24.3020000457764 24.9659996032715 22.701000213623 23.5230007171631
20.4479999542236 21.1499996185303 21.4599990844727 22.1700000762939 23.6870002746582 23.7919998168945 22.0510005950928 21.3740005493164 20.1019992828369 18.9300003051758 20.7019996643066 22.173999786377 23.3910007476807 25 25.4179992675781 25.613000869751 25.0919990539551 22.8990001678467 21.7560005187988 19.3080005645752 18.7609996795654 19.0200004577637 16.6319999694824 14.2119998931885 15.0120000839233 15.9779996871948 16.7670001983643 17.7439994812012 18.0209999084473 18.1159992218018 17.1700000762939 15.3690004348755 13.4049997329712 14.201000213623 14.2089996337891 15.9899997711182 17.69700050354 18.1389999389648 18.0300006866455 23.5629997253418 27.5109996795654 28.5090007781982 29.1730003356934 29.0739994049072 27.6599998474121 28.5599994659424
22.3059997558594 22.1690006256104 22.2970008850098 23.9659996032715 25.42799949646 24.0189990997314 23.0069999694824 23.1539993286133 21.363000869751 19.5739994049072 21.4759998321533 22.6410007476807 23.44700050354 24.2910003662109 24.8530006408691 24.7919998168945 23.996000289917 23.0799999237061 21.8320007324219 19.4290008544922 18.5650005340576 18.8990001678467 17.8080005645752 14.3540000915527 14.6389999389648 16.1319999694824 17.8649997711182 18.996000289917 19.1539993286133 18.8509998321533 17.7180004119873 16.7189998626709 14.7239999771118 15.4840002059937 16.1079998016357 17.0990009307861 18.9909992218018 21.2940006256104 22.8379993438721 26.5860004425049 28.8150005340576 29.6639995574951 29.636999130249 29.7159996032715 29.5170001983643 29.32200050354
24.048999786377 23.6499996185303 23.6000003814697 25.1560001373291 26.4489994049072 26.4230003356934 25.6529998779297 25.9029998779297 24.6189994812012 20.0060005187988 20.7549991607666 21.9090003967285 23.0380001068115 23.863000869751 24.318000793457 23.7350006103516 23.2679996490479 22.4869995117188 21.1520004272461 17.3859996795654 17.3129997253418 18.0470008850098 17.1399993896484 13.4370002746582 13.4589996337891 15.8649997711182 15.9770002365112 18.1310005187988 18.7280006408691 18.3229999542236 17.3020000457764 16.8199996948242 15.1669998168945 15.8620004653931 17.4440002441406 18.7329998016357 19.9270000457764 23.0709991455078 27.9599990844727 30.1159992218018 30.5370006561279 30.0349998474121 30.5949993133545 33.8009986877441 33.3969993591309 33.0940017700195
24.753999710083 24.6070003509521 25.0300006866455 26.5510005950928 27.1000003814697 28.4419994354248 28.0939998626709 27.7789993286133 27.3509998321533 22.5429992675781 21.5410003662109 22.0510005950928 21.9379997253418 22.4270000457764 22.7700004577637 22.6049995422363 21.9650001525879 20.7590007781982 20.382999420166 15.335000038147 13.5030002593994 14.1909999847412 13.3870000839233 12.2399997711182 12.7849998474121 14.1379995346069 14.8870000839233 16.9230003356934 17.8810005187988 17.4479999542236 15.9079999923706 15.6999998092651 15.0600004196167 15.9130001068115 17.7019996643066 19.1959991455078 21.0590000152588 24.068000793457 28.5189990997314 30.1749992370605 31.3780002593994 31.42799949646 33.9519996643066 34.4550018310547 33.7379989624023 33.7529983520508
25.1749992370605 25.1159992218018 25.7240009307861 27.3910007476807 29.9559993743896 30.8239994049072 29.7800006866455 28.3390007019043 27.5279998779297 23.6359996795654 21.6809997558594 20.7490005493164 20.6159992218018 20.9680004119873 21.621000289917 21.6159992218018 21.0510005950928 20.2159996032715 17.6110000610352 13.5939998626709 10.7969999313354 12.3870000839233 12.3249998092651 11.8120002746582 12.503999710083 14.2580003738403 14.8190002441406 17.2439994812012 17.1219997406006 16.7369995117188 15.7670001983643 15.2810001373291 15.8889999389648 15.8680000305176 17.8050003051758 18.8479995727539 20.8729991912842 24.488000869751 29.0130004882812 30.9820003509521 31.6679992675781 33.0279998779297 34.5709991455078 35.0870018005371 34.6290016174316 33.9269981384277
25.4969997406006 26.128999710083 27.0219993591309 28.2670001983643 30.4249992370605 31.55299949646 31.9360008239746 29.2549991607666 28.4130001068115 25.6119995117188 18.9479999542236 19.1949996948242 19.4220008850098 19.5659999847412 19.8379993438721 19.9160003662109 19.8850002288818 19.3120002746582 16.5249996185303 12.1000003814697 6.59800004959106 8.42300033569336 11.5389995574951 10.4020004272461 10.9049997329712 13.831000328064 14.2840003967285 15.7200002670288 15.6680002212524 15.2729997634888 15.039999961853 15.1280002593994 14.7150001525879 14.7670001983643 15.9980001449585 16.9529991149902 18.1070003509521 21.306999206543 28.298999786377 30.3299999237061 31.2490005493164 33.1629981994629 34.8769989013672 35.2430000305176 35.2970008850098 34.2700004577637
24.6229991912842 25.1229991912842 26.3460006713867 27.7749996185303 29.0069999694824 30.3279991149902 30.5130004882812 29.0620002746582 28.17799949646 27.2709999084473 23.1299991607666 18.5709991455078 18.3589992523193 18.3759994506836 18.9850006103516 18.4549999237061 18.3619995117188 15.7910003662109 16.382999420166 14.1059999465942 9.22299957275391 11.1879997253418 4.85500001907349 6.26900005340576 10.081000328064 11.6639995574951 12.9989995956421 14.1359996795654 13.7309999465942 13.8979997634888 14.4980001449585 14.3059997558594 13.7600002288818 14.6540002822876 14.9160003662109 16.0459995269775 17.7070007324219 24.7360000610352 29.4810009002686 30.9379997253418 31.1229991912842 33.1030006408691 34.4210014343262 34.5960006713867 34.3409996032715 33.2690010070801
23.2229995727539 23.511999130249 26.2439994812012 27.5540008544922 27.8780002593994 28.8419990539551 28.488000869751 27.9500007629395 26.8840007781982 24.7859992980957 21.242000579834 20.2940006256104 18.3279991149902 16.1609992980957 15.2600002288818 15.4479999542236 13.0550003051758 6.53700017929077 10.081000328064 12.8039999008179 10.7799997329712 5.22599983215332 2.12899994850159 1.80999994277954 5.41900014877319 8.69999980926514 8.37800025939941 11.7950000762939 11.7569999694824 12.1000003814697 12.5839996337891 12.3719997406006 12.206000328064 13.9020004272461 15.043999671936 17.8859996795654 19.6439990997314 26.7929992675781 31.5779991149902 31.4890003204346 31.8929996490479 33.2560005187988 34.0950012207031 34.2190017700195 33.7680015563965 33.0900001525879
22.5340003967285 22.5639991760254 25.30299949646 26.3530006408691 26.7999992370605 27.7840003967285 26.9360008239746 26.5470008850098 24.5879993438721 22.1560001373291 20.3999996185303 19.4869995117188 17.7870006561279 15.5670003890991 14.3830003738403 14.1359996795654 9.12600040435791 5.375 10.03600025177 10.4460000991821 5.98600006103516 2.90799999237061 2.5 1.80599999427795 2.16799998283386 2.3529999256134 4.99200010299683 6.45100021362305 9.23099994659424 9.8769998550415 10.1330003738403 10.7869997024536 10.6660003662109 12.4340000152588 12.9250001907349 15.5249996185303 18.0739994049072 18.4230003356934 29.8990001678467 31.3159999847412 31.1569995880127 31.6630001068115 33.0950012207031 33.6469993591309 33.5530014038086 33.2249984741211
