02_asc_chm-r50m/HS222A.asc
NCOLS 200 
NROWS 199 
XLLCORNER 569630 
YLLCORNER 5221126.5 
CELLSIZE 0.5 
NODATA_value -3.4e+38 
[rows 0 to 19 of 199, columns 92 to 137 of 200]
27.1380004882812 25.1000003814697 23.0629997253418 21.0249996185303 18.988000869751 16.951000213623 14.9130001068115 12.8760004043579 10.83899974823 8.80099964141846 6.76399993896484 4.52299976348877 2.26699995994568 3.32399988174438 16.503999710083 2.61199998855591 1.59300005435944 1.08899998664856 0.0359999984502792 -3.4e+38 -3.4e+38 -3.4e+38 -3.4e+38 -3.4e+38 -3.4e+38 -3.4e+38 -3.4e+38 -3.4e+38 -3.4e+38 -3.4e+38 -3.4e+38 -3.4e+38 -3.4e+38 -3.4e+38 -3.4e+38 -3.4e+38 -3.4e+38 -3.4e+38 -3.4e+38 -3.4e+38 -3.4e+38 -3.4e+38 -3.4e+38 -3.4e+38 -3.4e+38 -3.4e+38
25.9080009460449 25.3320007324219 23.2940006256104 21.2569999694824 19.1919994354248 16.9370002746582 14.6809997558594 12.4259996414185 10.1709995269775 7.91599988937378 5.66099977493286 3.40499997138977 4.7960000038147 15.3120002746582 23.9220008850098 23.9249992370605 13.7550001144409 3.01999998092651 5.23600006103516 10.1280002593994 5.25 0.372000008821487 0.200000002980232 0.232999995350838 0.386999994516373 10.085000038147 22.7880001068115 -3.4e+38 -3.4e+38 -3.4e+38 -3.4e+38 -3.4e+38 -3.4e+38 -3.4e+38 -3.4e+38 -3.4e+38 -3.4e+38 -3.4e+38 -3.4e+38 -3.4e+38 -3.4e+38 -3.4e+38 -3.4e+38 -3.4e+38 -3.4e+38 -3.4e+38
25.7269992828369 25.0400009155273 24.0590000152588 21.181999206543 18.6480007171631 16.1919994354248 13.6870002746582 11.3090000152588 9.05399990081787 6.79899978637695 5.71700000762939 5.71299982070923 8.17099952697754 15 26.9769992828369 26.943000793457 26.4150009155273 17.5809993743896 20.9969997406006 21.3719997406006 17.3589992523193 11.08899974823 4.40000009536743 0.300000011920929 19.826000213623 16.2609996795654 19.0939998626709 30.7240009307861 28.9899997711182 9.33500003814697 27.0370006561279 34.3759994506836 34.9959983825684 35.6150016784668 -3.4e+38 -3.4e+38 -3.4e+38 -3.4e+38 -3.4e+38 -3.4e+38 -3.4e+38 -3.4e+38 -3.4e+38 -3.4e+38 -3.4e+38 -3.4e+38
26.6560001373291 25.4930000305176 25.0900001525879 23.3449993133545 20.4669990539551 17.5890007019043 14.7110004425049 11.8330001831055 9.07100009918213 6.61499977111816 5.77500009536743 6.41599988937378 20.2350006103516 20.8349990844727 29.3439998626709 30.363000869751 29.9389991760254 28.6760005950928 28.5419998168945 28.0970001220703 24.7280006408691 19.9869995117188 13.8649997711182 8.90200042724609 21.8719997406006 29.6350002288818 29.4360008239746 30.4899997711182 30.6159992218018 21.5400009155273 31.3269996643066 34.3520011901855 34.8660011291504 35.5229988098145 35.3269996643066 20.0300006866455 22.4839992523193 -3.4e+38 -3.4e+38 -3.4e+38 -3.4e+38 -3.4e+38 -3.4e+38 -3.4e+38 -3.4e+38 -3.4e+38
26.7800006866455 26.1079998016357 25.6420001983643 25.5069999694824 22.6299991607666 19.7520008087158 16.8740005493164 13.996000289917 11.1180000305176 7.14400005340576 10.6879997253418 14.5129995346069 26.5659999847412 28.4950008392334 30.5480003356934 31.44700050354 31.9990005493164 31.6299991607666 30.2240009307861 29.4260005950928 25.75 28.1270008087158 25.4190006256104 24.9769992828369 29.0030002593994 30.0960006713867 31.5419998168945 32.1349983215332 31.6550006866455 31.9909992218018 33.5410003662109 32.7480010986328 32.5089988708496 34.4679985046387 34.5320014953613 34.1669998168945 32.8380012512207 26.9340000152588 8.10599994659424 9.95100021362305 -3.4e+38 -3.4e+38 -3.4e+38 -3.4e+38 -3.4e+38 -3.4e+38
26.9939994812012 26.7220001220703 26.2399997711182 26.136999130249 24.7929992675781 21.9150009155273 19.0370006561279 16.1590003967285 11.9379997253418 6.53800010681152 17.2670001983643 26.1569995880127 29.6259994506836 31.9309997558594 33.0509986877441 33.3380012512207 33.4519996643066 33.6949996948242 32.148998260498 31.1480007171631 26.8099994659424 27.6060009002686 27.8600006103516 28.6359996795654 29.3640003204346 31.9179992675781 33.5250015258789 33.6990013122559 33.4070014953613 32.8170013427734 32.3950004577637 30.9050006866455 28.1389999389648 32.3650016784668 33.6889991760254 33.6710014343262 32.5009994506836 31.0970001220703 30.0639991760254 19.6830005645752 20.4519996643066 21.1200008392334 -3.4e+38 -3.4e+38 -3.4e+38 -3.4e+38
26.7140007019043 27.2520008087158 26.8549995422363 26.7210006713867 26.5580005645752 24.0779991149902 21.2000007629395 16.7320003509521 14.5290002822876 19.6159992218018 21.5160007476807 28.6389999389648 30.8910007476807 33.0279998779297 34.2350006103516 34.6069984436035 35.1459999084473 34.8320007324219 34.1389999389648 32.7290000915527 29.056999206543 26.9139995574951 27.5160007476807 28.9869995117188 30.1259994506836 32.0209999084473 33.4199981689453 34.076000213623 34.681999206543 34.5530014038086 33.1769981384277 31.4829998016357 31.5410003662109 32.640998840332 33.7729988098145 33.9599990844727 34.064998626709 32.7459983825684 30.8150005340576 29.4249992370605 28.6009998321533 28.6310005187988 28.4080009460449 28.4559993743896 30.5480003356934 -3.4e+38
26.9549999237061 27.2639999389648 27.4519996643066 27.2719993591309 27.1660003662109 26.2409992218018 23.2880001068115 22.5209999084473 24.5960006713867 19.8349990844727 27.8430004119873 28.6919994354248 31.1630001068115 33.6660003662109 35.3580017089844 35.6529998779297 35.8289985656738 35.951000213623 35.3050003051758 34.0670013427734 31.1140003204346 28.1580009460449 28.4729995727539 29.7089996337891 31.6959991455078 33.3479995727539 33.9519996643066 34.3600006103516 35.234001159668 35.3699989318848 34.423999786377 32.7430000305176 32.8040008544922 34.0040016174316 34.4900016784668 34.7210006713867 34.6749992370605 33.9140014648438 33.1780014038086 30.9869995117188 30.0310001373291 30.4699993133545 30.5249996185303 31.988000869751 32.9490013122559 35.4189987182617
26.9489994049072 27.1809997558594 28.7049999237061 29.0620002746582 28.4810009002686 27.9850006103516 27.3980007171631 23.0400009155273 14.2880001068115 20.8700008392334 28.298999786377 29.6720008850098 31.5400009155273 34.9230003356934 36.1080017089844 36.681999206543 36.9420013427734 36.3300018310547 35.0400009155273 33.75 32.9420013427734 29.9370002746582 29.2059993743896 29.8470001220703 31.3290004730225 33.3009986877441 34.5460014343262 35.1650009155273 35.6529998779297 35.3819999694824 34.2449989318848 32.1669998168945 31.4629993438721 33.5439987182617 34.7330017089844 35.0009994506836 35.0579986572266 33.3419990539551 32.8079986572266 31.67799949646 32.1119995117188 32.5009994506836 32.7389984130859 33.2669982910156 33.4210014343262 34.8359985351562
27.9720001220703 28.2089996337891 29.0580005645752 29.9810009002686 29.8910007476807 29.8269996643066 28.4150009155273 28.2320003509521 28.8619995117188 28.8740005493164 28.5599994659424 28.7919998168945 31.8110008239746 34.0740013122559 35.734001159668 36.8390007019043 36.7970008850098 35.7799987792969 34.8139991760254 33.351001739502 32.1969985961914 30.5349998474121 29.6319999694824 30.1200008392334 31.1200008392334 32.6080017089844 33.9179992675781 35.1419982910156 35.5800018310547 35.1290016174316 34.4010009765625 32.7719993591309 31.0820007324219 32.5769996643066 34.2830009460449 34.3800010681152 34.3800010681152 33.556999206543 32.4360008239746 31.9619998931885 32.8769989013672 33.6730003356934 33.7569999694824 33.685001373291 33.5709991455078 33.875
30.5049991607666 30.6669998168945 30.05299949646 31.1110000610352 31.5739994049072 31.8600006103516 31.5319995880127 30.7059993743896 30.7479991912842 30.0769996643066 29.3120002746582 29.0259990692139 31.1070003509521 33.3549995422363 35.056999206543 35.7330017089844 35.8390007019043 34.9519996643066 34.5069999694824 33.306999206543 32.2210006713867 31.0219993591309 30.3659992218018 30.5919990539551 30.6669998168945 32.3800010681152 33.4449996948242 34.5 34.4049987792969 34.435001373291 34.1119995117188 33.4599990844727 32.7910003662109 31.82200050354 32.9329986572266 33.3199996948242 33.5550003051758 33.2239990234375 32.7859992980957 32.0830001831055 33.2649993896484 34.2890014648438 34.976001739502 34.4119987487793 33.6290016174316 33.7360000610352
31.798999786377 31.5919990539551 29.7299995422363 32.181999206543 33.0699996948242 33.1279983520508 32.1059989929199 31.6049995422363 29.423999786377 27.6620006561279 27.8360004425049 28.4130001068115 29.8929996490479 32.6759986877441 33.7430000305176 34.2910003662109 34.3269996643066 33.9970016479492 33.2120018005371 32.2700004577637 31.3229999542236 30.2509994506836 30.1650009155273 30.1420001983643 29.7779998779297 31.1949996948242 32.6520004272461 33.1809997558594 32.9959983825684 33.2130012512207 33.6389999389648 32.5120010375977 31.7549991607666 31.9069995880127 32.3370018005371 32.2620010375977 32.923999786377 32.7200012207031 31.4799995422363 32.5509986877441 33.9000015258789 35.0169982910156 35.2270011901855 34.3310012817383 33.1889991760254 33.0589981079102
31.9899997711182 32.4210014343262 32.0820007324219 34.3339996337891 34.2779998779297 34.2820014953613 33.8600006103516 32.2799987792969 29.8999996185303 29.1770000457764 28.0419998168945 26.7049999237061 29.7099990844727 31.4039993286133 32.5110015869141 32.8979988098145 33.0499992370605 32.6860008239746 32.3019981384277 31.6959991455078 30.0919990539551 29.6509990692139 29.5949993133545 29.6800003051758 29.5419998168945 30.1219997406006 30.7970008850098 32.0929985046387 32.242000579834 32.609001159668 31.6469993591309 30.0440006256104 30.3920001983643 31.7509994506836 32.2760009765625 31.9790000915527 31.9899997711182 31.0189990997314 30.4220008850098 32.435001373291 33.3680000305176 33.7389984130859 33.8359985351562 33.701000213623 32.9690017700195 31.3349990844727
31.7929992675781 33.7789993286133 35.0089988708496 35.1020011901855 35.273998260498 35.0449981689453 33.8759994506836 32.3219985961914 30.5419998168945 30.5069999694824 29.1599998474121 27.1849994659424 27.8299999237061 29.8269996643066 30.6989994049072 31.2490005493164 31.1049995422363 30.5179996490479 30.9659996032715 30.1299991607666 28.1679992675781 28.3950004577637 29.2849998474121 28.7399997711182 28.011999130249 28.4540004730225 29.6140003204346 30.9009990692139 30.9270000457764 31.0629997253418 30.5830001831055 30.056999206543 30.3080005645752 31.4069995880127 31.4260005950928 31.2210006713867 30.0400009155273 28.9829998016357 29.2350006103516 31.5790004730225 32.3380012512207 32.6459999084473 32.9280014038086 32.9659996032715 31.9780006408691 30.7759990692139
32.1879997253418 34.5929985046387 36.0859985351562 36.6749992370605 36.326000213623 35.3569984436035 34.2369995117188 32.9690017700195 31.3139991760254 30.7520008087158 27.6620006561279 25.4419994354248 25.7630004882812 27.0160007476807 28.1399993896484 29.1560001373291 27.6009998321533 27.3269996643066 27.8229999542236 27.882999420166 26.6049995422363 26.8910007476807 28.2849998474121 27.6620006561279 27.2029991149902 26.9230003356934 28.628999710083 29.1350002288818 29.7530002593994 29.7210006713867 29.5219993591309 29.8449993133545 26.9090003967285 24.3959999084473 24.863000869751 29.3209991455078 27.7310009002686 27.8190002441406 28.5960006713867 29.6870002746582 30.318000793457 30.5459995269775 31.371000289917 31.4930000305176 30.8740005493164 29.6410007476807
33.0330009460449 35.4749984741211 35.9150009155273 37.351001739502 37.0209999084473 35.8460006713867 34.5779991149902 33.1940002441406 31.4519996643066 29.3770008087158 25.6539993286133 24.0879993438721 24.306999206543 25.7099990844727 25.1219997406006 24.8780002593994 22.492000579834 22.6280002593994 23.5349998474121 24.5919990539551 25.943000793457 26.0799999237061 26.121000289917 24.8759994506836 24.2719993591309 25.6569995880127 28.4249992370605 29.1959991455078 29.6140003204346 29.818000793457 28.8279991149902 29.1350002288818 18.9230003356934 7.79099988937378 16.3610000610352 25.6679992675781 27.5389995574951 26.3799991607666 26.9290008544922 28.4839992523193 28.7329998016357 29.1469993591309 29.3129997253418 29.4659996032715 29.1900005340576 28.443000793457
32.9650001525879 35.0069999694824 35.0660018920898 36.6189994812012 36.1290016174316 35.5979995727539 34.1829986572266 33.1529998779297 30.7320003509521 28.1450004577637 26.5319995880127 24.2360000610352 25.0130004882812 21.2929992675781 20.3859996795654 21.1450004577637 19.5270004272461 19.798999786377 20.128999710083 20.1660003662109 24.6259994506836 25.0230007171631 26.0790004730225 25.7700004577637 25.9790000915527 28.8719997406006 30.8840007781982 31.3910007476807 30.5809993743896 30.5669994354248 28.8889999389648 23.2189998626709 16.1200008392334 7.21500015258789 10.9469995498657 23.423999786377 23.9449996948242 24.5820007324219 25.7390003204346 27.0060005187988 27.5249996185303 27.2910003662109 26.3610000610352 26.3689994812012 26.1410007476807 27.1609992980957
33.2150001525879 34.4249992370605 34.3390007019043 35.1440010070801 35.023998260498 34.6790008544922 34.2120018005371 33.2949981689453 30.753999710083 28.1280002593994 27.7509994506836 26.9669990539551 26.9659996032715 28.0820007324219 25.8159999847412 24.7639999389648 15.039999961853 14.4010000228882 13.9899997711182 14.5410003662109 21.8190002441406 25.2670001983643 28.4069995880127 29.2609996795654 29.7630004882812 31.3589992523193 32.1069984436035 32.4879989624023 32.2560005187988 31.6140003204346 30.3369998931885 29.746000289917 24.9860000610352 18.2639999389648 23.548999786377 21.5540008544922 17.5799999237061 20.5790004730225 22.0779991149902 23.1550006866455 25.7789993286133 25.4759998321533 24.4740009307861 23.9060001373291 25.8920001983643 27.3320007324219
31.5550003051758 32.9140014648438 33.5209999084473 33.765998840332 34.1640014648438 33.5940017700195 33.5060005187988 32.6710014343262 31.7660007476807 28.5450000762939 28.2689990997314 28.3330001831055 28.6319999694824 29 28.1849994659424 25.7509994506836 12.4320001602173 10.4750003814697 13.1110000610352 18.0979995727539 23.6420001983643 27.6350002288818 29.5200004577637 30.5319995880127 31.0769996643066 32.1860008239746 33.0810012817383 33.1459999084473 32.7210006713867 32.8160018920898 31.8990001678467 30.6180000305176 29.5209999084473 24.9449996948242 25.7880001068115 22.0839996337891 20.0830001831055 18.0060005187988 16.8850002288818 19.2830009460449 22.5400009155273 24.923999786377 24.6849994659424 24.378999710083 25.3780002593994 29.2350006103516
30.6219997406006 31.4009990692139 31.9309997558594 32.242000579834 32.2639999389648 31.4050006866455 31.2000007629395 30.75 29.9519996643066 28.7900009155273 28.9099998474121 29.3309993743896 29.761999130249 29.7600002288818 28.9249992370605 23.9340000152588 23.6469993591309 12.3170003890991 18.507999420166 22.6870002746582 26.8649997711182 29.3120002746582 30.738000869751 31.2590007781982 31.8419990539551 33.1980018615723 34.1440010070801 34.7270011901855 34.4830017089844 34.2610015869141 33.3819999694824 32.6080017089844 30.5349998474121 27.4799995422363 26.5879993438721 24.5270004272461 22.4120006561279 20.3549995422363 18.6569995880127 20.4330005645752 23.5009994506836 25.0599994659424 25.0030002593994 24.9039993286133 25.5429992675781 29.3509998321533
