02_asc_chm-r50m/HS22X6.asc
NCOLS 201 
NROWS 200 
XLLCORNER 568600 
YLLCORNER 5221256 
CELLSIZE 0.5 
NODATA_value -3.4e+38 
[rows 160 to 179 of 200, columns 92 to 137 of 201]
10.7580003738403 10.6909999847412 6.82000017166138 10.1029996871948 13.5749998092651 14.7519998550415 17.1000003814697 17.8430004119873 22.5979995727539 23.378999710083 23.3050003051758 20.8859996795654 20.367000579834 16.0610008239746 15.2290000915527 17.0389995574951 18.423999786377 23.0429992675781 22.4230003356934 22.6060009002686 22.9440002441406 23.4950008392334 23.3199996948242 21.9080009460449 20.2779998779297 18.4409999847412 15.6120004653931 15.8369998931885 15.5880002975464 15.3850002288818 15.4860000610352 14.7729997634888 12.8109998703003 12.1619997024536 11.7980003356934 10.7159996032715 11.0249996185303 15.7229995727539 20.6009998321533 24.4969997406006 27.988000869751 28.2749996185303 30.0659999847412 32.4440002441406 33.0110015869141 32.6559982299805
9.77299976348877 9.87199974060059 8.35200023651123 10.9799995422363 14.3640003204346 15.4919996261597 19.3950004577637 20.7530002593994 23.9330005645752 25.0340003967285 25.2719993591309 23.4160003662109 22.3369998931885 20.3780002593994 14.6999998092651 15.7980003356934 16.2259998321533 19.8390007019043 21.1040000915527 20.3390007019043 20.5830001831055 21.4720001220703 19.0949993133545 16.738000869751 16.7800006866455 14.0349998474121 13.2749996185303 15.1579999923706 15.1090002059937 14.8730001449585 14.8699998855591 14.1280002593994 13.0640001296997 11.7480001449585 8.68000030517578 8.9069995880127 10.6999998092651 17.4459991455078 20.0809993743896 24.1049995422363 26.0130004882812 24.8169994354248 28.0429992675781 31.1590003967285 31.7259998321533 32.3160018920898
9.05000019073486 8.47500038146973 8.60900020599365 10.4580001831055 13.6669998168945 17.5139999389648 20.2119998931885 22.0830001831055 25.2940006256104 27.1909999847412 27.1730003356934 25.7059993743896 22.7789993286133 19.0380001068115 15.9309997558594 15.7390003204346 15.1750001907349 17.3110008239746 17.8419990539551 17.7430000305176 18.8640003204346 18.2080001831055 14.5780000686646 13.3219995498657 12.25 12.5819997787476 13.2840003967285 13.6879997253418 14.206000328064 14.4079999923706 13.8590002059937 12.8839998245239 12.9449996948242 12.7629995346069 10.2720003128052 8.80399990081787 10.1280002593994 13.8000001907349 18.3110008239746 22.4009990692139 24.253999710083 23.9610004425049 28.4629993438721 29.7310009002686 29.4570007324219 30.0690002441406
12.4409999847412 9.17399978637695 9.57800006866455 10.0970001220703 11.5310001373291 16.6620006561279 19.6319999694824 22.0709991455078 26.2830009460449 27.1180000305176 27.3050003051758 26.5639991760254 23.2840003967285 18.1030006408691 16.4459991455078 16.318000793457 16.746000289917 17.6700000762939 17.7390003204346 17.6560001373291 17.0300006866455 15.8459997177124 12.9779996871948 10.9449996948242 11.0869998931885 11.706000328064 12.4300003051758 13.2399997711182 13.6140003204346 13.4049997329712 14.1909999847412 13.1719999313354 13.4010000228882 13.4980001449585 12.4729995727539 7.74900007247925 7.01900005340576 6.80100011825562 16.7830009460449 17.8719997406006 22.07200050354 22.636999130249 26.42799949646 28.0639991760254 27.1299991607666 27.3659992218018
12.3380002975464 10.4020004272461 10.1440000534058 10.7379999160767 11.331000328064 15.2969999313354 18.9740009307861 20.0049991607666 24.2360000610352 26.3689994812012 26.5419998168945 24.9729995727539 22.5750007629395 17.9869995117188 14.2550001144409 18.1520004272461 20.6849994659424 21.2889995574951 19.8400001525879 17.9389991760254 18.7140007019043 16.3740005493164 12.6070003509521 11.0480003356934 9.50100040435791 9.57299995422363 10.5290002822876 13.6020002365112 13.9409999847412 16.2840003967285 17.2679996490479 15.2620000839233 16.6569995880127 17.2530002593994 16.6040000915527 14.1199998855591 8.19099998474121 8.72399997711182 15.2069997787476 15.2919998168945 18.1949996948242 19.4559993743896 20.8139991760254 24.8659992218018 24.2679996490479 25.9009990692139
11.7600002288818 10.1510000228882 9.93599987030029 12.2279996871948 12.7930002212524 13.6850004196167 18.0319995880127 19.9449996948242 23.4039993286133 24.4680004119873 24.8659992218018 23.8819999694824 22.8619995117188 19.4039993286133 17.6110000610352 20.2689990997314 23.9909992218018 25.076000213623 23.1669998168945 20.0930004119873 19.576000213623 19.3129997253418 13.3109998703003 11.0319995880127 8.98600006103516 8.21199989318848 13.7950000762939 15.3059997558594 15.9670000076294 19.1240005493164 18.7229995727539 18.4829998016357 20.2870006561279 20.6429996490479 20.6800003051758 18.5340003967285 13.2639999389648 13.5579996109009 16.048999786377 15.0749998092651 13.0729999542236 14.3520002365112 15.5050001144409 20.632999420166 19.9440002441406 20.8460006713867
11.2209997177124 8.41300010681152 7.71700000762939 10.1680002212524 12.6190004348755 14.4940004348755 15.1120004653931 18.7430000305176 21.4349994659424 21.0809993743896 21.7240009307861 22.7299995422363 21.6979999542236 21.7150001525879 20.8449993133545 22.7059993743896 25.2439994812012 26.173999786377 26.1679992675781 24.9209995269775 20.8369998931885 19.1310005187988 15.1040000915527 12.5950002670288 10.0860004425049 8.82900047302246 12.8479995727539 15.5220003128052 17.4360008239746 21.5960006713867 24.1879997253418 23.0410003662109 24.0240001678467 23.3899993896484 22.6030006408691 21.2770004272461 20.6550006866455 18.193000793457 16.7070007324219 15.8050003051758 11.9429998397827 9.44799995422363 10.0380001068115 15.701000213623 18.0419998168945 17.0580005645752
10.5530004501343 7.10200023651123 7.23400020599365 7.51800012588501 8.21300029754639 6.47700023651123 8.0629997253418 14.6520004272461 17.923999786377 18.7310009002686 20.9090003967285 22.5849990844727 24.3290004730225 26.0729999542236 27.3279991149902 27.9780006408691 27.826000213623 27.496000289917 27.2259998321533 26.5799999237061 23.5389995574951 18.0009994506836 16.4179992675781 13.298999786377 10.1789999008179 10.5729999542236 11.7569999694824 17.7269992828369 20.9780006408691 25.2600002288818 26.298999786377 26.2830009460449 26.9529991149902 26.8269996643066 25.9169998168945 23.6009998321533 21.7970008850098 20.9710006713867 18.4230003356934 16.5839996337891 12.7659997940063 8.79100036621094 10.8140001296997 13.5310001373291 14.5979995727539 14.1730003356934
6.27199983596802 7.81199979782104 8.63199996948242 9.45100021362305 9.17199993133545 7.14599990844727 5.23699998855591 11.2749996185303 16.1749992370605 20.4009990692139 22.742000579834 24.9220008850098 26.42799949646 28.1079998016357 29.0779991149902 29.1459999084473 28.8299999237061 28.7749996185303 28.3500003814697 27.5709991455078 23.2070007324219 17.826000213623 15.7279996871948 10.9899997711182 9.65299987792969 12.5710000991821 17.4519996643066 21.9290008544922 25.9379997253418 27.4500007629395 27.5869998931885 28.7000007629395 29.4230003356934 29.3659992218018 28.128999710083 25.5009994506836 26.613000869751 25.6149997711182 20.9500007629395 18.8560009002686 16.4869995117188 13.7370004653931 13.7810001373291 18.2070007324219 20.1070003509521 19.503999710083
3.94400000572205 9.74600028991699 10.5649995803833 10.6420001983643 9.84200000762939 7.84600019454956 6.16699981689453 7.66800022125244 16.5209999084473 18.7999992370605 22.4810009002686 24.6620006561279 27.4400005340576 29.2409992218018 30.0170001983643 31.1650009155273 30.7199993133545 30.7180004119873 30.3640003204346 29.9659996032715 26.0960006713867 21.0429992675781 16.2189998626709 10.4980001449585 11.1599998474121 14.8269996643066 18.6909999847412 21.0270004272461 25.8740005493164 27.32200050354 28.5470008850098 29.4720001220703 30.4020004272461 30.5209999084473 30.3449993133545 28.9370002746582 27.7129993438721 25.0709991455078 22.6669998168945 18.9020004272461 16.2140007019043 14.6219997406006 14.1840000152588 19.113000869751 21.3190002441406 21.7150001525879
9.23099994659424 10.8760004043579 11.9589996337891 11.7550001144409 10.5120000839233 8.77600002288818 7.09700012207031 6.95699977874756 15.0059995651245 19.3880004882812 21.2670001983643 24.1690006256104 27.7639999389648 29.9109992980957 31.3840007781982 32.3400001525879 32.5789985656738 32.3310012817383 31.2749996185303 29.9930000305176 28.1480007171631 24.1909999847412 19.6580009460449 13.7679996490479 12.9440002441406 16.9500007629395 19.4050006866455 20.1240005493164 25.2180004119873 27.8939990997314 30.7320003509521 33.0330009460449 33.2879981994629 32.9329986572266 32.4799995422363 30.6040000915527 29.19700050354 26.6609992980957 23.7290000915527 20.0370006561279 17.1399993896484 15.6409997940063 14.7729997634888 18.5060005187988 21.6270008087158 27.0139999389648
12.4320001602173 13.0270004272461 12.996000289917 12.8669996261597 11.3859996795654 11.6140003204346 11.664999961853 11.7170000076294 14.3660001754761 18.3859996795654 20.8610000610352 23.9529991149902 26.6590003967285 30.5690002441406 32.0970001220703 32.9879989624023 33.2459983825684 32.5200004577637 31.2840003967285 30.0319995880127 27.9169998168945 24.7700004577637 21.2660007476807 17.0060005187988 15.0100002288818 17.742000579834 21.0279998779297 21.7229995727539 26.1490001678467 27.8390007019043 32.9790000915527 35.1139984130859 35.7569999694824 35.4090003967285 34.939998626709 32.7070007324219 30.0249996185303 27.9009990692139 25.1000003814697 22.5279998779297 18.8229999542236 16.3759994506836 16.0030002593994 21.0750007629395 22.9820003509521 28.1079998016357
17.2900009155273 17.117000579834 16.7810001373291 16.5480003356934 15.8859996795654 16.3740005493164 16.4249992370605 16.4769992828369 17.1480007171631 16.3500003814697 20.1180000305176 25.2980003356934 25.4860000610352 29.8490009307861 31.4610004425049 32.2910003662109 32.5229988098145 32.1399993896484 31.0419998168945 29.9200000762939 28.1079998016357 25.0189990997314 22.7350006103516 20.4330005645752 17.1870002746582 17.3859996795654 20.8470001220703 23.3910007476807 28.4519996643066 28.7180004119873 34.3320007324219 35.5369987487793 37.3600006103516 36.8950004577637 35.1910018920898 33.2210006713867 30.6919994354248 29.1469993591309 26.7290000915527 22.9260005950928 21.5090007781982 20.2859992980957 17.4330005645752 22.8129997253418 25.2469997406006 30.076000213623
20.1840000152588 21.4930000305176 20.7140007019043 18.8369998931885 18.6690006256104 21.492000579834 23.7830009460449 21.2409992218018 23.5 19.0359992980957 22.0359992980957 24.9080009460449 23.6480007171631 27.0189990997314 30.7479991912842 31.6009998321533 31.4109992980957 31.0830001831055 30.5 28.7390003204346 26.6580009460449 23.871000289917 22.2329998016357 15.121000289917 10.2239999771118 17.0480003356934 22.1599998474121 26.3090000152588 29.0429992675781 31.3600006103516 34.1969985961914 36.2589988708496 38.1539993286133 37.5639991760254 35.5909996032715 33.7120018005371 32.318000793457 28.3689994812012 25.5020008087158 22.2089996337891 21.1469993591309 17.1650009155273 17.8640003204346 20.44700050354 26.8850002288818 30.2479991912842
22.0830001831055 21.5779991149902 23.3460006713867 23.9109992980957 26.9360008239746 28.5769996643066 27.0510005950928 24.1089992523193 26.5699996948242 25.2169990539551 25.4099998474121 25.0729999542236 24.8619995117188 27.0240001678467 28.9179992675781 29.2299995422363 30.6189994812012 29.7819995880127 28.738000869751 27.2999992370605 23.5979995727539 21.4360008239746 17.9899997711182 10.0600004196167 11.5349998474121 16.4979991912842 20.8880004882812 26.6790008544922 29.0270004272461 31.2880001068115 33.0880012512207 34.898998260498 36.9889984130859 36.435001373291 35.2680015563965 33.3759994506836 31.3530006408691 28.378999710083 24.8969993591309 21.5590000152588 19.80299949646 18.1720008850098 17.8159999847412 21.4349994659424 26.0279998779297 29.7759990692139
22.7740001678467 22.3899993896484 25.1119995117188 25.3090000152588 27.0340003967285 28.7089996337891 28.8379993438721 28.1529998779297 26.507999420166 26.8719997406006 25.5809993743896 24.7019996643066 24.451000213623 25.9699993133545 27.1700000762939 26.8740005493164 29.326000213623 28.1669998168945 27.2049999237061 25.6679992675781 20.9139995574951 21.4050006866455 17.931999206543 11.3850002288818 11.4930000305176 16.201000213623 17.5990009307861 27.2950000762939 27.7789993286133 29.1919994354248 30.2810001373291 32.9729995727539 35.2120018005371 34.8650016784668 33.8419990539551 32.0859985351562 29.117000579834 25.3999996185303 24.8999996185303 20.4979991912842 17.4069995880127 16.1989994049072 18.9020004272461 22.8040008544922 24.9990005493164 28.0919990539551
24.1700000762939 25.4869995117188 27.8549995422363 27.1860008239746 25.6639995574951 29.1720008850098 29.8579998016357 30.1219997406006 29.378999710083 29.7339992523193 27.1410007476807 25.1490001678467 24.3689994812012 24.2479991912842 24.9699993133545 27.6340007781982 27.7779998779297 26.9829998016357 26.0130004882812 22.9720001220703 21.5659999847412 21.3589992523193 17.3339996337891 12.6499996185303 18.2210006713867 29.7810001373291 28.6919994354248 31.0060005187988 30.1200008392334 28.8010005950928 29.3290004730225 30.1770000457764 32.1469993591309 32.4770011901855 30.7070007324219 29.8600006103516 27.0970001220703 24.5109996795654 22.4559993743896 17.7730007171631 14.5950002670288 15.5469999313354 18.3229999542236 20.6200008392334 23.55299949646 27.3999996185303
27.867000579834 28.8470001220703 28.701000213623 28.0370006561279 26.3090000152588 30.7999992370605 31.6439990997314 31.5830001831055 31.8159999847412 31.2220001220703 29.4669990539551 27.5020008087158 24.4869995117188 25.2970008850098 26.9200000762939 28.2169990539551 28.0729999542236 26.617000579834 24.488000869751 24.0919990539551 22.0659999847412 22.7870006561279 21.6200008392334 21.4249992370605 24.4669990539551 32.9860000610352 34.3330001831055 33.318000793457 33.257999420166 29.9710006713867 27.6100006103516 28.9619998931885 29.2199993133545 29.1040000915527 27.7259998321533 27.5499992370605 24.4619998931885 21.7950000762939 19.7350006103516 16.0869998931885 13.1789999008179 13.2279996871948 14.5629997253418 17.2819995880127 21.0900001525879 24.1959991455078
27.613000869751 29.2789993286133 29.1760005950928 27.4419994354248 28.181999206543 32.3279991149902 33.0960006713867 32.7459983825684 32.5550003051758 31.431999206543 29.6079998016357 28.5669994354248 25.1060009002686 24.0510005950928 26.5820007324219 28.4640007019043 28.6140003204346 28.1979999542236 27.3859996795654 23.5020008087158 21.511999130249 24.9990005493164 27.2660007476807 29.9080009460449 31.7980003356934 33.9860000610352 35.1769981384277 35.0849990844727 34.7669982910156 31.9200000762939 30.5419998168945 29.8570003509521 28.9179992675781 26.6660003662109 24.7430000305176 24.4570007324219 21.7630004882812 19.617000579834 17.8549995422363 15.0469999313354 12.9849996566772 15.5749998092651 16.3010005950928 18.0739994049072 20.9309997558594 27.1909999847412
25.9890003204346 29.1900005340576 29.1240005493164 29.6380004882812 31.6660003662109 33.7729988098145 33.8219985961914 34.6119995117188 34.3720016479492 34.1529998779297 32.0120010375977 31.4020004272461 29.8640003204346 28.6119995117188 27.6770000457764 28.3969993591309 28.9009990692139 28.7970008850098 28.5939998626709 27.9090003967285 28.3279991149902 30.6679992675781 31.7299995422363 32.9290008544922 32.9500007629395 34.6780014038086 36.068000793457 36.4160003662109 34.9640007019043 32.9659996032715 31.4820003509521 30.4750003814697 28.1919994354248 23.8279991149902 21.5200004577637 20.556999206543 19.9230003356934 18.132999420166 16.2310009002686 15.9029998779297 13.835000038147 19.0990009307861 20.9759998321533 21.8419990539551 26.9979991912842 29.7350006103516
