02_asc_chm-r50m/HS22X6.asc
NCOLS 201 
NROWS 200 
XLLCORNER 568600 
YLLCORNER 5221256 
CELLSIZE 0.5 
NODATA_value -3.4e+38 
[rows 80 to 99 of 200, columns 46 to 91 of 201]
14.4329996109009 14.9090003967285 17.257999420166 20.0729999542236 19.5499992370605 16.9069995880127 13.1450004577637 8.92300033569336 6.34999990463257 8.35000038146973 12.6499996185303 16.8619995117188 15.0089998245239 18.2509994506836 21.488000869751 22.3969993591309 21.4529991149902 22.9360008239746 22.9759998321533 21.8090000152588 21.0230007171631 20.2950000762939 19.3990001678467 18.3689994812012 19.5580005645752 21.3279991149902 22.2670001983643 22.0270004272461 21.2970008850098 21.5069999694824 21.4740009307861 23.3150005340576 27.9449996948242 31.75 32.3450012207031 32.5870018005371 31.5219993591309 29.1599998474121 26.3279991149902 28.6019992828369 29.5310001373291 30.1509990692139 30.5389995574951 31.4220008850098 31.8610000610352 30.9090003967285
15.4519996643066 16.2549991607666 17.7329998016357 19.1030006408691 19.2479991912842 18.6709995269775 15.5749998092651 12.9759998321533 9.78999996185303 6.69099998474121 13.1709995269775 17.67799949646 17.761999130249 22.7320003509521 24.1849994659424 23.9150009155273 22.6219997406006 23.7390003204346 24.2520008087158 23.0090007781982 20.4860000610352 19.576000213623 19.2950000762939 19.7409992218018 20.3150005340576 22.9060001373291 23.6879997253418 23.4839992523193 21.8129997253418 21.0049991607666 21.3649997711182 25.0459995269775 30.3369998931885 32.3040008544922 33.3720016479492 33.5250015258789 32.1370010375977 30.8649997711182 27.75 28.2430000305176 27.9360008239746 29.8339996337891 30.2609996795654 30.8640003204346 30.7730007171631 30.492000579834
15.081000328064 17.5429992675781 18.9109992980957 19.5550003051758 19.6319999694824 18.7469997406006 17.3999996185303 14.6459999084473 11.8050003051758 6.44099998474121 14.7469997406006 20.2290000915527 23.2859992980957 24.8369998931885 25.3299999237061 26.0919990539551 24.3500003814697 25.5440006256104 24.5540008544922 23.6420001983643 21.4270000457764 19.5259990692139 19.0879993438721 19.4890003204346 20.4930000305176 22.8610000610352 23.3610000610352 23.7910003662109 22.5340003967285 20.4009990692139 23.1840000152588 26.488000869751 30.6800003051758 32.8540000915527 33.6459999084473 33.8289985656738 32.8569984436035 31.7490005493164 28.3810005187988 27.6119995117188 27.3430004119873 28.8889999389648 29.6229991912842 29.6840000152588 29.621000289917 30.0380001068115
16.6350002288818 18.2490005493164 19.6049995422363 20.4950008392334 20.7940006256104 20.2609996795654 17.7530002593994 14.8769998550415 12.7779998779297 14.4779996871948 19.5230007171631 22.6310005187988 23.7280006408691 25.5289993286133 27.0470008850098 27.2840003967285 27.2959995269775 26.4200000762939 25.201000213623 24.0219993591309 22.1509990692139 19.132999420166 18.2240009307861 19.3339996337891 20.7070007324219 21.636999130249 22.7509994506836 23.1200008392334 21.863000869751 18.9009990692139 21.9020004272461 26.3600006103516 30.4710006713867 31.6560001373291 32.1660003662109 32.6259994506836 32.3769989013672 28.8659992218018 25.6480007171631 26.4769992828369 27.9969997406006 28.5410003662109 28.7609996795654 28.2670001983643 28.261999130249 29.0990009307861
16.0699996948242 18.1299991607666 19.9200000762939 20.798999786377 20.7360000610352 19.3969993591309 16.7740001678467 14.6859998703003 15.0380001068115 17.5709991455078 19.1809997558594 23.7530002593994 25.1240005493164 26.488000869751 28.5820007324219 28.5659999847412 28.2129993438721 27.4769992828369 26.2089996337891 25.6490001678467 23.826000213623 20.3419990539551 19.4200000762939 20.1690006256104 21.1350002288818 21.2740001678467 22.17799949646 22.4389991760254 21.8339996337891 20.257999420166 21.9799995422363 25.3040008544922 29.2280006408691 30.6979999542236 31.0090007781982 31.3959999084473 30.6089992523193 28.7679996490479 24.4379997253418 23.5520000457764 25.863000869751 27.4080009460449 27.5860004425049 26.8010005950928 26.9669990539551 27.7929992675781
15.3459997177124 18.2290000915527 19.4559993743896 20.1359996795654 19.9860000610352 18.9080009460449 17.511999130249 15.7130002975464 14.298999786377 17.6219997406006 20.8199996948242 24.3950004577637 26.0979995727539 27.3419990539551 28.5960006713867 29.0979995727539 29 28.3150005340576 26.9540004730225 26.371000289917 25.4249992370605 22.2469997406006 21.6590003967285 21.0939998626709 21.05299949646 21.9340000152588 23.0179996490479 23.6690006256104 23.4109992980957 22.8680000305176 22.7089996337891 21.875 25.6140003204346 29.1399993896484 29.9610004425049 28.4459991455078 26.0030002593994 23.996000289917 23.1809997558594 22.6660003662109 22.4950008392334 23.8579998016357 25.1639995574951 25.1219997406006 24.8640003204346 25.7940006256104
15.1669998168945 15.923999786377 17.8549995422363 18.4449996948242 18.5410003662109 18.4659996032715 17.3980007171631 15.798999786377 16.6389999389648 17.9610004425049 20.2339992523193 22.7040004730225 25.3640003204346 27.3920001983643 28.30299949646 28.7639999389648 28.5189990997314 28.0909996032715 27.121000289917 25.5690002441406 23.1709995269775 22.5359992980957 21.136999130249 19.3939990997314 21.0440006256104 22.4850006103516 23.5960006713867 24.1700000762939 24.1749992370605 23.7150001525879 22.9839992523193 21.1849994659424 19.7609996795654 23.6299991607666 24.6359996795654 23.326000213623 22.1700000762939 25.5590000152588 24.6030006408691 23.8939990997314 21.2280006408691 19.5669994354248 20.75 21.2119998931885 22.5830001831055 24.1030006408691
13.8800001144409 14.6890001296997 15.9130001068115 16.1299991607666 16.738000869751 15.6199998855591 14.2749996185303 14.2370004653931 14.3769998550415 14.5179996490479 17.1860008239746 23.6030006408691 25.6019992828369 27.2730007171631 27.8659992218018 28.1539993286133 28.0540008544922 27.7630004882812 26.5669994354248 24.798999786377 24.1560001373291 21.67799949646 18.5599994659424 18.2849998474121 21.5599994659424 23.5109996795654 24.6770000457764 25.121000289917 24.5699996948242 23.7740001678467 22.8939990997314 20.7870006561279 17.5849990844727 17.9389991760254 20.3299999237061 24.19700050354 17.7719993591309 24.5270004272461 28.4270000457764 29.0330009460449 24.0919990539551 14.789999961853 19.193000793457 21.4580001831055 21.3929996490479 21.2180004119873
12.3680000305176 14.8109998703003 15.793999671936 15.9270000457764 15.1160001754761 13.75 13.3570003509521 13.5480003356934 13.5670003890991 16.056999206543 17.8799991607666 22.2940006256104 24.1760005950928 25.7910003662109 26.9540004730225 27.6860008239746 28.5069999694824 28.6200008392334 27.1870002746582 24.9529991149902 24.6749992370605 22.4309997558594 20.4799995422363 19.2310009002686 22.1439990997314 23.6840000152588 24.4890003204346 24.867000579834 24.9069995880127 24.3120002746582 23.4710006713867 19.8589992523193 16.3360004425049 16.2940006256104 22.818000793457 25.7310009002686 23.2730007171631 26.8579998016357 29.1770000457764 29.7049999237061 26.8880004882812 17.201000213623 18.3290004730225 22.6529998779297 22.5440006256104 21.5839996337891
13.03600025177 14.8360004425049 16.3759994506836 17.0279998779297 16.386999130249 13.8079996109009 11.0419998168945 12.496000289917 13.3219995498657 15.1120004653931 16.5809993743896 20.0219993591309 22.8110008239746 23.9890003204346 25.1229991912842 26.7339992523193 28.3229999542236 28.4260005950928 27.8920001983643 24.9990005493164 24.0599994659424 22.6229991912842 21.5590000152588 20.0690002441406 20.6749992370605 22.8150005340576 23.5209999084473 23.8139991760254 23.9860000610352 24.007999420166 22.7409992218018 21.3120002746582 18.4659996032715 17.1539993286133 26.1000003814697 28.2320003509521 26.3449993133545 26.4209995269775 30.2609996795654 30.5230007171631 29.5030002593994 25.4610004425049 23.8850002288818 25.0729999542236 25.19700050354 21.8619995117188
17.7210006713867 18.8400001525879 19.1569995880127 18.8729991912842 18.951000213623 17.4820003509521 14.3129997253418 12.4390001296997 13.5109996795654 14.3999996185303 15.0570001602173 18.8589992523193 20.0209999084473 21.7849998474121 24.0769996643066 26.0209999084473 26.7029991149902 26.0310001373291 25.5559997558594 24.375 22.9459991455078 21.4829998016357 19.306999206543 18.5900001525879 19.4559993743896 20.7849998474121 22.1310005187988 22.173999786377 22.7350006103516 22.363000869751 20.4820003509521 19.1709995269775 19.3850002288818 17.2649993896484 25.1620006561279 29.7919998168945 28.55299949646 29.8770008087158 31.7409992218018 32.6650009155273 30.9540004730225 27.5879993438721 26.4440002441406 26.7070007324219 26.4099998474121 25.3190002441406
20.1100006103516 21.2320003509521 20.9080009460449 20.4440002441406 20.3279991149902 19.3169994354248 16.8549995422363 13.621000289917 13.6999998092651 15.3769998550415 16.2950000762939 19.0470008850098 20.2649993896484 20.8950004577637 22.556999206543 25.0230007171631 25.2509994506836 25.25 24.4459991455078 24.0970001220703 22.7490005493164 21.2350006103516 19.0599994659424 16.8560009002686 17.6149997711182 19.5580005645752 20.6730003356934 21.4419994354248 21.492000579834 20.9419994354248 19.5359992980957 19.1480007171631 20.9549999237061 20.378999710083 30.19700050354 29.7159996032715 32.5190010070801 34.0330009460449 33.9620018005371 33.5460014343262 33.0929985046387 30.3299999237061 31.386999130249 26.9619998931885 26.5139999389648 26.8360004425049
21.1790008544922 21.5620002746582 21.8969993591309 21.7290000915527 21.7409992218018 20.4629993438721 19.0799999237061 18.4799995422363 15.331000328064 18.4300003051758 19.3349990844727 20.1609992980957 20.3810005187988 21.3020000457764 22.3110008239746 23.69700050354 24.3740005493164 24.1809997558594 22.306999206543 22.0440006256104 22.1030006408691 20.3980007171631 18.8330001831055 16.9759998321533 18.5160007476807 19.3889999389648 20.1389999389648 20.8780002593994 20.6509990692139 20.7089996337891 20.2709999084473 22.1539993286133 25.7749996185303 29.8020000457764 30.8449993133545 30.4599990844727 32.6370010375977 33.8040008544922 34.5779991149902 34.6290016174316 35.2490005493164 34.6459999084473 33.6510009765625 28.2479991912842 26.75 27.2350006103516
22.4260005950928 22.8910007476807 23.3810005187988 23.2399997711182 22.6359996795654 21.8430004119873 20.2840003967285 19.048999786377 19.6429996490479 19.9150009155273 21.613000869751 22.3460006713867 22.3540000915527 22.8770008087158 22.3880004882812 22.378999710083 22.011999130249 21.8449993133545 20.0310001373291 19.121000289917 19.6630001068115 18.9489994049072 18.07200050354 16.9169998168945 19.951000213623 21.0060005187988 21.1679992675781 21.3169994354248 20.6560001373291 23.0520000457764 24.0069999694824 25.753999710083 26.7280006408691 30.9549999237061 32.3880004882812 32.3610000610352 32.8450012207031 34.931999206543 35.935001373291 36.7050018310547 36.3839988708496 35.2109985351562 33.939998626709 31.4169998168945 31.306999206543 28.2880001068115
23.132999420166 23.9130001068115 24.4459991455078 24.5030002593994 23.2339992523193 22.7679996490479 20.8640003204346 19.5690002441406 19.7800006866455 19.988000869751 22.8449993133545 23.7649993896484 24.6909999847412 25.7859992980957 24.6100006103516 24.0289993286133 23.1439990997314 20.4669990539551 19.2870006561279 18.9400005340576 18.1679992675781 17.3619995117188 17.9109992980957 19.0219993591309 20.7280006408691 21.8269996643066 22.2639999389648 21.4540004730225 21.2910003662109 24.0690002441406 26.0450000762939 26.4629993438721 28.0890007019043 31.6240005493164 33.1269989013672 33.6599998474121 35.0559997558594 36.5419998168945 36.5900001525879 36.7459983825684 36.7089996337891 35.8030014038086 34.3730010986328 33.9720001220703 33.8440017700195 30.3819999694824
22.4029998779297 23.5419998168945 24.1539993286133 23.9979991912842 23.4669990539551 22.5580005645752 21.4790000915527 19.9459991455078 19.6940002441406 22.0849990844727 24.9400005340576 25.1410007476807 26.4689998626709 27.3419990539551 26.7940006256104 26.3810005187988 24.193000793457 20.673999786377 20.1609992980957 18.0480003356934 16.0639991760254 16.1809997558594 17.806999206543 19.1790008544922 20.4740009307861 21.5620002746582 21.9759998321533 21.4220008850098 20.4769992828369 21.9810009002686 24.886999130249 26.0249996185303 28.0610008239746 31.0340003967285 32.9099998474121 33.7140007019043 34.6629981994629 36.1990013122559 36.7220001220703 36.9570007324219 36.9900016784668 36.2680015563965 34.7480010986328 33.226001739502 32.1389999389648 29.8560009002686
21.693000793457 22.7959995269775 23.4790000915527 23.3680000305176 22.6359996795654 21.4549999237061 20.5470008850098 20.4090003967285 23.0510005950928 24.4939994812012 26.5739994049072 28.2830009460449 28.4599990844727 28.3810005187988 27.9169998168945 27.2569999694824 26.875 20.9109992980957 20.6450004577637 19.0709991455078 17.2810001373291 17.3840007781982 18.3159999847412 18.4769992828369 19.076000213623 20.2490005493164 20.8379993438721 19.9689998626709 19.0020008087158 20.2409992218018 22.173999786377 23.9479999542236 26.4650001525879 30.4479999542236 33.2569999694824 33.9970016479492 34.6879997253418 36.1780014038086 36.4329986572266 36.976001739502 36.9109992980957 36.0769996643066 34.3419990539551 31.8929996490479 31.1599998474121 30.2080001831055
21.0580005645752 22.4009990692139 22.4139995574951 22.7329998016357 21.753999710083 20.6110000610352 19.5590000152588 20.6879997253418 23.4340000152588 25.693000793457 27.5979995727539 30.4200000762939 30.3990001678467 29.3540000915527 28.5540008544922 27.5690002441406 24.4780006408691 20.5559997558594 20.4799995422363 19.3390007019043 18.2310009002686 18.4599990844727 18.4750003814697 19.4090003967285 20.0300006866455 20.9780006408691 20.5139999389648 19.9090003967285 19.6979999542236 19.5919990539551 20.2660007476807 25.3269996643066 27.0669994354248 30.6539993286133 32.2270011901855 32.7859992980957 33.6240005493164 35.1040000915527 36.1529998779297 36.8680000305176 35.4249992370605 34.6570014953613 33.814998626709 33.6959991455078 32.7980003356934 31.1049995422363
19.6089992523193 20.9050006866455 20.7269992828369 21.5520000457764 21.2970008850098 20.4150009155273 19.5149993896484 20.3199996948242 24.117000579834 25.2089996337891 28.4090003967285 30.1560001373291 30.613000869751 30.3409996032715 28.8020000457764 27.7800006866455 24.9829998016357 20.5200004577637 19.5979995727539 18.7590007781982 18.1299991607666 19.0750007629395 19.3150005340576 19.9810009002686 21.2759990692139 21.673999786377 20.8269996643066 20.0470008850098 18.753999710083 16.8430004119873 17.1459999084473 18.6009998321533 28.1420001983643 29.3910007476807 30.2970008850098 31.4109992980957 33.4440002441406 34.9650001525879 35.4129981994629 35.4679985046387 34.1220016479492 33.6430015563965 33.367000579834 32.9939994812012 30.9349994659424 30.2059993743896
18.6219997406006 19.2670001983643 19.8150005340576 19.8910007476807 19.9500007629395 20.4060001373291 19.5289993286133 19.0300006866455 24.7740001678467 24.8150005340576 27.3959999084473 29.1480007171631 30.261999130249 29.5240001678467 28.2220001220703 28.1019992828369 24.8139991760254 20.4409999847412 19.511999130249 19.0930004119873 18.7600002288818 19.367000579834 20.5049991607666 21.318000793457 22.2110004425049 22.3519992828369 21.4130001068115 20.44700050354 18.8299999237061 14.3420000076294 13.6520004272461 15.7690000534058 27.8239994049072 28.0270004272461 28.9190006256104 30.7280006408691 33.3040008544922 34.4459991455078 34.060001373291 34.007999420166 33.8460006713867 33.2960014343262 32.4410018920898 32.3819999694824 29.7490005493164 28.1060009002686
