01_datasets/03_gis/02_asc_chm-r50m/BR21X6.asc
NCOLS 200 
NROWS 200 
XLLCORNER 533638 
YLLCORNER 5286339.5 
CELLSIZE 0.5 
NODATA_value -3.4e+38 
[rows 80 to 99 of 200, columns 138 to 183 of 200]
35.6599998474121 35.8419990539551 35.6959991455078 34.5579986572266 33.9539985656738 33.75 32.3400001525879 30.8110008239746 17.7759990692139 16.0060005187988 14.9519996643066 15.1540002822876 11.8879995346069 7.76599979400635 5.74700021743774 7.85599994659424 7.99900007247925 10.9460000991821 12.1870002746582 12.6409997940063 13.1829996109009 13.1049995422363 12.6960000991821 10.8479995727539 9.71300029754639 17.3090000152588 26.6639995574951 27.4729995727539 30.382999420166 30.878999710083 30.7709999084473 30.6840000152588 29.9440002441406 29.0259990692139 27.0319995880127 25.0340003967285 23.6889991760254 23.9549999237061 27.2299995422363 29.7320003509521 29.0419998168945 28.7140007019043 26.4570007324219 25.3729991912842 24.4780006408691 15.4469995498657
36.1599998474121 37.0019989013672 36.7750015258789 35.7550010681152 34.5069999694824 33.6370010375977 33.1440010070801 32.1839981079102 20.8649997711182 23.068000793457 20.556999206543 14.2580003738403 9.54599952697754 7.52799987792969 5.50899982452393 3.94799995422363 8.20699977874756 10.4200000762939 10.3959999084473 12.1599998474121 12.5539999008179 12.4700002670288 12.0430002212524 10.9860000610352 8.89299964904785 11.5430002212524 24.7059993743896 27.9260005950928 29.3020000457764 30.8320007324219 30.867000579834 30.7299995422363 30.2029991149902 29.4200000762939 27.67799949646 26.0230007171631 24.6879997253418 25.488000869751 26.9610004425049 31.1520004272461 31.6860008239746 31.3649997711182 30.0750007629395 26.5739994049072 25.4379997253418 18.7770004272461
36.7239990234375 37.3779983520508 36.9059982299805 35.8429985046387 34.7900009155273 33.5610008239746 32.5429992675781 32.3409996032715 28.8419990539551 22.9270000457764 16.6280002593994 11.3269996643066 9.30799961090088 7.28900003433228 5.27099990844727 3.39599990844727 6.43300008773804 8.16499996185303 8.33199977874756 9.42199993133545 12.0159997940063 12.0640001296997 10.8500003814697 10.5410003662109 8.64000034332275 11.25 23.3010005950928 28.2180004119873 29.8759994506836 30.6830005645752 30.8250007629395 30.8999996185303 30.42799949646 29.0440006256104 26.5930004119873 26.0149993896484 26.0279998779297 26.7040004730225 30.2649993896484 31.625 32.5929985046387 32.7869987487793 31.488000869751 30.2390003204346 25.7849998474121 22.7029991149902
36.189998626709 36.6759986877441 36.798999786377 36.1759986877441 35.2649993896484 34.2639999389648 33.3559989929199 31.9729995727539 17.3190002441406 17.1690006256104 13.1070003509521 11.0979995727539 9.35799980163574 7.61299991607666 5.86899995803833 4.51300001144409 3.37599992752075 6.4520001411438 8.23700046539307 9.13799953460693 10.9329996109009 10.0389995574951 8.44200038909912 9.06400012969971 9.84700012207031 10.8450002670288 16.4740009307861 22.9290008544922 28.9950008392334 29.7719993591309 29.742000579834 29.6959991455078 29.9419994354248 28.9850006103516 26.738000869751 25.992000579834 27.1569995880127 29.5650005340576 31.3530006408691 33.0769996643066 33.7360000610352 33.310001373291 32.5719985961914 31.4580001831055 26.8729991912842 25.4249992370605
35.1559982299805 35.351001739502 35.8689994812012 35.439998626709 34.8320007324219 34.4900016784668 33.3540000915527 30.7509994506836 22.7229995727539 13.8959999084473 13.1579999923706 12.0170001983643 10.8760004043579 9.73499965667725 8.5939998626709 7.45300006866455 6.53999996185303 5.91200017929077 7.58599996566772 7.9210000038147 7.35300016403198 6.7979998588562 8.18200016021729 9.30000019073486 10.3649997711182 11.4289999008179 13.7740001678467 24.2180004119873 27.5809993743896 28.2229995727539 29.0330009460449 29.4820003509521 28.9190006256104 26.8729991912842 25.8999996185303 26.2210006713867 30.5590000152588 32.3549995422363 33.5120010375977 33.810001373291 34.0019989013672 33.5099983215332 33.0069999694824 32.5320014953613 29.3759994506836 28.8290004730225
34.5460014343262 34.9650001525879 34.7789993286133 33.9700012207031 33.9189987182617 34.2369995117188 32.9090003967285 28.6679992675781 22.2609996795654 15.3699998855591 14.6409997940063 13.9119997024536 12.8459997177124 11.3669996261597 9.88700008392334 8.4069995880127 6.92700004577637 6.16300010681152 6.15999984741211 6.48099994659424 6.80100011825562 7.12099981307983 8.04399967193604 9.13500022888184 10.0649995803833 11.0450000762939 12.1090002059937 25.8020000457764 26.8950004577637 27.5750007629395 28.3050003051758 28.1340007781982 27.0779991149902 26.9759998321533 25.8379993438721 24.2749996185303 23.9529991149902 28.9570007324219 33.0820007324219 33.5870018005371 33.7039985656738 33.4809989929199 32.8380012512207 31.7240009307861 30.136999130249 29.8509998321533
33.9749984741211 34.2459983825684 33.4039993286133 32.2999992370605 32.5 33.1389999389648 31.4120006561279 24.6979999542236 19.1459999084473 17.6420001983643 16.1630001068115 14.6829996109009 13.2030000686646 11.7229995727539 10.2440004348755 8.76399993896484 7.28399991989136 6.61499977111816 6.53800010681152 6.80399990081787 7.12400007247925 7.44399976730347 7.90700006484985 8.97399997711182 9.90299987792969 10.8319997787476 11.7609996795654 13.6169996261597 26.0690002441406 26.5510005950928 27.2220001220703 27.05299949646 26.9489994049072 26.6049995422363 24.1189994812012 23.7339992523193 29.7180004119873 32.3460006713867 32.515998840332 32.9980010986328 33.4370002746582 33.298999786377 32.818000793457 32.6590003967285 28.9689998626709 29.0389995574951
33.3269996643066 33.0029983520508 32.5740013122559 31.2350006103516 30.8099994659424 31.5820007324219 29.2840003967285 21.3390007019043 19.6599998474121 17.9990005493164 16.5200004577637 15.039999961853 13.5600004196167 12.0799999237061 10.6009998321533 9.12100028991699 7.64099979400635 7.10699987411499 7.10200023651123 7.1269998550415 7.44700002670288 7.76800012588501 7.76900005340576 8.8120002746582 9.74100017547607 10.6700000762939 11.5989999771118 12.4180002212524 17.4139995574951 26.6900005340576 26.9890003204346 27 26.8400001525879 26.8479995727539 25.7199993133545 23.7740001678467 23.7110004425049 28.4489994049072 31.6800003051758 32.0250015258789 32.9029998779297 32.2519989013672 31.503999710083 31.0149993896484 28.2870006561279 26.8859996795654
31.6389999389648 31.0380001068115 30.6919994354248 30.0470008850098 29.1389999389648 28.878999710083 24.056999206543 20.9890003204346 20.173999786377 18.4950008392334 16.8759994506836 15.3970003128052 13.9169998168945 12.4370002746582 10.9569997787476 9.47799968719482 7.9980001449585 7.6230001449585 7.57499980926514 7.53000020980835 7.77099990844727 8.09099960327148 7.63100004196167 8.65100002288818 9.57999992370605 10.5089998245239 11.2329998016357 12.4709997177124 16.5410003662109 22.4479999542236 27.0249996185303 26.9729995727539 26.4360008239746 22.0389995574951 23.8910007476807 23.681999206543 18.7670001983643 24.5 29.0300006866455 30.8470001220703 31.5869998931885 29.8159999847412 28.9909992218018 27.5919990539551 25.3729991912842 25.8910007476807
27.1529998779297 24.9580001831055 25.8880004882812 27.0750007629395 26.6350002288818 22.1800003051758 20.6529998779297 20.5270004272461 19.7880001068115 19.0090007781982 17.3309993743896 15.7530002593994 14.2740001678467 12.793999671936 11.3140001296997 9.83399963378906 8.42599964141846 8.13899993896484 8.04800033569336 8.1230001449585 8.0939998626709 8.41399955749512 7.49300003051758 8.48900032043457 9.41800022125244 10.0469999313354 10.2379999160767 12.6960000991821 16.7089996337891 21.5130004882812 26.9799995422363 26.3199996948242 21.6380004882812 15.456000328064 17.42799949646 22.6040000915527 21.753999710083 25.257999420166 28.9169998168945 30.4270000457764 29.3400001525879 27.92799949646 26.511999130249 24.2150001525879 24.3199996948242 22.1770000457764
16.8719997406006 12.5100002288818 16.8169994354248 15.7049999237061 14.7049999237061 18.8700008392334 18.5160007476807 19.0270004272461 19.3250007629395 18.5860004425049 17.8449993133545 16.1660003662109 14.6309995651245 13.1510000228882 11.6709995269775 10.1909999847412 8.87800025939941 8.65499973297119 8.54399967193604 8.71700000762939 8.52200031280518 8.7180004119873 7.35599994659424 8.32699966430664 8.86100006103516 9.05099964141846 10.4619998931885 12.9200000762939 16.8770008087158 21.6809997558594 22.798999786377 14.298999786377 16.3770008087158 15.1389999389648 19.1700000762939 23.1270008087158 23.1860008239746 26.3540000915527 29.0049991607666 29.5359992980957 28.1480007171631 26.6270008087158 25.1580009460449 25.1030006408691 23.7940006256104 21.2469997406006
15.6110000610352 12.5579996109009 7.80000019073486 10.2019996643066 15.2670001983643 17.7569999694824 18.2320003509521 16.8889999389648 17.3999996185303 17.7329998016357 17.3850002288818 16.6459999084473 15.0019998550415 13.5080003738403 12.0279998779297 10.5480003356934 9.32900047302246 9.17099952697754 9.0600004196167 9.20300006866455 9.11600017547607 8.99499988555908 7.21799993515015 7.67500019073486 7.86499977111816 8.22900009155273 10.6870002746582 13.1450004577637 17.0459995269775 21.8490009307861 9.39900016784668 12.6549997329712 14.4309997558594 14.9359998703003 17.6380004882812 24.4330005645752 26.1840000152588 26.9370002746582 27.6490001678467 28.0550003051758 28.3719997406006 27.2840003967285 27.1259994506836 24.7700004577637 20.9990005493164 18.4969997406006
14.0710000991821 11.039999961853 8.35700035095215 11.6630001068115 14.1529998779297 16.6439990997314 19.1340007781982 17.4950008392334 15.2620000839233 15.7729997634888 16.1089992523193 16.1830005645752 15.4440002441406 13.8649997711182 12.3850002288818 10.9049997329712 9.79800033569336 9.6870002746582 9.57600021362305 9.67700004577637 9.70899963378906 9.4040002822876 8.89700031280518 6.67999982833862 6.86999988555908 8.45300006866455 10.91100025177 13.3690004348755 17.2140007019043 14.7620000839233 3.15000009536743 10.6479997634888 14.4659996032715 15.1599998474121 15.9849996566772 25.7140007019043 27.8120002746582 27.8570003509521 28.1380004882812 28.9130001068115 29.2320003509521 27.7800006866455 27.7999992370605 26.9820003509521 22.6429996490479 19.625
12.5030002593994 9.44499969482422 8.05900001525879 10.5500001907349 13.039999961853 15.5299997329712 18.0209999084473 19.2040004730225 16.757999420166 14.3120002746582 14.1470003128052 14.4860000610352 14.7220001220703 14.2430000305176 12.7419996261597 11.2620000839233 10.3140001296997 10.2030000686646 10.0920000076294 10.1079998016357 10.076000213623 9.79500007629395 8.15499973297119 6.72100019454956 6.21999979019165 8.67800045013428 11.1359996795654 13.5939998626709 17.3819999694824 8.54800033569336 7.5460000038147 10.7510004043579 16.8729991912842 18.9990005493164 19.1940002441406 24.8470001220703 26.7159996032715 28.8729991912842 29.2259998321533 29.3549995422363 29.3090000152588 28.871000289917 28.4009990692139 27.7889995574951 26.0620002746582 20.44700050354
10.6429996490479 8.18000030517578 8.2810001373291 9.7189998626709 11.9270000457764 14.4169998168945 16.9069995880127 19.3980007171631 18.4669990539551 16.0209999084473 13.5749998092651 12.5200004577637 12.8620004653931 13.0989999771118 13.0410003662109 11.6190004348755 10.8299999237061 10.7189998626709 10.326000213623 10.2299995422363 12.0150003433228 11.4779996871948 9.76000022888184 8.7209997177124 5.36800003051758 6.87099981307983 10.548999786377 13.8179998397827 13.9469995498657 13.1479997634888 13.1169996261597 14.7239999771118 23.6669998168945 24.2199993133545 22.2929992675781 24.9270000457764 27.3850002288818 29.5139999389648 30.423999786377 30.5629997253418 30.3560009002686 29.3110008239746 28.9069995880127 27.7970008850098 24.9389991760254 20.9909992218018
9.52400016784668 7.84100008010864 8.13700008392334 10.003999710083 11.4409999847412 13.3039999008179 15.793999671936 18.2840003967285 20.1760005950928 17.7299995422363 15.2840003967285 12.8380002975464 10.8940000534058 11.2390003204346 11.4759998321533 11.7119998931885 11.2270002365112 10.9540004730225 11.0699996948242 11.4390001296997 13.6199998855591 13.8800001144409 12.3129997253418 13.6770000457764 5.77299976348877 9.80599975585938 15.3459997177124 23.1490001678467 27.6040000915527 28.2199993133545 24.2150001525879 27.0729999542236 27.742000579834 25.8460006713867 23.8819999694824 27.2439994812012 28.8659992218018 29.5370006561279 30.9699993133545 31.6340007781982 31.4039993286133 30.5139999389648 29.2299995422363 27.8169994354248 25.6079998016357 21.8649997711182
7.10300016403198 8.01299953460693 9.94499969482422 8.43000030517578 11.9099998474121 13.1639995574951 14.6809997558594 17.1709995269775 19.6609992980957 19.4389991760254 16.9930000305176 14.5469999313354 12.1009998321533 9.65499973297119 9.61600017547607 10.1850004196167 11.4580001831055 11.8629999160767 13.4610004425049 13.1850004196167 14.9469995498657 15.548999786377 15.8529996871948 16.2910003662109 9.92700004577637 15.5520000457764 22.9489994049072 26.117000579834 27.5279998779297 28.556999206543 28.9179992675781 28.7980003356934 28.4029998779297 27.2859992980957 24.5860004425049 27.3419990539551 29.4230003356934 30.0240001678467 31.3990001678467 31.9540004730225 31.632999420166 30.6809997558594 29.07200050354 27.798999786377 25.6340007781982 22.5930004119873
6.91699981689453 8.84899997711182 10.7810001373291 12.6269998550415 8.72299957275391 11.1579999923706 15.0369997024536 16.3229999542236 18.5480003356934 21.0380001068115 18.7019996643066 16.2560005187988 13.8100004196167 11.3640003204346 8.91800022125244 10.0419998168945 10.6070003509521 11.4060001373291 13.4589996337891 14.2670001983643 15.4420003890991 16.0830001831055 16.5300006866455 16.4829998016357 16.2560005187988 18.3159999847412 24.3990001678467 26.4349994659424 27.9610004425049 29.2639999389648 29.4419994354248 29.3279991149902 28.9689998626709 28.4309997558594 27.0429992675781 27.8299999237061 29.4099998474121 30.1770000457764 31.1590003967285 31.3929996490479 30.9990005493164 30.1690006256104 28.9540004730225 28.1119995117188 26.0240001678467 22.9090003967285
7.75299978256226 9.6850004196167 11.6169996261597 13.548999786377 12.9200000762939 9.01500034332275 9.95499992370605 16.242000579834 18.0739994049072 19.9249992370605 20.4109992980957 17.9650001525879 15.5190000534058 14.58899974823 12.0500001907349 9.90200042724609 11.1339998245239 12.2040004730225 13.5410003662109 14.4370002746582 15.4180002212524 15.7840003967285 16.068000793457 16.1609992980957 19.8290004730225 22.0440006256104 25.4790000915527 27.0949993133545 28.6450004577637 29.5779991149902 29.7390003204346 29.7180004119873 29.2709999084473 28.5900001525879 28.0109996795654 27.4489994049072 28.6580009460449 29.1730003356934 30.3250007629395 30.3020000457764 30.17799949646 30.3290004730225 28.5429992675781 28.2469997406006 25.3400001525879 21.8390007019043
8.58800029754639 10.5209999084473 12.4530000686646 14.3850002288818 16.3169994354248 13.2130002975464 9.30799961090088 8.75300025939941 15.039999961853 20.0990009307861 21.3020000457764 19.9379997253418 21.5189990997314 21.2119998931885 18.3279991149902 15.2229995727539 15.1400003433228 11.7150001525879 11.6820001602173 14.0209999084473 15.1339998245239 15.0819997787476 15.4139995574951 14.8120002746582 12.8900003433228 21.9689998626709 25.7679996490479 27.7070007324219 28.7770004272461 29.7180004119873 30.3899993896484 30.2770004272461 29.6959991455078 29.1700000762939 28.4139995574951 27.2800006866455 28.0109996795654 28.5610008239746 28.9290008544922 29.0799999237061 29.0750007629395 28.4680004119873 27.9780006408691 27.7730007171631 23.613000869751 23.128999710083
