01_datasets/03_gis/02_asc_chm-r50m/BR212B.asc
NCOLS 200 
NROWS 200 
XLLCORNER 525880.5 
YLLCORNER 5297314.5 
CELLSIZE 0.5 
NODATA_value -3.4e+38 
[rows 60 to 79 of 200, columns 92 to 137 of 200]
19.0270004272461 20.242000579834 20.318000793457 19.9489994049072 16.3600006103516 16.5839996337891 16.42799949646 15.4340000152588 8.67300033569336 5.33900022506714 18.0459995269775 22.6840000152588 22.8299999237061 22.6410007476807 22.8920001983643 23.7870006561279 24.5020008087158 25.4379997253418 26.8950004577637 28.1550006866455 28.7169990539551 27.8910007476807 27.6749992370605 28.8850002288818 29.7129993438721 29.8579998016357 29.9950008392334 28.6609992980957 27.9799995422363 27.4130001068115 27.5559997558594 27.4939994812012 24.9619998931885 24.8269996643066 22.5419998168945 20.30299949646 19.5590000152588 19.0480003356934 17.5389995574951 15.9370002746582 16.8729991912842 18.2770004272461 18.4440002441406 18.6870002746582 17.4869995117188 20.2360000610352
20.3999996185303 20.8290004730225 22.0370006561279 21.173999786377 20.8780002593994 19.632999420166 16.2150001525879 15.5640001296997 13.5799999237061 15.0880002975464 22.3239994049072 23.4419994354248 23.4230003356934 23.5979995727539 23.6749992370605 23.7840003967285 24.8850002288818 26.0779991149902 26.4459991455078 28.0319995880127 29.0160007476807 29.1550006866455 29.5109996795654 29.3209991455078 29.2770004272461 29.3959999084473 28.8229999542236 27.4150009155273 27.0639991760254 26.6389999389648 26.1270008087158 27.0349998474121 26.6580009460449 26.5429992675781 24.5160007476807 22.1599998474121 20.4120006561279 20.9340000152588 19.8479995727539 19.5699996948242 20.576000213623 21.8479995727539 19.5319995880127 19.3150005340576 22.003999710083 23.7840003967285
22.1359996795654 23.8929996490479 24.8059997558594 21.9150009155273 21.2450008392334 20.7530002593994 16.2409992218018 15.5729999542236 16.8509998321533 18.3719997406006 21.5310001373291 22.7430000305176 23.6730003356934 24.1049995422363 24.2970008850098 25.2210006713867 25.8509998321533 26.7709999084473 27.2110004425049 28.7099990844727 29.3840007781982 30.0130004882812 30.7280006408691 30.7169990539551 29.7070007324219 29.3050003051758 28.4969997406006 27.0359992980957 27.0139999389648 26.8990001678467 25.7810001373291 25.9160003662109 26.0259990692139 26.9330005645752 27.0699996948242 25.4200000762939 25.7740001678467 24.8059997558594 22.0400009155273 21.0979995727539 22.2000007629395 23.318000793457 23.7959995269775 22.6919994354248 24.326000213623 24.1590003967285
25.9179992675781 25.8980007171631 25.7080001831055 22.5249996185303 21.7950000762939 19.8799991607666 17.1480007171631 16.0189990997314 12.9940004348755 10.9069995880127 18.988000869751 23.2600002288818 23.5410003662109 23.9699993133545 24.2369995117188 24.94700050354 25.3649997711182 26.6410007476807 28.1940002441406 28.4060001373291 29.1259994506836 30.0520000457764 31.3349990844727 31.3159999847412 30.05299949646 29.3339996337891 28.7399997711182 28.0930004119873 26.7609996795654 26.5590000152588 26.0259990692139 26.007999420166 25.9869995117188 28.0189990997314 28.1639995574951 27.3229999542236 27.1550006866455 25.1009998321533 21.6840000152588 22.0240001678467 21.4270000457764 22.6569995880127 24.0729999542236 24.8309993743896 25.2310009002686 24.9799995422363
26.4669990539551 26.1550006866455 25.9050006866455 23.3129997253418 22.1310005187988 19.875 18.2329998016357 16.2210006713867 8.69699954986572 8.91300010681152 19.2670001983643 23.1219997406006 23.4640007019043 23.6019992828369 23.5900001525879 23.6720008850098 24.3390007019043 26.1410007476807 27.7810001373291 28.7819995880127 28.9780006408691 30.2530002593994 31.2679996490479 30.7709999084473 29.6760005950928 29.1660003662109 28.6429996490479 27.3099994659424 25.8700008392334 25.8980007171631 26.0470008850098 26.6229991912842 27.8190002441406 28.55299949646 28.7220001220703 27.367000579834 26.8889999389648 26.326000213623 25.2740001678467 24.7600002288818 22.5979995727539 22.4160003662109 23.8680000305176 25.1790008544922 25.7360000610352 25.5179996490479
27.7560005187988 26.9829998016357 26.1760005950928 25.1399993896484 23.4580001831055 19.8010005950928 18.9869995117188 18.6560001373291 15.1800003051758 8.17300033569336 18.4759998321533 22.6240005493164 23.1840000152588 23.4540004730225 23.4529991149902 23.5170001983643 24.5979995727539 26.0699996948242 27.2040004730225 28.4330005645752 28.4050006866455 29.492000579834 29.7360000610352 29.375 29.007999420166 29.0410003662109 27.57200050354 25.8150005340576 25.6720008850098 26.0109996795654 26.8509998321533 27.7409992218018 28.6989994049072 29.1219997406006 28.3640003204346 27.0480003356934 26.8570003509521 26.0690002441406 25.1340007781982 25.0970001220703 23.8439998626709 23.386999130249 23.8600006103516 25.0890007019043 25.6429996490479 25.7110004425049
28.2040004730225 28.0090007781982 26.9680004119873 26.1159992218018 23.4190006256104 19.5540008544922 17.8209991455078 18.3840007781982 13.3649997711182 8.41399955749512 18.2789993286133 20.2859992980957 22.1609992980957 22.2199993133545 22.8680000305176 22.8889999389648 25.0809993743896 26.386999130249 26.6879997253418 27.6389999389648 28.0550003051758 29.1310005187988 29.5580005645752 29.2329998016357 29.0590000152588 28.8859996795654 27.5769996643066 26.0949993133545 26.4580001831055 26.8649997711182 27.3309993743896 27.4860000610352 28.6259994506836 29.0139999389648 28.2040004730225 26.7509994506836 26.5270004272461 25.8190002441406 24.7119998931885 24.0400009155273 23.0540008544922 23.0170001983643 23.3850002288818 25.056999206543 25.253999710083 25.4050006866455
27.7730007171631 27.2849998474121 26.886999130249 26.2000007629395 24.4099998474121 18.0240001678467 16.5779991149902 15.8100004196167 9.23900032043457 8.65499973297119 8.12199974060059 10.0679998397827 16.9139995574951 17.4109992980957 21.3929996490479 21.4540004730225 23.9260005950928 25.5909996032715 25.4200000762939 26.3199996948242 27.8770008087158 28.0139999389648 28.5429992675781 28.9659996032715 28.1690006256104 27.806999206543 26.3850002288818 25.7569999694824 26.6119995117188 26.9580001831055 27.3010005950928 27.246000289917 27.0550003051758 27.6679992675781 27.0429992675781 26.55299949646 26.0890007019043 25.3199996948242 23.9669990539551 23.0459995269775 22.6700000762939 22.238000869751 22.4710006713867 24.0650005340576 24.2450008392334 24.4379997253418
27.068000793457 26.6909999847412 26.7180004119873 24.0209999084473 21.9099998474121 18.136999130249 15.4329996109009 11.4169998168945 9.49300003051758 7.99499988555908 8.48700046539307 9.90499973297119 10.6929998397827 10.8109998703003 21.0590000152588 21.9740009307861 23.5310001373291 24.1949996948242 23.9699993133545 23.7870006561279 25.9200000762939 27.3899993896484 27.1189994812012 27.132999420166 26.8010005950928 27.3110008239746 26.2880001068115 26.19700050354 27.3910007476807 27.1879997253418 27.4930000305176 27.511999130249 26.2509994506836 26.0279998779297 26.1439990997314 26.2549991607666 26.30299949646 25.5419998168945 24.0130004882812 22.5860004425049 22.318000793457 21.9540004730225 21.8540000915527 23.6030006408691 22.9589996337891 22.8290004730225
25.9629993438721 26.1439990997314 25.3950004577637 21.363000869751 20.7310009002686 19.4750003814697 17.6989994049072 13.4479999542236 11.9069995880127 8.74600028991699 8.60900020599365 8.87199974060059 9.81599998474121 11.4589996337891 19.8999996185303 21.8700008392334 22.5650005340576 22.9640007019043 23.2560005187988 23.0400009155273 24.4820003509521 25.378999710083 26.1550006866455 25.3980007171631 25.1410007476807 25.8719997406006 26.25 27.2980003356934 28.5349998474121 29.2299995422363 28.7609996795654 28.121000289917 26.6459999084473 25.1909999847412 25.1800003051758 25.7430000305176 24.0020008087158 24.3470001220703 23.1800003051758 22.4559993743896 22.1700000762939 21.2119998931885 21.556999206543 22.2679996490479 21.6380004882812 21.5389995574951
24.9440002441406 24.0520000457764 22.0330009460449 21.2719993591309 20.9290008544922 20.3880004882812 17.7889995574951 16.673999786377 14.1079998016357 7.48099994659424 8.5649995803833 8.37100028991699 8.29399967193604 8.63500022888184 11.8159999847412 16.0179996490479 21.681999206543 22.056999206543 21.9729995727539 22.5139999389648 21.8090000152588 21.3449993133545 22.9570007324219 24.4309997558594 24.798999786377 25.0919990539551 26.1439990997314 27.3810005187988 29.068000793457 29.7959995269775 29.7830009460449 29.0729999542236 27.2049999237061 25.1749992370605 25.1480007171631 24.17799949646 21.4659996032715 21.3939990997314 21.621000289917 20.8099994659424 19.7479991912842 19.2439994812012 20.3290004730225 20.6879997253418 20.7089996337891 20.806999206543
22.3549995422363 21.1389999389648 20.8059997558594 20.8530006408691 20.6630001068115 20.1380004882812 17.8169994354248 14.1960000991821 11.2959995269775 8.14799976348877 8.34200000762939 8.24899959564209 8.07999992370605 8.10999965667725 8.20600032806396 11.826000213623 17.8649997711182 20.3050003051758 18.8040008544922 21.7520008087158 21.7329998016357 21.2369995117188 20.4179992675781 21.6180000305176 23.5149993896484 24.6609992980957 25.0709991455078 26.8129997253418 28.5939998626709 29.4200000762939 30.0799999237061 29.0839996337891 28.1870002746582 26.6420001983643 25.4759998321533 23.2639999389648 21.6469993591309 21.0069999694824 20.9150009155273 18.0289993286133 17.431999206543 18.0799999237061 19.9340000152588 20.7409992218018 20.6359996795654 19.548999786377
21.1060009002686 19.5830001831055 19.4720001220703 19.6110000610352 20.2999992370605 19.4249992370605 16.1259994506836 11.2370004653931 8.69499969482422 8.46000003814697 8.0939998626709 7.89599990844727 7.84100008010864 7.91099977493286 8.32400035858154 8.40799999237061 8.43099975585938 15.6619997024536 9.7810001373291 12.2309999465942 20.996000289917 20.1889991760254 19.0030002593994 20.1499996185303 21.9370002746582 23.5590000152588 25.9689998626709 26.7900009155273 27.7530002593994 29.0160007476807 29.1679992675781 28.6650009155273 27.3810005187988 26.0209999084473 25.0979995727539 23.5809993743896 22.1660003662109 21.7250003814697 19.9039993286133 17.3980007171631 17.3369998931885 17.9419994354248 20.0109996795654 20.613000869751 17.44700050354 17.0289993286133
20.5 16.9559993743896 18.6060009002686 18.2150001525879 19.056999206543 16.5909996032715 11.6490001678467 8.96500015258789 8.84200000762939 8.4379997253418 7.83400011062622 7.19399976730347 7.32100009918213 7.46199989318848 8.52400016784668 8.72599983215332 8.70499992370605 8.3769998550415 8.0649995803833 7.1399998664856 12.2639999389648 17.1499996185303 19.4610004425049 20.2689990997314 22.1049995422363 21.9810009002686 25.2689990997314 26.4820003509521 26.5620002746582 27.4869995117188 27.8889999389648 27.6219997406006 26.8570003509521 25.7169990539551 24.5419998168945 24.2450008392334 22.7159996032715 21.5270004272461 18.7099990844727 17.2530002593994 16.9729995727539 16.632999420166 18.7450008392334 19.0289993286133 18.2089996337891 17.4479999542236
19.9249992370605 8.93400001525879 14.58899974823 17.6459999084473 16.8279991149902 16.3610000610352 10.3950004577637 9.01599979400635 8.52400016784668 7.96700000762939 7.53200006484985 6.92999982833862 6.54099988937378 6.97399997711182 8.47599983215332 8.99699974060059 8.83399963378906 8.03499984741211 7.58599996566772 7.46500015258789 6.45599985122681 9.07400035858154 16.371000289917 21.996000289917 21.6469993591309 22.2049999237061 24.3589992523193 25.4160003662109 25.3390007019043 25.7329998016357 26.6560001373291 26.6359996795654 26.1060009002686 26.0830001831055 25.9209995269775 25.242000579834 24.1529998779297 22.5729999542236 18.6219997406006 16.9260005950928 17.1049995422363 14.7709999084473 13.4230003356934 13.6319999694824 18.8339996337891 16.9759998321533
18.2900009155273 14.0550003051758 17.6879997253418 16.757999420166 13.4010000228882 12.6409997940063 8.85099983215332 4.3600001335144 7.03299999237061 6.49100017547607 6.90399980545044 7.03200006484985 6.66599988937378 6.85300016403198 8.42599964141846 9.15100002288818 9.04699993133545 7.50799989700317 6.18800020217896 6.47399997711182 5.03000020980835 6.59600019454956 12.7130002975464 18.8290004730225 21.25 21.3540000915527 23.451000213623 24.4309997558594 24.6490001678467 25.1439990997314 25.7849998474121 26.1459999084473 26.1399993896484 26.8680000305176 25.8269996643066 25.6959991455078 24.8390007019043 22.5620002746582 20.1900005340576 17.4150009155273 19.3050003051758 13.0069999694824 7.41200017929077 17.0790004730225 23.4459991455078 21.878999710083
17.6709995269775 17.5259990692139 17.7150001525879 16.7329998016357 12.6389999389648 15.5089998245239 10.7180004119873 6.67500019073486 4.44500017166138 4.86899995803833 5.34200000762939 6.2020001411438 7.10200023651123 7.57200002670288 8.46700000762939 9.23999977111816 5.51000022888184 4.6560001373291 3.1470000743866 4.09999990463257 7.19899988174438 9.12899971008301 10.9119997024536 17.246000289917 20.7689990997314 23.007999420166 23.5860004425049 24.1310005187988 24.4979991912842 25.9409999847412 26.2819995880127 26.173999786377 26.7409992218018 27.6860008239746 26.9209995269775 26.1060009002686 25.3379993438721 22.2880001068115 21.3099994659424 21.2290000915527 16.6639995574951 5.08099985122681 9.77499961853027 24.068000793457 25.3600006103516 25.5620002746582
19.4680004119873 19.2140007019043 18.1580009460449 17.6709995269775 18.7450008392334 19.2320003509521 19.1949996948242 9.45100021362305 6.33400011062622 5.09899997711182 5.4229998588562 5.74700021743774 6.72200012207031 7.58500003814697 8.0319995880127 8.78800010681152 2.90799999237061 2.89299988746643 3.5239999294281 7.5479998588562 10.1709995269775 12.793999671936 16.9109992980957 18.8460006713867 19.2000007629395 23.2759990692139 23.576000213623 23.6889991760254 25 26.2110004425049 26.951000213623 27.8969993591309 28.9559993743896 27.7950000762939 27.6749992370605 26.9069995880127 26.4290008544922 24.5659999847412 24.4899997711182 21.6609992980957 20.1749992370605 13.7840003967285 20.5559997558594 22.4160003662109 24.4820003509521 25.621000289917
19.886999130249 19.6019992828369 18.6849994659424 17.7439994812012 15.3620004653931 16.5750007629395 17.7719993591309 12.0170001983643 5.94999980926514 5.56400012969971 5.24900007247925 5.42199993133545 5.93800020217896 6.18800020217896 7.25699996948242 3.36500000953674 3.28699994087219 2.98099994659424 4.47800016403198 5.69899988174438 6.7039999961853 10.9910001754761 15.326000213623 18.6790008544922 21.7560005187988 23.7199993133545 23.7980003356934 24.8570003509521 24.6650009155273 27.0310001373291 28.4559993743896 29.201000213623 28.8950004577637 28.4740009307861 28.3269996643066 28.0960006713867 27.6840000152588 27.2840003967285 24.7509994506836 21.2199993133545 19.9050006866455 13.5900001525879 10.8970003128052 19.742000579834 21.6539993286133 24.3040008544922
19.8409996032715 19.6560001373291 19.4500007629395 19.4570007324219 16.8090000152588 16.2369995117188 18.1089992523193 17.69700050354 11.5590000152588 6.25 5.80900001525879 5.53700017929077 5.3600001335144 5.53900003433228 3.82100009918213 3.63499999046326 3.32800006866455 3.17899990081787 4.82200002670288 7.40500020980835 7.93100023269653 8.45699977874756 9.88399982452393 15.4890003204346 19.0919990539551 22.8390007019043 22.9990005493164 25.8099994659424 26.9899997711182 28.2819995880127 29.0459995269775 30.3320007324219 30.693000793457 30.0939998626709 28.9829998016357 28.9249992370605 27.2390003204346 25.9720001220703 25.0179996490479 21.8229999542236 21.1900005340576 15.125 7.21700000762939 17.2810001373291 20.17799949646 20.3910007476807
