01_datasets/03_gis/02_asc_chm-r50m/BR211X.asc
NCOLS 200 
NROWS 200 
XLLCORNER 531218 
YLLCORNER 5292345 
CELLSIZE 0.5 
NODATA_value -3.4e+38 
[rows 40 to 59 of 200, columns 138 to 183 of 200]
0.221000000834465 1.59099996089935 3.68099999427795 4.21299982070923 5.52400016784668 6.40500020980835 6.22100019454956 6.02699995040894 5.24200010299683 2.7039999961853 2.09400010108948 1.48500001430511 1.35800004005432 1.47500002384186 1.12300002574921 0.540000021457672 1.31700003147125 3.42799997329712 6.11199998855591 8.38399982452393 9.27499961853027 10.1759996414185 10.8120002746582 11.0100002288818 20.0109996795654 27.3780002593994 28.9120006561279 29.8939990997314 35.6570014953613 37.6730003356934 40.3310012817383 41.9189987182617 42.6199989318848 42.5349998474121 41.6599998474121 39.7089996337891 39.5870018005371 38.3950004577637 30.2259998321533 27.8419990539551 23.2159996032715 21.1679992675781 -3.4e+38 -3.4e+38 -3.4e+38 -3.4e+38
1.32599997520447 1.36300003528595 2.65000009536743 4.19500017166138 4.99300003051758 6.60099983215332 6.72900009155273 6.4210000038147 5.47700023651123 3.48399996757507 3.05599999427795 2.58500003814697 1.61800003051758 1.04900002479553 0.867999970912933 0.428000003099442 1.56900000572205 3.1470000743866 3.75500011444092 6.94899988174438 7.21500015258789 7.35699987411499 8.0629997253418 18.1459999084473 23.1100006103516 26.0380001068115 26.6310005187988 27.2560005187988 35.6040000915527 40.1640014648438 41.9659996032715 42.7120018005371 43.2070007324219 43.1829986572266 42.3030014038086 40.3450012207031 39.8849983215332 39.7159996032715 31.298999786377 28.4230003356934 22.5909996032715 27.6380004882812 26.5930004119873 -3.4e+38 -3.4e+38 -3.4e+38
1.97200000286102 1.74199998378754 1.34200000762939 2.61999988555908 3.91700005531311 4.52299976348877 5.84800004959106 5.33799982070923 5.10300016403198 3.65700006484985 3.26300001144409 2.44099998474121 0.734000027179718 0.238000005483627 0.224999994039536 0.188999995589256 0.52700001001358 1.87100005149841 2.92700004577637 3.68600010871887 4.55600023269653 4.65500020980835 5.34200000762939 23.7290000915527 22.7730007171631 22.6270008087158 25.0300006866455 29.6529998779297 33.9469985961914 40.3569984436035 41.8450012207031 42.6959991455078 42.9650001525879 43.3250007629395 43.2919998168945 41.8819999694824 39.8899993896484 38.6650009155273 30.6000003814697 32.8730010986328 25.2810001373291 30.4139995574951 30.996000289917 30.7810001373291 -3.4e+38 -3.4e+38
1.23199999332428 1.12300002574921 0.818000018596649 0.717000007629395 3.04200005531311 3.83899998664856 4.04500007629395 3.91499996185303 3.73699998855591 3.27999997138977 2.96499991416931 1.97800004482269 1.3400000333786 0.700999975204468 0.300000011920929 0.273000001907349 0.564999997615814 1.43700003623962 2.04399991035461 3.29200005531311 4.12200021743774 10.1099996566772 19.4969997406006 25.0300006866455 24.3120002746582 24.0249996185303 27.3040008544922 30.2940006256104 32.9370002746582 39.201000213623 40.1940002441406 41.6290016174316 42.3339996337891 42.359001159668 42.2970008850098 41.2729988098145 39.8129997253418 39.1759986877441 34.0789985656738 33.5639991760254 28.6180000305176 25.7779998779297 29.3570003509521 30.6620006561279 -3.4e+38 -3.4e+38
0.202999994158745 0.247999995946884 0.146999999880791 0.211999997496605 1.31500005722046 2.29900002479553 3.11899995803833 3.59899997711182 3.30200004577637 2.70700001716614 2.40300011634827 3.85500001907349 3.09500002861023 1.60199999809265 0.669000029563904 0.428999990224838 1.20099997520447 4.31400012969971 4.12799978256226 3.46099996566772 3.10899996757507 5.8289999961853 18.5769996643066 26.0639991760254 26.6000003814697 26.7119998931885 31.6060009002686 30.4570007324219 31.4290008544922 35.5540008544922 38.3160018920898 39.1440010070801 41.0610008239746 41.2389984130859 41.2280006408691 40.8740005493164 40.3959999084473 38.5839996337891 36.9119987487793 32.3089981079102 26.9540004730225 25.8239994049072 27.7490005493164 29.5590000152588 27.371000289917 -3.4e+38
0.150000005960464 0.136999994516373 0.190999999642372 0.275999993085861 0.407000005245209 0.412000000476837 1.78199994564056 2.18499994277954 2.04800009727478 2.01600003242493 1.35099995136261 1.39900004863739 4.55999994277954 7.30700016021729 6.06199979782104 1.97200000286102 4.75099992752075 7.52299976348877 9.32499980926514 5.90999984741211 9.11999988555908 17.9080009460449 26.8509998321533 28.2800006866455 28.8330001831055 35.3479995727539 34.7760009765625 32.6809997558594 33.2779998779297 34.8540000915527 36.4210014343262 36.3819999694824 38.9010009765625 40.4790000915527 40.8059997558594 40.25 39.3779983520508 37.2980003356934 35.3040008544922 31.3780002593994 27.8360004425049 26.9799995422363 26.2789993286133 26.6119995117188 26.3250007629395 -3.4e+38
0.127000004053116 0.180999994277954 0.624000012874603 1.10899996757507 0.830999970436096 0.46399998664856 0.29899999499321 0.202999994158745 0.217999994754791 0.193000003695488 0.298000007867813 0.601999998092651 0.42399999499321 6.38399982452393 9.81099987030029 7.82000017166138 8.89900016784668 10.3020000457764 10.3439998626709 9.59899997711182 16.0160007476807 16.4230003356934 28.9710006713867 32.7179985046387 35.8419990539551 37.6730003356934 36.8930015563965 36.8580017089844 38.1839981079102 37.2430000305176 35.3919982910156 36.8559989929199 38.9830017089844 39.0870018005371 39.5999984741211 39.2280006408691 37.439998626709 34.5610008239746 32.3930015563965 29.1550006866455 28.1959991455078 27.9610004425049 26.7810001373291 25.6100006103516 24.5790004730225 27.1380004882812
0.270999997854233 0.888999998569489 1.45700001716614 1.942999958992 1.96800005435944 0.505999982357025 0.470999985933304 0.344999998807907 0.300999999046326 0.275999993085861 0.330000013113022 0.435000002384186 0.225999996066093 6.69799995422363 9.68299961090088 9.64599990844727 9.72599983215332 10.0539999008179 10.1000003814697 9.86299991607666 9.04199981689453 11.0830001831055 27.3339996337891 33.2529983520508 35.7980003356934 37.5620002746582 37.0699996948242 38.0289993286133 38.4480018615723 36.9799995422363 33.8400001525879 34.2799987792969 36.1780014038086 36.1699981689453 36.7770004272461 37.6889991760254 35.2330017089844 32.9799995422363 32.7779998779297 29.1439990997314 27.9839992523193 28.1840000152588 29.1809997558594 27.7670001983643 26.2639999389648 29.8020000457764
0.597000002861023 0.660000026226044 1.29700005054474 1.87100005149841 1.77300000190735 0.428000003099442 0.612999975681305 0.495000004768372 0.451999992132187 0.398999989032745 0.504999995231628 0.560000002384186 1.14400005340576 6.30100011825562 8.87800025939941 8.98900032043457 8.92800045013428 9.89900016784668 9.89200019836426 9.64099979400635 8.80799961090088 20.2070007324219 27.6450004577637 30.4810009002686 32.6660003662109 36.4959983825684 37.1549987792969 38.6240005493164 38.4090003967285 36.6990013122559 33.9900016784668 32.6860008239746 32.6650009155273 33.0989990234375 33.685001373291 34.576000213623 34.5060005187988 33.7840003967285 33.0330009460449 31.7430000305176 29.2199993133545 29.0160007476807 31.5069999694824 32.1370010375977 31.3229999542236 33.2669982910156
0.949000000953674 0.921000003814697 0.845000028610229 0.967000007629395 0.709999978542328 0.89300000667572 0.723999977111816 0.628000020980835 0.503000020980835 0.368000000715256 0.418000012636185 0.774999976158142 1.27100002765656 3.45600008964539 7.0770001411438 8.11800003051758 8.16600036621094 9.38399982452393 9.73099994659424 9.12199974060059 11.8660001754761 22.2800006866455 24.8950004577637 29.8600006103516 33.9199981689453 36.734001159668 37.4749984741211 37.9630012512207 37.5400009155273 36.2709999084473 33.2430000305176 32.3489990234375 32.1110000610352 33.117000579834 34.1349983215332 34.5699996948242 34.3050003051758 34.257999420166 33.564998626709 32.6940002441406 31.613000869751 31.0559997558594 33.4290008544922 34.4609985351562 34.9640007019043 38.3279991149902
0.740000009536743 0.808000028133392 0.779999971389771 0.84799998998642 0.930999994277954 1.2059999704361 0.774999976158142 0.611000001430511 0.472000002861023 0.488999992609024 0.41100001335144 0.291000008583069 0.685999989509583 1.71099996566772 6.05200004577637 7.61600017547607 7.4539999961853 8.32699966430664 8.67399978637695 9.04699993133545 7.46500015258789 14.1339998245239 24.8780002593994 33.2910003662109 32.3899993896484 36.4879989624023 36.742000579834 36.507999420166 36.1990013122559 35.5550003051758 33.7620010375977 32.4679985046387 32.1259994506836 33.2299995422363 33.9599990844727 34.4169998168945 34.6599998474121 34.4869995117188 33.3889999389648 31.6060009002686 33.826000213623 34.2630004882812 35.7929992675781 36.1360015869141 38.5120010375977 41.1570014953613
0.833000004291534 0.564999997615814 0.621999979019165 1.20000004768372 1.43900001049042 1.34099996089935 0.728999972343445 0.765999972820282 1.25 1.73300004005432 1.64300000667572 1.25399994850159 0.865000009536743 0.694999992847443 3.85500001907349 6.43499994277954 6.94500017166138 6.69099998474121 6.58099985122681 8.10499954223633 7.98600006103516 6.10300016403198 24.55299949646 26.0370006561279 26.9979991912842 33.5330009460449 35.2449989318848 35.1640014648438 34.9860000610352 34.1119995117188 33.9059982299805 31.7280006408691 31.7600002288818 32.8499984741211 34.0260009765625 34.6240005493164 34.6829986572266 34.2389984130859 33.4049987792969 31.9419994354248 35.1069984436035 36.3359985351562 37.5750007629395 39.5859985351562 41.507999420166 41.8800010681152
0.407999992370605 0.328000009059906 0.48199999332428 1.09700000286102 1.27499997615814 0.846000015735626 1.52699995040894 2.00999999046326 2.49399995803833 2.97699999809265 2.87400007247925 2.48600006103516 1.83800005912781 0.275000005960464 2.54399991035461 4.55399990081787 3.71199989318848 5.09700012207031 6.58500003814697 7.71500015258789 5.85500001907349 8.94699954986572 14.0620002746582 5.59000015258789 15.8249998092651 23.2689990997314 34.4640007019043 34.2150001525879 32.890998840332 32.0530014038086 33.173999786377 31.7530002593994 32.1790008544922 32.9469985961914 33.4109992980957 34.0629997253418 34.4150009155273 33.7330017089844 33.101001739502 34.935001373291 36.0499992370605 37.5740013122559 39.9140014648438 41.6100006103516 43.1529998779297 43.2060012817383
0.29899999499321 0.289000004529953 0.287999987602234 0.617999970912933 0.458000004291534 1.36699998378754 2.47399997711182 3.25399994850159 3.73799991607666 4.22100019454956 4.10599994659424 3.71799993515015 2.59899997711182 1.03699994087219 1.23300004005432 2.67400002479553 1.24699997901917 1.90400004386902 4.90100002288818 5.7020001411438 5.04899978637695 6.20900011062622 5.31899976730347 1.86800003051758 1.59599995613098 1.04499995708466 16.5499992370605 29.3589992523193 27.988000869751 29.2789993286133 31.371000289917 31.451000213623 32.1479988098145 32.5060005187988 33.1069984436035 33.2849998474121 33.4129981994629 32.951000213623 32.431999206543 35.7029991149902 36.6769981384277 39.0999984741211 41.1279983520508 42.8440017700195 42.7919998168945 43.3079986572266
0.439000010490417 0.430000007152557 0.388999998569489 0.314999997615814 0.414000004529953 1.63499999046326 3.39499998092651 4.4980001449585 4.98199987411499 5.46500015258789 5.33799982070923 4.92399978637695 3.36100006103516 1.79900002479553 0.236000001430511 0.792999982833862 0.122000001370907 1.03400003910065 2.48099994659424 3.97099995613098 5.91699981689453 8.44600009918213 10.0290002822876 10.8369998931885 3.90400004386902 4.42500019073486 19.9020004272461 25.6180000305176 25.6280002593994 25.8680000305176 28.6959991455078 31.2679996490479 31.4759998321533 31.8600006103516 31.867000579834 32.4339981079102 32.4020004272461 32.2630004882812 31.7399997711182 34.9700012207031 35.1129989624023 37.9339981079102 39.8440017700195 42.0620002746582 43.2200012207031 43.8110008239746
0.603999972343445 0.544000029563904 0.400000005960464 0.270999997854233 0.370999991893768 1.87000000476837 3.65700006484985 5.4229998588562 6.22599983215332 6.70900011062622 6.57000017166138 5.68599987030029 4.1230001449585 2.55999994277954 0.998000025749207 0.160999998450279 0.0509999990463257 1.07200002670288 1.86300003528595 3.58299994468689 5.3270001411438 7.14499998092651 10.0909996032715 13.0369997024536 14.0299997329712 11.8719997406006 19.7409992218018 25.2240009307861 25.7919998168945 26.3719997406006 27.7600002288818 29.5249996185303 30.7040004730225 30.5669994354248 30.7469997406006 31.2549991607666 31.431999206543 31.132999420166 31.8269996643066 33.5559997558594 34.0559997558594 35.5400009155273 40.1259994506836 42.1110000610352 42.9070014953613 43.3779983520508
1.21399998664856 0.532000005245209 0.388000011444092 0.244000002741814 0.330000013113022 2.10500001907349 3.88000011444092 5.92199993133545 7.4520001411438 7.95300006866455 7.80200004577637 6.44700002670288 4.88500022888184 2.93499994277954 0.984000027179718 0.126000002026558 0.523000001907349 2.92899990081787 5.31300020217896 5.70900011062622 6.10500001907349 6.68400001525879 8.42800045013428 11.3179998397827 16.1140003204346 18.3449993133545 23.5629997253418 25.6590003967285 25.9379997253418 26.6270008087158 27.0200004577637 27.7350006103516 28.8379993438721 28.9479999542236 29.0380001068115 29.8050003051758 29.6849994659424 29.7569999694824 30.2080001831055 33.0550003051758 32.8230018615723 34.2620010375977 39.3499984741211 41.1209983825684 42.1100006103516 42.6110000610352
2.74600005149841 0.953999996185303 0.377000004053116 0.232999995350838 0.564999997615814 2.33999991416931 4.11499977111816 5.89099979400635 8.18599987030029 9.19699954986572 8.77200031280518 7.20900011062622 4.89699983596802 2.96499991416931 0.879999995231628 0.42399999499321 2.38000011444092 4.78599977493286 7.19299983978271 9.15900039672852 9.55500030517578 9.95100021362305 10.3470001220703 12.1079998016357 17.4820003509521 22.8560009002686 25.8379993438721 26.193000793457 25.8880004882812 25.8409996032715 25.636999130249 27.0209999084473 27.8379993438721 28.3889999389648 28.5520000457764 28.5289993286133 28.0480003356934 28.5440006256104 29.0470008850098 29.7929992675781 30.4769992828369 36.8600006103516 39.4650001525879 40.4819984436035 41.6559982299805 42.1269989013672
4.27400016784668 2.93799996376038 0.337999999523163 0.222000002861023 0.800000011920929 2.57500004768372 4.34999990463257 6.12599992752075 8.04399967193604 10.4010000228882 9.00599956512451 6.79099988937378 4.44799995422363 2.10599994659424 1.51400005817413 2.55999994277954 8.43200016021729 8.09500026702881 9.05000019073486 11.456000328064 13.0050001144409 13.4010000228882 13.7969999313354 16.7110004425049 22.0849990844727 25.8880004882812 26.8460006713867 27.25 26.4549999237061 25.8379993438721 26.0179996490479 26.7749996185303 27.8279991149902 26.9290008544922 27.5820007324219 26.6690006256104 23.5599994659424 22.2849998474121 24.6410007476807 26.2140007019043 31.8020000457764 37.3569984436035 39.193000793457 39.1769981384277 39.1959991455078 40.75
5.80299997329712 4.92199993133545 2.12700009346008 0.186000004410744 1.0349999666214 2.80999994277954 4.57100009918213 6.32999992370605 8.08800029754639 10.835000038147 9.32499980926514 5.90999984741211 3.33200001716614 2.25099992752075 2.09500002861023 6.45599985122681 15.03600025177 14.6990003585815 14.3610000610352 14.0240001678467 15.7200002670288 16.8509998321533 17.9340000152588 21.3139991760254 25.8579998016357 26.8159999847412 27.2689990997314 27.4759998321533 32.1380004882812 31.8929996490479 30.5960006713867 29.69700050354 29.382999420166 27.4820003509521 26.6800003051758 21.9099998474121 15.4580001831055 12.3719997406006 11.5609998703003 16.8999996185303 29.9389991760254 32.4799995422363 36.4150009155273 36.9720001220703 37.1110000610352 38.4780006408691
