01_datasets/03_gis/02_asc_chm-r50m/BR211X.asc
NCOLS 200 
NROWS 200 
XLLCORNER 531218 
YLLCORNER 5292345 
CELLSIZE 0.5 
NODATA_value -3.4e+38 
[rows 100 to 119 of 200, columns 0 to 45 of 200]
24.837999343872099 24.3209991455078 23.298999786377 21.7509994506836 21.7329998016357 24.9650001525879 25.8899993896484 22.3290004730225 25.9340000152588 31.7229995727539 31.6599998474121 31.4379997253418 31.8129997253418 31.8229999542236 31.1509990692139 30.0240001678467 26.2970008850098 19.3349990844727 24.6410007476807 24.9230003356934 25.4249992370605 25.8959999084473 26.4309997558594 27.32200050354 27.3939990997314 27.9869995117188 28.6700000762939 28.7639999389648 28.5020008087158 29.6480007171631 31.4419994354248 32.564998626709 33.0970001220703 33.4770011901855 33.9379997253418 34.1599998474121 34.25 33.7290000915527 32.7949981689453 32.0579986572266 30.9009990692139 11.4329996109009 16.7759990692139 27.94700050354 32.4949989318848 33.9930000305176
-3.4e+38 25.8740005493164 25.2059993743896 25.8910007476807 25.6439990997314 26.2849998474121 27.1079998016357 26.9990005493164 30.8159999847412 32.189998626709 31.7140007019043 31.5380001068115 32.1049995422363 32.9679985046387 31.1840000152588 33.7900009155273 31.5300006866455 32.8050003051758 27.4769992828369 28.1310005187988 25.69700050354 26.5909996032715 26.4419994354248 26.6140003204346 27.4720001220703 27.511999130249 28.1229991912842 28.1650009155273 27.8460006713867 29.4090003967285 30.4370002746582 32.1529998779297 33.1809997558594 33.5069999694824 33.6150016784668 34.0289993286133 33.7070007324219 33.3219985961914 32.8849983215332 32.3040008544922 30.4260005950928 30.4179992675781 24.5410003662109 28.1870002746582 32.6360015869141 34.1829986572266
-3.4e+38 27.5669994354248 26.5349998474121 27.9599990844727 27.8229999542236 27.5020008087158 27.8120002746582 28.9890003204346 30.238000869751 31.2430000305176 32.935001373291 33.4039993286133 34.3790016174316 35.0320014953613 33.2060012817383 35.015998840332 34.492000579834 32.9410018920898 28.326000213623 27.2320003509521 26.7469997406006 27.0349998474121 26.5949993133545 26.57200050354 27.7129993438721 28.0200004577637 27.6439990997314 27.4570007324219 27.3239994049072 26.9930000305176 28.6420001983643 31.0330009460449 32.148998260498 33.0849990844727 33.1300010681152 33.2509994506836 33.0069999694824 33.007999420166 32.7649993896484 31.5590000152588 29.6420001983643 29.7970008850098 30.2280006408691 30.826000213623 32.140998840332 34.4970016479492
-3.4e+38 28.3269996643066 26.7880001068115 27.9459991455078 29.132999420166 29.7679996490479 29.7450008392334 29.9589996337891 30.2980003356934 32.8110008239746 33.9889984130859 34.3460006713867 35.101001739502 36.0219993591309 36.2270011901855 35.757999420166 35.6380004882812 32.7729988098145 28.0270004272461 27.5779991149902 27.8509998321533 27.2450008392334 27.1679992675781 26.9090003967285 28.25 27.8419990539551 26.9039993286133 26.6800003051758 26.5459995269775 28.2900009155273 29.8500003814697 30.3449993133545 30.8910007476807 31.6480007171631 32.4729995727539 32.8689994812012 32.6839981079102 32.5299987792969 30.9950008392334 29.0769996643066 29.3159999847412 29.1860008239746 29.4489994049072 30.8349990844727 31.9389991760254 34.3650016784668
-3.4e+38 29.0200004577637 29.1959991455078 28.8969993591309 29.8159999847412 30.6660003662109 31.4659996032715 31.4220008850098 32.1240005493164 33.257999420166 33.4160003662109 34.0180015563965 35.4790000915527 36.6259994506836 36.7630004882812 36.5789985656738 35.7849998474121 33.0499992370605 30.636999130249 29.7150001525879 29.3680000305176 27.3379993438721 27.8339996337891 28.3059997558594 28.4720001220703 27.9419994354248 27.0860004425049 26.5249996185303 26.2479991912842 26.4939994812012 28.3209991455078 30.2360000610352 30.6480007171631 30.9419994354248 32.0419998168945 32.7299995422363 32.0180015563965 31.8589992523193 31.253999710083 29.7250003814697 30.4969997406006 30.3190002441406 29.6989994049072 30.9500007629395 31.8050003051758 32.8839988708496
-3.4e+38 28.4899997711182 29.6079998016357 30.1340007781982 31.1959991455078 32.0359992980957 32.2290000915527 32.5180015563965 32.6100006103516 32.8289985656738 33.4329986572266 34.2910003662109 35.6920013427734 36.798999786377 37.0260009765625 36.3969993591309 35.435001373291 34.6599998474121 32.3120002746582 30.6180000305176 29.1469993591309 28.2950000762939 28.4370002746582 28.8819999694824 28.9220008850098 28.4979991912842 28.132999420166 27.2660007476807 25.6439990997314 24.6679992675781 24.5139999389648 27.8729991912842 29.9850006103516 30.5 31.8320007324219 32.3819999694824 31.375 31.3050003051758 31.5599994659424 31.1599998474121 31.2229995727539 30.8490009307861 31.136999130249 31.0909996032715 30.1630001068115 31.2889995574951
-3.4e+38 27.7409992218018 28.7059993743896 31.1410007476807 31.8150005340576 32.1040000915527 32.6419982910156 32.8279991149902 32.7369995117188 32.5250015258789 33.2900009155273 33.8779983520508 35.5089988708496 36.4199981689453 36.5330009460449 36.0530014038086 35.6059989929199 33.8120002746582 32.5880012512207 29.9290008544922 28.0510005950928 27.7390003204346 28.7689990997314 29.0839996337891 29.5009994506836 29.2840003967285 28.6149997711182 27.0729999542236 25.1019992828369 24.1140003204346 24.8980007171631 27.2950000762939 29.5349998474121 30.242000579834 31.1639995574951 31.617000579834 31.3759994506836 31.0860004425049 31.3040008544922 31.4190006256104 31.8080005645752 31.8239994049072 31.0300006866455 31.0939998626709 31.0219993591309 31.0090007781982
-3.4e+38 27.6919994354248 28.3780002593994 31.3020000457764 31.9909992218018 32.0830001831055 33.3549995422363 33.5289993286133 33.4459991455078 33.1780014038086 32.7299995422363 33.9519996643066 34.7680015563965 35.560001373291 35.5509986877441 35.068000793457 34.6640014648438 33.1500015258789 32.5670013427734 30.80299949646 26.7740001678467 27.2360000610352 28.4020004272461 28.8770008087158 29.6620006561279 29.3719997406006 28.3470001220703 26.6280002593994 25.4449996948242 26.4699993133545 27.7889995574951 28.863000869751 29.9939994812012 30.3889999389648 31.5590000152588 31.318000793457 32.4000015258789 32.4160003662109 31.6100006103516 31.5 32.1389999389648 32.148998260498 32.1199989318848 31.8159999847412 31.7870006561279 30.8999996185303
-3.4e+38 27.6849994659424 28.3619995117188 29.2569999694824 31.5820007324219 32.1069984436035 33.314998626709 34.1389999389648 33.8769989013672 32.8419990539551 33.060001373291 33.6580009460449 34.2970008850098 34.0589981079102 34.2360000610352 34.367000579834 33.6539993286133 33.1020011901855 33.3600006103516 30.6049995422363 26.1439990997314 26.4740009307861 27.6639995574951 28.3990001678467 29.2810001373291 29.1280002593994 28.0109996795654 26.806999206543 26.0240001678467 28.3479995727539 28.0650005340576 29.2819995880127 30.9230003356934 31.3729991912842 32.6139984130859 32.7159996032715 31.1720008850098 33.0330009460449 32.992000579834 32.556999206543 32.5340003967285 32.4630012512207 32.6539993286133 32.523998260498 31.80299949646 31.1019992828369
-3.4e+38 26.1399993896484 28.30299949646 30.3479995727539 31.753999710083 32.4129981994629 33.173999786377 33.7589988708496 33.1910018920898 31.9549999237061 31.1280002593994 31.5149993896484 32.1180000305176 32.8650016784668 33.2389984130859 33.2840003967285 32.3429985046387 32.3199996948242 32.060001373291 28.9969997406006 27.1700000762939 25.6189994812012 27.2329998016357 28.5109996795654 30.4909992218018 30.4979991912842 29.3169994354248 30.0750007629395 30.0219993591309 30.0209999084473 29.4029998779297 30.1219997406006 31.4340000152588 32.2449989318848 32.742000579834 33.5169982910156 34.0429992675781 33.9339981079102 33.4290008544922 33.0219993591309 33.0250015258789 33.5730018615723 33.9259986877441 33.2480010986328 32.1759986877441 32.0270004272461
-3.4e+38 25.0900001525879 25.8290004730225 28.7730007171631 29.9270000457764 31.6100006103516 32.2849998474121 31.7779998779297 31.863000869751 31.7159996032715 31.4899997711182 30.5370006561279 30.7040004730225 31.3729991912842 32.1180000305176 32.351001739502 32.0299987792969 30.7430000305176 28.2709999084473 25.8850002288818 25.6359996795654 26.3330001831055 28.121000289917 29.6399993896484 30.7800006866455 32.4210014343262 32.6940002441406 33.2680015563965 32.818000793457 32.6269989013672 29.6679992675781 29.4810009002686 32.2519989013672 32.6629981994629 32.6319999694824 33.5460014343262 34.673999786377 34.5929985046387 33.7229995727539 33.0779991149902 33.4459991455078 33.7719993591309 34.0709991455078 33.4830017089844 32.4160003662109 32.2220001220703
-3.4e+38 24.3549995422363 24.8490009307861 24.6529998779297 26.2180004119873 29.701000213623 31.1599998474121 30.2759990692139 30.6019992828369 31.113000869751 30.8810005187988 30.3190002441406 28.7269992828369 28.3859996795654 28.511999130249 30.6940002441406 29.8770008087158 27.761999130249 26.5330009460449 25.5 25.3899993896484 26.7810001373291 29.7390003204346 30.3950004577637 32.5130004882812 34.5449981689453 34.2220001220703 36.1230010986328 35.5709991455078 34.0260009765625 32.2319984436035 31.7150001525879 33.0029983520508 33.6119995117188 34.3129997253418 35.181999206543 35.0270004272461 34.9889984130859 34.3740005493164 33.4220008850098 33.4410018920898 33.6860008239746 33.8359985351562 33.1990013122559 32.4109992980957 32.1100006103516
-3.4e+38 -3.4e+38 24.0400009155273 26.2329998016357 27.8540000915527 30.007999420166 30.7210006713867 30.1219997406006 29.9699993133545 29.6889991760254 29.8099994659424 28.5359992980957 24.7089996337891 25.5030002593994 26.1149997711182 29.1539993286133 26.951000213623 24.3369998931885 23.136999130249 24.57200050354 27.673999786377 28.4740009307861 30.6189994812012 32.2369995117188 33.8170013427734 34.2229995727539 34.7980003356934 36.6020011901855 36.298999786377 34.9910011291504 34.9679985046387 34.9070014953613 34.4770011901855 34.390998840332 35.4519996643066 35.7719993591309 35.8300018310547 35.2470016479492 34.1580009460449 33.1969985961914 33.0110015869141 32.9970016479492 33.076000213623 32.9070014953613 32.3450012207031 31.9710006713867
-3.4e+38 -3.4e+38 23.378999710083 26.6119995117188 27.8600006103516 28.57200050354 28.6639995574951 29.7029991149902 29.3780002593994 29.242000579834 28.2880001068115 26.5030002593994 23.1709995269775 24.0669994354248 25.0030002593994 26.5090007781982 25.6580009460449 22.6609992980957 19.128999710083 23.7210006713867 27.3110008239746 30.4820003509521 31.4759998321533 31.242000579834 33.976001739502 35.2729988098145 35.9249992370605 36.5660018920898 37.4290008544922 36.5789985656738 35.1160011291504 35.4970016479492 34.8059997558594 34.7980003356934 35.0820007324219 35.5769996643066 35.484001159668 35.2999992370605 33.5589981079102 32.2560005187988 32.2330017089844 32.2750015258789 32.640998840332 32.3450012207031 31.8729991912842 31.8409996032715
-3.4e+38 -3.4e+38 24.4669990539551 25.5389995574951 25.806999206543 28.2749996185303 28.9069995880127 30.3229999542236 28.7999992370605 28.6399993896484 28.6900005340576 27.0249996185303 23.5219993591309 23.0849990844727 21.5380001068115 21.0130004882812 19.0869998931885 20.5890007019043 21.9930000305176 25.1730003356934 27.7759990692139 30.3950004577637 33.8629989624023 34.6800003051758 35.2809982299805 36.6679992675781 37.2540016174316 38.2150001525879 38.2859992980957 37.7939987182617 36.4099998474121 35.6640014648438 34.8709983825684 34.2599983215332 -3.4e+38 35.101001739502 34.234001159668 34.0979995727539 33.7239990234375 32.4490013122559 31.4829998016357 31.6380004882812 31.7940006256104 31.3640003204346 31.7159996032715 31.5590000152588
-3.4e+38 -3.4e+38 25.4829998016357 26.1849994659424 26.4449996948242 28.3479995727539 29.7800006866455 30.798999786377 29.7709999084473 30.0799999237061 29.5990009307861 28.5410003662109 22.7159996032715 22.011999130249 15.8339996337891 14.3520002365112 14.206000328064 16.9990005493164 20.3250007629395 25.1539993286133 29.0809993743896 30.1909999847412 33.9220008850098 35.8170013427734 36.4970016479492 37.5279998779297 38.0639991760254 39.4029998779297 39.2319984436035 38.3629989624023 36.7540016174316 35.101001739502 33.4500007629395 32.8479995727539 32.9529991149902 34.2949981689453 33.3540000915527 33.007999420166 32.6300010681152 31.5209999084473 31.30299949646 30.1000003814697 30.8279991149902 30.8780002593994 31.238000869751 31.1119995117188
-3.4e+38 -3.4e+38 26.1730003356934 28.4529991149902 28.9810009002686 29.9930000305176 30.5470008850098 31.0279998779297 31.4249992370605 31.0310001373291 30.0400009155273 28.8859996795654 17 20.6459999084473 18.3589992523193 13.2110004425049 15.8430004119873 20.6499996185303 22.5769996643066 27.4500007629395 30.2129993438721 31.6949996948242 34.0890007019043 35.5670013427734 36.8190002441406 37.1590003967285 38.0690002441406 39.2709999084473 39.2220001220703 38.382999420166 36.7639999389648 34.1839981079102 32.931999206543 32.7459983825684 32.7050018310547 32.8479995727539 32.8629989624023 32.2550010681152 31.8570003509521 31.1679992675781 30.617000579834 29.1060009002686 27.1940002441406 29.3139991760254 30.2089996337891 29.2660007476807
-3.4e+38 -3.4e+38 24.5209999084473 29.1599998474121 29.5279998779297 30.6009998321533 31.4360008239746 31.7339992523193 31.6550006866455 31.1909999847412 30.121000289917 28.8969993591309 26.9489994049072 23.4389991760254 21.7970008850098 13.2559995651245 15.4370002746582 20.7980003356934 24.503999710083 28.3649997711182 30.4179992675781 31.4370002746582 33.4939994812012 35.132999420166 36.2690010070801 36.6279983520508 37.4790000915527 38.4900016784668 38.2120018005371 37.2729988098145 36.0660018920898 33.4039993286133 32.9539985656738 32.8720016479492 31.6140003204346 29.8929996490479 29.3889999389648 27.5869998931885 30.9020004272461 30.1070003509521 29.0049991607666 27.5030002593994 26.1159992218018 27.6749992370605 28.0629997253418 26.55299949646
-3.4e+38 -3.4e+38 24.6630001068115 28.1580009460449 29.1259994506836 30.5109996795654 31.2129993438721 31.6709995269775 31.2469997406006 30.3600006103516 29.8589992523193 27.5590000152588 26.4190006256104 24.5790004730225 19.681999206543 15.6800003051758 17.2089996337891 20.8939990997314 25.1989994049072 26.6429996490479 29.8999996185303 30.4419994354248 32.4360008239746 34.2939987182617 35.5369987487793 35.9679985046387 36.3520011901855 37.0540008544922 36.6220016479492 36.484001159668 35.1710014343262 33.8089981079102 25.44700050354 23.7259998321533 22.7779998779297 26.7310009002686 21.9669990539551 16.3330001831055 22.9580001831055 28.4599990844727 28.3689994812012 26.2140007019043 26.0049991607666 26.0069999694824 26.011999130249 26.2759990692139
-3.4e+38 -3.4e+38 -3.4e+38 27.6229991912842 28.8920001983643 30.1149997711182 30.8600006103516 31.2859992980957 30.8959999084473 30.3159999847412 29.8120002746582 28.3850002288818 27.3190002441406 24.4860000610352 23.617000579834 21.0599994659424 15.8920001983643 18.375 24.8250007629395 25.6089992523193 27.0930004119873 29.6110000610352 30.7439994812012 32.201000213623 34.2709999084473 34.9160003662109 35.3190002441406 35.4220008850098 35.5880012512207 35.5940017700195 35.4249992370605 34.0589981079102 23.4640007019043 15.7410001754761 20.4300003051758 19.2849998474121 14.5209999084473 10.5869998931885 10.3870000839233 14.9750003814697 26.9230003356934 26.2880001068115 26.443000793457 26.3080005645752 25.4559993743896 25.4939994812012
