01_datasets/03_gis/02_asc_chm-r50m/BR21X6.asc
NCOLS 200 
NROWS 200 
XLLCORNER 533638 
YLLCORNER 5286339.5 
CELLSIZE 0.5 
NODATA_value -3.4e+38 
[rows 120 to 139 of 200, columns 92 to 137 of 200]
12.4329996109009 12.0369997024536 11.5010004043579 9.17399978637695 4.78200006484985 4.51100015640259 3.90799999237061 3.65199995040894 3.04399991035461 2.50099992752075 7.0460000038147 20.4780006408691 27.7040004730225 27.7789993286133 28.1049995422363 30.3859996795654 33.0550003051758 34.0200004577637 34.0139999389648 34.0369987487793 33.810001373291 32.7770004272461 32.6129989624023 31.5170001983643 31.3920001983643 32.298999786377 32.9119987487793 33.7239990234375 34.1940002441406 34.5810012817383 35.0970001220703 35.451000213623 35.5620002746582 34.5449981689453 33.3819999694824 32.9910011291504 31.7430000305176 29.5429992675781 26.0429992675781 25.3349990844727 25.0979995727539 25.1439990997314 25.1900005340576 26.8490009307861 27.6110000610352 30.3659992218018
12.4910001754761 11.9829998016357 11.2969999313354 8.49100017547607 4.42199993133545 4.13399982452393 3.77500009536743 3.5699999332428 3.23499989509583 2.89199995994568 2.4539999961853 10.4670000076294 22.5020008087158 27.7210006713867 27.8139991760254 29 31.1119995117188 32.5009994506836 32.1679992675781 32.5439987182617 32.9150009155273 32.9690017700195 33.2200012207031 32.7200012207031 32.7220001220703 32.5919990539551 32.2639999389648 32.0270004272461 33.7690010070801 34.0839996337891 33.2789993286133 33.6539993286133 34.0779991149902 33.5180015563965 32.673999786377 31.3929996490479 30.9939994812012 30.2339992523193 26.6870002746582 25.1989994049072 25.1420001983643 25.0879993438721 24.3740005493164 24.6350002288818 24.9729995727539 28.9109992980957
11.9910001754761 11.4180002212524 10.9530000686646 11.0380001068115 6.68400001525879 3.9539999961853 3.20600008964539 2.97099995613098 2.96199989318848 2.18199992179871 4.18800020217896 10.1599998474121 19.5049991607666 26.0249996185303 26.8579998016357 28.6790008544922 30.451000213623 30.9080009460449 30.761999130249 30.0580005645752 31.2840003967285 32.5979995727539 33.6479988098145 33.9650001525879 33.8709983825684 33.568000793457 31.048999786377 29.3810005187988 30.5739994049072 33.5 33.0999984741211 32.4640007019043 32.2779998779297 32.9819984436035 31.3490009307861 28.8449993133545 28.2800006866455 26.757999420166 25.9270000457764 24.1299991607666 24.9969997406006 24.8430004119873 24.1459999084473 23.2730007171631 24.4640007019043 28.048999786377
11.9580001831055 11.0229997634888 10.9899997711182 9.67300033569336 7.8439998626709 3.94799995422363 2.67799997329712 1.80400002002716 2.80900001525879 3.06900000572205 5.92199993133545 8.81400012969971 17.7399997711182 20.0900001525879 21.9699993133545 27.0259990692139 29.2730007171631 30.1319999694824 28.7360000610352 28.6809997558594 30.6119995117188 33.0579986572266 34.3460006713867 34.7169990539551 34.6310005187988 34.1619987487793 32.7140007019043 30.0330009460449 29.6229991912842 31.6310005187988 30.2320003509521 29.7959995269775 29.306999206543 31.363000869751 29.6809997558594 26.6860008239746 25.257999420166 23.8159999847412 23.4060001373291 22.6679992675781 24.4050006866455 23.9850006103516 23.5690002441406 23.4529991149902 22.8390007019043 23.9349994659424
12.0670003890991 11.378999710083 9.82400035858154 6.87900018692017 5.16900014877319 3.89000010490417 2.61100006103516 1.90900003910065 3.64800000190735 6.10599994659424 8.21000003814697 10.3769998550415 10.7720003128052 11.326000213623 14.7390003204346 20.9810009002686 25.0200004577637 27.1539993286133 28.1450004577637 29.1989994049072 32.1940002441406 34.1689987182617 35.0250015258789 35.484001159668 35.1650009155273 34.6069984436035 32.7410011291504 29.3780002593994 27.886999130249 28.1019992828369 25.3390007019043 25.8549995422363 26.113000869751 25.6700000762939 23.8589992523193 23.8209991455078 23.0179996490479 22.6979999542236 22.4440002441406 22.3269996643066 23.8549995422363 23.7700004577637 23.7560005187988 23.9529991149902 23.8449993133545 23.3700008392334
12.0559997558594 10.0349998474121 7.16300010681152 4.70100021362305 4.06099987030029 3.55100011825562 2.57699990272522 1.99399995803833 4.4520001411438 6.90999984741211 9.2480001449585 10.460000038147 10.8859996795654 11.2819995880127 11.5089998245239 18.2229995727539 21.9839992523193 25.69700050354 27.6800003051758 29.0310001373291 29.576000213623 33.5589981079102 35.0970001220703 35.6259994506836 35.7130012512207 34.5559997558594 33.5439987182617 31.2630004882812 28.5 24.3680000305176 22.6940002441406 22.4479999542236 21.0149993896484 19.5590000152588 19.0440006256104 18.5769996643066 19.8549995422363 20.7360000610352 21.6310005187988 19.8880004882812 21.5009994506836 22.617000579834 23.3159999847412 23.6070003509521 23.128999710083 22.0949993133545
11.3409996032715 9.3730001449585 5.59000015258789 3.63499999046326 3.22300004959106 2.73499989509583 2.31800007820129 2.79800009727478 4.94899988174438 6.77899980545044 8.6269998550415 10.4739999771118 11.2589998245239 11.5570001602173 11.9849996566772 19.9750003814697 22.3390007019043 23.8290004730225 28.0370006561279 29.503999710083 30.7970008850098 33.4309997558594 34.867000579834 35.2159996032715 35.2130012512207 34.4560012817383 33.5960006713867 32.1969985961914 29.3449993133545 25.3810005187988 23.4750003814697 22.6040000915527 20.9209995269775 19.2859992980957 16.8619995117188 14.918999671936 12.6059999465942 14.8090000152588 21.9020004272461 19.4650001525879 20.3910007476807 21.2180004119873 22.5739994049072 22.7169990539551 22.636999130249 22.2210006713867
11.1680002212524 8.72799968719482 6.12599992752075 3.2039999961853 2.99499988555908 2.80900001525879 2.50399994850159 2.4779999256134 4.31099987030029 6.15899991989136 8.00699996948242 8.80200004577637 8.97700023651123 10.7819995880127 11.1230001449585 18.3899993896484 22.6989994049072 24.3680000305176 27.2299995422363 29.9850006103516 30.9249992370605 33.0219993591309 34.6990013122559 34.8199996948242 34.5880012512207 33.9939994812012 33.1800003051758 31.3929996490479 29.1790008544922 27.1870002746582 23.5400009155273 21.0860004425049 21.0030002593994 18.2709999084473 10.6949996948242 9.10799980163574 7.92899990081787 7.2020001411438 22.2150001525879 21.6609992980957 21.7630004882812 21.4589996337891 22.1720008850098 23.4050006866455 22.8939990997314 21.8209991455078
6.01999998092651 5.67500019073486 4.85699987411499 3.38299989700317 3.17400002479553 2.99200010299683 2.98000001907349 1.75800001621246 2.38700008392334 3.09400010108948 3.80100011825562 4.50799989700317 5.21500015258789 7.56300020217896 8.96599960327148 16.7830009460449 24.3040008544922 24.4790000915527 27.6959991455078 29.8339996337891 30.9500007629395 32.0900001525879 33.7980003356934 34.2109985351562 33.9249992370605 32.5390014648438 31.3740005493164 29.556999206543 27.5979995727539 24.7910003662109 20.3700008392334 18.82200050354 17.0109996795654 16.8369998931885 11.793999671936 13.6840000152588 11.951000213623 10.2180004119873 22.4629993438721 22.4990005493164 22.9699993133545 23.3290004730225 23.8880004882812 24.0590000152588 23.5790004730225 22.9230003356934
2.59800004959106 3.5789999961853 3.59999990463257 3.3529999256134 3.21499991416931 2.8289999961853 2.88800001144409 2.02999997138977 2.91000008583069 3.78999996185303 4.52699995040894 5.23400020599365 5.94099998474121 7.49900007247925 12.0690002441406 20.6079998016357 24.2070007324219 24.5690002441406 28.3290004730225 29.7679996490479 29.4930000305176 30.7220001220703 31.4629993438721 32.8520011901855 32.4070014953613 30.2959995269775 29.2080001831055 27.9209995269775 27.4080009460449 24.8209991455078 17.3390007019043 17.1420001983643 16.9009990692139 17.0930004119873 18.8579998016357 16.625 19.4930000305176 19.2469997406006 23.0599994659424 23.3110008239746 23.6870002746582 23.882999420166 24.17799949646 24.3910007476807 24.2800006866455 23.9260005950928
0.86599999666214 2.64299988746643 3.32999992370605 3.2720000743866 3.09599995613098 2.5789999961853 1.93599998950958 2.3510000705719 3.23099994659424 4.11100006103516 4.99100017547607 5.86999988555908 6.66699981689453 7.83400011062622 14.4130001068115 24.1299991607666 24.253999710083 24.298999786377 26.2569999694824 28.4580001831055 26.9090003967285 28.7320003509521 29.8470001220703 30.6219997406006 30.4290008544922 29.6420001983643 28.3850002288818 27.923999786377 26.8150005340576 20.9360008239746 14.625 14.076000213623 17.2360000610352 17.42799949646 19.0510005950928 20.878999710083 21.4519996643066 23.423999786377 23.4950008392334 24.8859996795654 25.30299949646 24.6259994506836 24.8400001525879 25.0709991455078 24.9599990844727 24.8449993133545
1.33399999141693 2.77999997138977 3.15599989891052 3.02800011634827 2.73600006103516 2.46499991416931 2.24000000953674 2.6710000038147 3.55100011825562 4.43100023269653 5.24300003051758 5.7350001335144 6.15500020980835 6.5479998588562 6.74700021743774 12.7229995727539 21.7070007324219 21.3700008392334 20.8250007629395 24.9109992980957 25.4230003356934 25.0189990997314 27.7000007629395 28.1180000305176 28.3419990539551 28.67799949646 27.8110008239746 26.1809997558594 22.8659992218018 17.57200050354 9.30799961090088 8.29599952697754 12.2320003509521 17.7630004882812 19.2439994812012 21.07200050354 23.5690002441406 28.0160007476807 28.8689994812012 28.4680004119873 27.4449996948242 26.4190006256104 25.9750003814697 26.0820007324219 25.7940006256104 25.253999710083
1.80200004577637 2.42000007629395 2.76300001144409 2.83800005912781 2.62700009346008 2.3970000743866 2.47000002861023 2.42899990081787 2.20600008964539 2.4449999332428 2.86400008201599 3.28399991989136 3.7039999961853 4.12400007247925 4.2960000038147 5.96099996566772 17.0160007476807 18.1030006408691 17.9759998321533 20.6669998168945 21.6539993286133 22.5909996032715 25.511999130249 27.7409992218018 27.951000213623 27.9209995269775 27.257999420166 24.7999992370605 16.3990001678467 11.4650001525879 5.75299978256226 2.51600003242493 2.02099990844727 16.0030002593994 20.0069999694824 23.951000213623 24.9300003051758 28.8199996948242 30.4370002746582 30.1690006256104 28.4680004119873 27.3570003509521 26.5669994354248 26.2999992370605 25.867000579834 24.8379993438721
1.68599998950958 1.89900004863739 1.88499999046326 2.05299997329712 2.44000005722046 2.43899989128113 2.41000008583069 2.59599995613098 2.10500001907349 1.88199996948242 1.65900003910065 1.43599998950958 1.25300002098083 1.67299997806549 1.85199999809265 12.3819999694824 20.3969993591309 17.8929996490479 17.4850006103516 17.6119995117188 18.3600006103516 18.7709999084473 21.8589992523193 23.9039993286133 20.7549991607666 20.0389995574951 23.4099998474121 24.1490001678467 21.8080005645752 14.8409996032715 6.02899980545044 3.18600010871887 8.53699970245361 19.4759998321533 23.875 26.2150001525879 28.7749996185303 30.4559993743896 30.7070007324219 30.5270004272461 29.9640007019043 29.5440006256104 29.3320007324219 29.1749992370605 25.923999786377 24.2399997711182
1.08200001716614 0.925999999046326 1.0460000038147 1.62699997425079 2.84899997711182 3.98399996757507 4.78399991989136 5.61100006103516 9.06700038909912 8.3459997177124 7.625 6.90500020980835 6.18400001525879 7.41900014877319 12.0699996948242 22.2450008392334 24.4850006103516 23.761999130249 22.4419994354248 20.5820007324219 19.6389999389648 19.3120002746582 19.9610004425049 13.4090003967285 6.8899998664856 7.48199987411499 10.5740003585815 13.6660003662109 16.7569999694824 18.8159999847412 13.3520002365112 11.9420003890991 20.4589996337891 23.798999786377 27.5849990844727 30.5990009307861 30.4759998321533 31.5249996185303 31.9130001068115 30.5690002441406 30.4580001831055 30.9720001220703 31.0359992980957 30.5060005187988 27.193000793457 24.5939998626709
1 0.582000017166138 1.0349999666214 2.43499994277954 5.51800012588501 6.75899982452393 7.57100009918213 8.36600017547607 4.41200017929077 15.4689998626709 14.8170003890991 14.0959997177124 15.5229997634888 23.4580001831055 24.8360004425049 28.2469997406006 29.7889995574951 25.7089996337891 24.4659996032715 24.5009994506836 21.7299995422363 21.1840000152588 19.4130001068115 14.9460000991821 3.50999999046326 4.63299989700317 6.90199995040894 9.17099952697754 11.4409999847412 13.710000038147 15.6660003662109 19.6350002288818 24.7940006256104 26.5709991455078 29.8770008087158 31.0090007781982 30.8409996032715 31.9669990539551 32.5400009155273 32.4739990234375 32.6520004272461 32.7319984436035 32.4539985656738 29.8169994354248 28.0459995269775 26.0799999237061
0.818000018596649 0.550000011920929 2.02099990844727 5.10400009155273 8.1870002746582 9.47500038146973 10.4289999008179 11.1590003967285 11.6049995422363 2.04200005531311 19.4069995880127 23.6259994506836 25.2719993591309 27.5139999389648 30.0400009155273 31.5249996185303 31.7070007324219 29.2299995422363 28.3290004730225 27.6410007476807 24.9200000762939 25.056999206543 21.2439994812012 16.1790008544922 12.2840003967285 10.3369998931885 12.6059999465942 14.875 16.6889991760254 17.7299995422363 18.4979991912842 19.8199996948242 27.1840000152588 28.9220008850098 30.867000579834 31.1650009155273 31.4519996643066 32.7719993591309 33.2369995117188 33.5229988098145 33.6450004577637 33.273998260498 32.7109985351562 30.0590000152588 29.2520008087158 27.943000793457
0.34400001168251 1.12399995326996 4.68900012969971 7.77299976348877 10.8559999465942 12.1909999847412 13.2869997024536 14.0159997940063 14.746000289917 17.0109996795654 24.3400001525879 24.6959991455078 25.3810005187988 26.0939998626709 31.5599994659424 31.5 31.9839992523193 31.2600002288818 31.0739994049072 30.4790000915527 29.4029998779297 28.4580001831055 24.8500003814697 19.0300006866455 16.8700008392334 16.0400009155273 17.7119998931885 18.0139999389648 18.3110008239746 18.6089992523193 19.5830001831055 20.6650009155273 28.0300006866455 29.5550003051758 30.3950004577637 31.0219993591309 32.5419998168945 33.4990005493164 33.8730010986328 34.3940010070801 34.4249992370605 33.6889991760254 33.4189987182617 32.101001739502 30.4459991455078 29.1509990692139
1.92499995231628 2.97499990463257 7.56400012969971 10.4420003890991 13.5249996185303 14.9069995880127 16.1450004577637 16.8740005493164 18.07200050354 22.8589992523193 24.3850002288818 25.4009990692139 28.1030006408691 29.3470001220703 30.9449996948242 32.5919990539551 32.3279991149902 32.1500015258789 31.826000213623 31.8090000152588 31.82200050354 29.8969993591309 27.4589996337891 24.306999206543 20.6350002288818 17.8269996643066 18.125 18.4220008850098 18.7819995880127 19.8640003204346 20.94700050354 22.0289993286133 27.9979991912842 30.0709991455078 30.7049999237061 30.9500007629395 32.523998260498 33.7470016479492 34.3969993591309 35.1730003356934 34.6430015563965 33.8419990539551 33.4869995117188 32.9080009460449 32.4640007019043 29.0639991760254
7.05700016021729 8.21300029754639 9.78699970245361 13.3459997177124 16.1940002441406 17.6229991912842 18.8920001983643 20.068000793457 20.1110000610352 22.25 24.0230007171631 26.0499992370605 31.1560001373291 31.1040000915527 32.6940002441406 33.1829986572266 33.0890007019043 33.0470008850098 32.7639999389648 32.375 32.2379989624023 31.8719997406006 29.8920001983643 24.1429996490479 22.242000579834 18.9659996032715 18.5330009460449 19.0629997253418 20.1459999084473 20.2409992218018 19.7220001220703 19.94700050354 23.6420001983643 28.7950000762939 30.6200008392334 30.6790008544922 30.7560005187988 33.2330017089844 34.1290016174316 34.3709983825684 34.2159996032715 34.0330009460449 33.5610008239746 32.5180015563965 31.30299949646 29.4459991455078
