01_datasets/03_gis/02_asc_chm-r50m/BR212B.asc
NCOLS 200 
NROWS 200 
XLLCORNER 525880.5 
YLLCORNER 5297314.5 
CELLSIZE 0.5 
NODATA_value -3.4e+38 
[rows 160 to 179 of 200, columns 46 to 91 of 200]
21.9249992370605 21.8920001983643 21.9810009002686 22.0189990997314 23.0200004577637 22.2310009002686 20.3560009002686 20.5970001220703 19.6219997406006 16.3589992523193 14.5979995727539 13.4320001602173 13.7620000839233 15.8439998626709 18.7689990997314 18.8470001220703 20.3190002441406 20.5419998168945 21.2040004730225 21.75 22.6070003509521 22.7070007324219 20.3150005340576 20.4370002746582 18.996000289917 20.298999786377 19.6310005187988 17.0219993591309 17.0380001068115 16.511999130249 12.7419996261597 8.35599994659424 9.94999980926514 8.96500015258789 7.17600011825562 5.76599979400635 4.51000022888184 2.30999994277954 1.86000001430511 7.36100006103516 19.2280006408691 23.5410003662109 7.4210000038147 2.28600001335144 1.65299999713898 2.01099991798401
21.2929992675781 21.8209991455078 21.7859992980957 21.7719993591309 21.2350006103516 20.0289993286133 18.0510005950928 17.0310001373291 16.371000289917 13.2110004425049 12.0959997177124 13.3909997940063 14.0170001983643 16.9790000915527 19.1870002746582 19.2530002593994 19.4360008239746 19.6889991760254 20.5310001373291 22.0769996643066 22.6380004882812 23.3899993896484 22.5919990539551 20.4640007019043 19.8990001678467 18.5949993133545 18.125 16.4740009307861 14.5819997787476 11.9549999237061 10.9910001754761 12.1750001907349 11.8579998016357 11.7580003738403 11.3269996643066 7.12099981307983 4.56799983978271 2.18700003623962 1.48000001907349 3.27900004386902 6.08199977874756 1.96300005912781 2.99900007247925 2.34699988365173 1.75699996948242 1.23800003528595
20.7840003967285 21.1590003967285 21.1229991912842 19.7900009155273 19.923999786377 18.0890007019043 14.4700002670288 7.51300001144409 8.97299957275391 9.8149995803833 11.2309999465942 14.0710000991821 15.8620004653931 18.9640007019043 20.8439998626709 20.8659992218018 20.386999130249 21.7980003356934 22.3689994812012 23.3439998626709 23.673999786377 24.2840003967285 24.3199996948242 21.5590000152588 21.2259998321533 17.9799995422363 17.1100006103516 16.80299949646 13.5340003967285 12.7880001068115 14.0349998474121 14.1669998168945 13.6420001983643 14.1459999084473 13.0670003890991 12.21399974823 3.14000010490417 2.97699999809265 2.23799991607666 2.05699992179871 1.52199995517731 1.7610000371933 2.91899991035461 2.19899988174438 1.807000041008 1.26600003242493
19.7859992980957 19.867000579834 19.9610004425049 20.0510005950928 19.5179996490479 15.5539999008179 12.3179998397827 9.8430004119873 8.67500019073486 9.68200016021729 12.0329999923706 14.7030000686646 17.9069995880127 21.1800003051758 21.6860008239746 22.6270008087158 23.3250007629395 24.6340007781982 26.0659999847412 26.0340003967285 25.3799991607666 24.7199993133545 23.7369995117188 22.7360000610352 23.3729991912842 20.5659999847412 19.742000579834 19.5909996032715 15.6759996414185 14.9849996566772 15.8649997711182 16.0629997253418 15.9709997177124 14.9860000610352 13.7049999237061 12.0930004119873 3.31500005722046 1.94700002670288 2.61700010299683 2.85500001907349 2.38499999046326 2.51600003242493 2.45499992370605 1.97899997234344 4.77500009536743 8.66499996185303
18.6529998779297 17.9750003814697 18.826000213623 19.0769996643066 18.4080009460449 14.2399997711182 9.26599979400635 8.45400047302246 8.97000026702881 9.72000026702881 13.6660003662109 16.0750007629395 19.6100006103516 21.4009990692139 21.6310005187988 23.5650005340576 24.9459991455078 25.8659992218018 26.5109996795654 27.6259994506836 26.8390007019043 26.4209995269775 25.7709999084473 23.326000213623 22.6580009460449 21.2600002288818 21.2290000915527 21.0639991760254 17.7240009307861 18.0820007324219 19.0849990844727 17.5949993133545 17.5279998779297 15.7399997711182 14.8079996109009 9.2189998626709 3.81399989128113 1.77799999713898 2.06399989128113 1.8639999628067 1.76600003242493 1.692999958992 3.57800006866455 6.34200000762939 8.38099956512451 13.3940000534058
17.5799999237061 15.4670000076294 16.8990001678467 17.3719997406006 16.5209999084473 14.9700002670288 12.6920003890991 8.11999988555908 9.08300018310547 12.6549997329712 16.4950008392334 17.2210006713867 20.0270004272461 20.7169990539551 22.253999710083 24.2590007781982 25.3560009002686 27.2889995574951 28.003999710083 28.25 27.2689990997314 27.0480003356934 26.826000213623 23.0349998474121 21.5349998474121 21.2439994812012 21.0480003356934 20.3840007781982 19.7560005187988 19.8969993591309 20.1060009002686 18.9139995574951 18.4529991149902 17.056999206543 14.0900001525879 11.5069999694824 9.20600032806396 4.23299980163574 1.52900004386902 1.42299997806549 1.07000005245209 2.19000005722046 5.76800012588501 9.64400005340576 13.0240001678467 16.173999786377
21.257999420166 15.871000289917 17.0709991455078 16.1760005950928 14.5710000991821 13.8690004348755 8.72000026702881 8.25899982452393 9.39599990844727 14.4540004730225 16.5650005340576 16.7290000915527 17.076000213623 20.0170001983643 23.5729999542236 25.1849994659424 25.6480007171631 27.3719997406006 27.9389991760254 29.0900001525879 28.7940006256104 27.2800006866455 26.2180004119873 23.1520004272461 21.67799949646 21.6849994659424 21.1539993286133 19.882999420166 19.25 19.9200000762939 19.4990005493164 18.30299949646 17.9139995574951 16.9009990692139 14.4499998092651 11.7180004119873 11.0129995346069 4.26300001144409 1.31700003147125 0.933000028133392 2.07599997520447 8.06599998474121 7.31899976730347 11.4219999313354 15.5260000228882 19.5839996337891
20.4619998931885 18.4860000610352 18.3400001525879 14.6780004501343 8.94299983978271 8.60999965667725 7.84499979019165 8.36699962615967 8.46399974822998 13.7209997177124 16.7639999389648 17.1979999542236 17.7040004730225 21.3099994659424 23.4160003662109 24.6399993896484 24.9669990539551 26.4759998321533 27.3299999237061 28.5779991149902 28.1259994506836 28.0429992675781 27.0809993743896 24.8209991455078 23.5849990844727 21.5750007629395 21.7169990539551 20.7350006103516 17.9209995269775 19.201000213623 18.2630004882812 17.3899993896484 16.6280002593994 15.923999786377 13.5349998474121 11.16100025177 11.1000003814697 8.51599979400635 5.4689998626709 1.90100002288818 6.95499992370605 12.9449996948242 12.5649995803833 12.9350004196167 17.0380001068115 20.8379993438721
20.0499992370605 17.5279998779297 16.9160003662109 13.581000328064 8.55300045013428 7.34299993515015 7.63100004196167 7.15100002288818 8.44799995422363 14.4340000152588 17.6569995880127 18.0739994049072 18.4939994812012 21.17799949646 21.2900009155273 23.1459999084473 24.0049991607666 25.5300006866455 26.6590003967285 27.4130001068115 27.5060005187988 27.4169998168945 25.9169998168945 25.1499996185303 22.753999710083 21.0419998168945 20.6070003509521 17.7830009460449 17.5109996795654 18.048999786377 16.488000869751 16.3770008087158 14.7760000228882 12.7480001449585 12.9399995803833 13.4040002822876 11.4300003051758 12.8730001449585 13.75 14.5780000686646 14.2569999694824 18.7099990844727 18.92799949646 16.576000213623 18.6229991912842 24.6730003356934
20.8880004882812 13.9630002975464 14.0469999313354 12.6309995651245 9.23799991607666 7.59100008010864 8.44600009918213 9.75699996948242 11.9670000076294 15.1569995880127 16.1140003204346 18.1429996490479 18.7339992523193 19.6720008850098 20.3150005340576 22.8199996948242 23.3369998931885 24.7970008850098 26.2509994506836 26.6669998168945 26.1259994506836 26.1200008392334 24.625 22.9109992980957 20.5820007324219 20.117000579834 20.7409992218018 18.2430000305176 17.4150009155273 16.9060001373291 15.3920001983643 14.9180002212524 13.2480001449585 11.7980003356934 13.1070003509521 17.2110004425049 16.7679996490479 16.8040008544922 20.1690006256104 21.6669998168945 19.6590003967285 19.8899993896484 20.1000003814697 19.1709995269775 25.1959991455078 26.0319995880127
20.1480007171631 16.8330001831055 12.8979997634888 8.91899967193604 7.16300010681152 7.34600019454956 8.60200023651123 10.41100025177 10.6409997940063 11.5410003662109 13.7790002822876 17.5849990844727 18.7019996643066 20.632999420166 21.0779991149902 21.806999206543 22.4710006713867 22.6630001068115 24.3610000610352 24.3939990997314 24.6520004272461 25.1830005645752 22.9580001831055 19.7749996185303 18.9099998474121 19.9020004272461 19.2740001678467 17.4710006713867 17.3770008087158 15.6540002822876 13.6619997024536 13.4130001068115 12.5629997253418 11.5299997329712 12.6059999465942 17.0779991149902 19.1140003204346 21.9829998016357 24.8360004425049 24.6030006408691 22.2329998016357 19.9589996337891 20.6049995422363 23.8099994659424 25.5020008087158 26.6919994354248
19.5279998779297 17.6159992218018 13.9530000686646 8.76099967956543 7.40700006484985 7.57399988174438 9.19099998474121 10.1490001678467 11.7080001831055 12.3970003128052 14.6990003585815 16.2019996643066 18.9740009307861 20.2700004577637 19.2229995727539 21.3899993896484 21.988000869751 22.1480007171631 21.9710006713867 22.4099998474121 23.3990001678467 24.4389991760254 21.1529998779297 18.1749992370605 18.613000869751 19.0020008087158 18.7220001220703 16.1669998168945 16.0459995269775 12.6540002822876 11.3680000305176 10.2419996261597 10.9440002441406 11.4139995574951 15.3819999694824 18.5179996490479 21.7129993438721 25.5860004425049 25.613000869751 25.8740005493164 25.6089992523193 23.4699993133545 23.4850006103516 25.173999786377 27.5799999237061 28.6009998321533
17.3910007476807 17.1660003662109 14.1260004043579 7.99100017547607 7.63000011444092 8.91699981689453 8.88799953460693 9.57900047302246 12.6759996414185 13.5909996032715 14.7799997329712 15.0200004577637 15.9359998703003 16.9060001373291 15.9020004272461 19.2070007324219 21.1520004272461 21.5470008850098 21.7029991149902 21.7110004425049 22.2080001831055 22.4209995269775 22.2409992218018 17.5440006256104 16.2709999084473 16.943000793457 16.261999130249 16.2049999237061 14.0649995803833 10.4049997329712 8.75800037384033 8.32699966430664 8.47200012207031 12.9870004653931 17.3050003051758 19.7320003509521 23.5990009307861 25.9349994659424 26.6879997253418 27.3640003204346 27.7670001983643 27.9009990692139 27.0750007629395 26.8640003204346 29.0459995269775 32.4280014038086
12.8000001907349 11.7849998474121 6.22399997711182 6.34499979019165 8.3100004196167 10.5129995346069 10.6850004196167 10.8800001144409 12.6759996414185 13.9119997024536 14.0069999694824 12.8979997634888 14.2440004348755 16.1749992370605 18.6060009002686 18.7509994506836 20.9659996032715 21.1159992218018 19.9409999847412 19.4370002746582 19.9099998474121 20.1520004272461 18.7840003967285 16.2399997711182 14.6120004653931 12.7449998855591 10.9490003585815 13.6549997329712 12.7530002593994 9.21399974822998 8.4689998626709 8.00300025939941 6.25099992752075 12.121000289917 13.0659999847412 19.8540000915527 22.701000213623 26.1459999084473 28.4820003509521 29.0659999847412 29.1310005187988 29.0109996795654 28.4740009307861 28.0330009460449 31.3490009307861 34.5820007324219
5.7810001373291 5.60099983215332 5.4210000038147 5.98099994659424 8.15799999237061 10.6759996414185 11.7279996871948 11.4309997558594 12.951000213623 13.2110004425049 13.8979997634888 12.7930002212524 13.9169998168945 18.9619998931885 20.4230003356934 20.4440002441406 19.7810001373291 19.4750003814697 19.1229991912842 19.1180000305176 17.9969997406006 16.8390007019043 14.8620004653931 13.7480001449585 13.8240003585815 9.90900039672852 8.20300006866455 7.97800016403198 5.23799991607666 7.38800001144409 3.01600003242493 2.78200006484985 1.36199998855591 2.80299997329712 3.48300004005432 16.1450004577637 23.9810009002686 27.0100002288818 29.0849990844727 30.0300006866455 29.9559993743896 29.6019992828369 29.0030002593994 27.8999996185303 30.0550003051758 33.1380004882812
4.29899978637695 4.92399978637695 4.89900016784668 5.56400012969971 8.19400024414062 8.36400032043457 10.9350004196167 11.2530002593994 12.0209999084473 13.628999710083 14.6440000534058 14.1630001068115 16.6949996948242 19.8990001678467 20.568000793457 20.2609996795654 19.6959991455078 19.4069995880127 19.5359992980957 18.9979991912842 17.6840000152588 15.9930000305176 14.6549997329712 11.4429998397827 10.1920003890991 9.56700038909912 8.6230001449585 6.99399995803833 5.0789999961853 4.56799983978271 1.36300003528595 0.737999975681305 0.904999971389771 0.967999994754791 1.27100002765656 15.3020000457764 25.1580009460449 26.4409999847412 28.6580009460449 29.7080001831055 29.7080001831055 29.8059997558594 28.5949993133545 27.8379993438721 29.4009990692139 33.3089981079102
2.90499997138977 3.23200011253357 3.33800005912781 4.91499996185303 5.95499992370605 7.9539999961853 8.25800037384033 10.9980001449585 12.5649995803833 14.2299995422363 15.7659997940063 16.1760005950928 18.3250007629395 19.1100006103516 20.9370002746582 20.7320003509521 20.701000213623 21.4580001831055 21.7810001373291 21.6159992218018 17.818000793457 17.3990001678467 17.3279991149902 15.0600004196167 9.5939998626709 9.80900001525879 8.94999980926514 7.48799991607666 4.95599985122681 4.52600002288818 3.76699995994568 0.607999980449677 0.833999991416931 1.21200001239777 12.9409999847412 22.9570007324219 23.8199996948242 25.625 27.1889991760254 28.8059997558594 28.9440002441406 29.1380004882812 27.9580001831055 27.3299999237061 29.6229991912842 31.7530002593994
3.10800004005432 3.07999992370605 2.82500004768372 3.98600006103516 4.17500019073486 6.36600017547607 8.23799991607666 10.826000213623 13.3120002746582 15.6499996185303 17.1590003967285 17.7409992218018 19.0820007324219 19.4659996032715 21.8479995727539 22.5739994049072 23.5540008544922 23.0219993591309 22.75 21.0709991455078 18.4689998626709 18.4300003051758 18.5540008544922 16.3139991760254 12.5310001373291 10.5909996032715 9.22700023651123 8.90499973297119 7.67799997329712 4.46000003814697 4.11100006103516 1.68799996376038 0.787999987602234 1.3400000333786 14.2480001449585 15.2690000534058 23.2129993438721 24.8999996185303 23.6240005493164 26.371000289917 27.5669994354248 27.8990001678467 25.7290000915527 27.193000793457 27.9610004425049 29.0370006561279
2.48900008201599 2.37400007247925 1.67900002002716 1.70500004291534 2.46499991416931 3.41400003433228 6.41900014877319 9.63899993896484 14.0509996414185 14.1059999465942 18.7439994812012 21.4769992828369 21.6410007476807 22.5370006561279 23.2280006408691 23.6940002441406 24.4039993286133 24.0149993896484 22.6070003509521 22.1270008087158 19.9500007629395 19.7290000915527 18.1840000152588 14.2869997024536 11.2959995269775 10.664999961853 9.98299980163574 8.74600028991699 8.41899967193604 5.07299995422363 3.30599999427795 2.02800011634827 0.773999989032745 1.45899999141693 2.41100001335144 5.42199993133545 22.4570007324219 23.1119995117188 23.3649997711182 23.8570003509521 25.1100006103516 25.4349994659424 24.4659996032715 23.7339992523193 26.1350002288818 26.8290004730225
1.182000041008 1.06700003147125 1.17999994754791 1.74500000476837 1.27999997138977 2.16300010681152 3.57500004768372 7.88100004196167 14.2419996261597 17.7630004882812 21.25 22.5890007019043 23.4150009155273 24.3889999389648 25.2049999237061 25.4309997558594 25.1399993896484 24.6989994049072 23.0380001068115 22.5139999389648 21.0259990692139 20.4200000762939 19.3419990539551 17.367000579834 14.1040000915527 11.0299997329712 9.92700004577637 8.75100040435791 7.18800020217896 5.09800004959106 2.7409999370575 2.48699998855591 1.13999998569489 1.04499995708466 1.96599996089935 12.7220001220703 20.3320007324219 22.4409999847412 23.1119995117188 22.8369998931885 23.007999420166 23.2889995574951 23.1450004577637 22.4990005493164 22.9009990692139 24.5049991607666
