01_datasets/03_gis/02_asc_chm-r50m/BR211X.asc
NCOLS 200 
NROWS 200 
XLLCORNER 531218 
YLLCORNER 5292345 
CELLSIZE 0.5 
NODATA_value -3.4e+38 
[rows 120 to 139 of 200, columns 92 to 137 of 200]
2.82699990272522 0.159999996423721 0.711000025272369 2.96700000762939 4.69999980926514 6.82999992370605 6.77899980545044 6.53999996185303 4.68900012969971 2.1029999256134 1.83000004291534 1.81099998950958 1.30900001525879 0.737999975681305 0.587999999523163 2.06299996376038 2.79399991035461 3.02900004386902 2.63499999046326 1.95299994945526 5.25600004196167 7.36199998855591 6.87799978256226 6.22399997711182 7.3289999961853 5.26200008392334 3.67799997329712 2.3199999332428 2.74699997901917 3.3970000743866 6.32999992370605 7.22100019454956 7.53399991989136 9.2180004119873 9.84500026702881 9.87600040435791 9.51700019836426 10.0629997253418 5.91300010681152 15.2130002975464 24.7660007476807 26.375 28.0540008544922 29.1590003967285 29.806999206543 30.0729999542236
6.36600017547607 2.27500009536743 3.19799995422363 5.96199989318848 6.92999982833862 7.06500005722046 7.50099992752075 7.23899984359741 6.2810001373291 3.87100005149841 3.4449999332428 3.62700009346008 3.08299994468689 2.05999994277954 1.03299999237061 0.224999994039536 1.21300005912781 1.29900002479553 0.796000003814697 3.99499988555908 10.3249998092651 16.1280002593994 15.6479997634888 17.3589992523193 13.6829996109009 5.14900016784668 3.85800004005432 2.84200000762939 2.86899995803833 3.96300005912781 6.64499998092651 7.06099987030029 8.66600036621094 9.85200023651123 9.71100044250488 16.8519992828369 21.1720008850098 20.1790008544922 18.0979995727539 22.496000289917 25.0330009460449 27.0060005187988 28.7129993438721 28.9340000152588 29.6690006256104 30.2199993133545
10.2650003433228 5.37599992752075 4.70100021362305 5.95900011062622 7.03399991989136 7.72800016403198 7.97599983215332 7.97100019454956 8.05799961090088 6.69399976730347 4.28399991989136 3.85400009155273 3.26200008392334 2.26999998092651 1.24399995803833 0.41100001335144 0.398000001907349 0.38400000333786 1.22399997711182 2.18700003623962 11.2550001144409 18.5340003967285 19.5209999084473 17.996000289917 13.3620004653931 5.39900016784668 3.28999996185303 2.86100006103516 2.89499998092651 3.375 5.68599987030029 7.32100009918213 9.47900009155273 13.6859998703003 18.2630004882812 22.2549991607666 22.2049999237061 22.2479991912842 22.6420001983643 22.8040008544922 25.1599998474121 25.5849990844727 28.5459995269775 28.7029991149902 29.5189990997314 30.1040000915527
12.5179996490479 4.67199993133545 4.81099987030029 5.34700012207031 7.3270001411438 7.86499977111816 8.14099979400635 8.1569995880127 8.13500022888184 8.12399959564209 5.04099988937378 4.38500022888184 3.15799999237061 2.42600011825562 1.43400001525879 1.23099994659424 1.24300003051758 1.34700000286102 2.04299998283386 3.60599994659424 8.47900009155273 18.3309993743896 19.1359996795654 14.4309997558594 14.3559999465942 8.79399967193604 4.57299995422363 3.32999992370605 2.8529999256134 3.48900008201599 5.00699996948242 7.43400001525879 9.18299961090088 18.1459999084473 22.8269996643066 22.5610008239746 22.253999710083 22.1800003051758 22.1879997253418 23.318000793457 24.1399993896484 26.0930004119873 28.1800003051758 28.8759994506836 29.4080009460449 29.6009998321533
7.20900011062622 4.92700004577637 4.8289999961853 6.53900003433228 7.43900012969971 7.59100008010864 8.1560001373291 8.13500022888184 7.95699977874756 7.87099981307983 6.04199981689453 4.41400003433228 3.6470000743866 2.6949999332428 1.95899999141693 1.41499996185303 2.06800007820129 3.20099997520447 4.08699989318848 4.28299999237061 5.38800001144409 14.8680000305176 12.7849998474121 10.5159997940063 8.73600006103516 5.84600019454956 3.35599994659424 3.16700005531311 2.93400001525879 1.93299996852875 3.31800007820129 5.23099994659424 9.16800022125244 17.8570003509521 22.5219993591309 22.0629997253418 22.3649997711182 22.201000213623 22.443000793457 22.9309997558594 22.4360008239746 22.9449996948242 26.9459991455078 28.0209999084473 28.7910003662109 28.7520008087158
6.11899995803833 5.53800010681152 5.08699989318848 5.01000022888184 6.35400009155273 6.15100002288818 7.57399988174438 7.48099994659424 7.11100006103516 7 3.19199991226196 3.57999992370605 3.62199997901917 2.9449999332428 1.95500004291534 1.00499999523163 1.27699995040894 2.46399998664856 3.75600004196167 4.85200023651123 5.17500019073486 5.45300006866455 5.18900012969971 4.69000005722046 3.50500011444092 3.16100001335144 3.38499999046326 3.21499991416931 2.41700005531311 0.939000010490417 2.62700009346008 3.40799999237061 9.57800006866455 10.6379995346069 16.806999206543 21.55299949646 22.1700000762939 22.3740005493164 23.298999786377 23.7649993896484 23.0970001220703 24.0610008239746 25.8700008392334 26.5429992675781 27.8759994506836 28.0370006561279
5.18699979782104 5.26599979400635 5.65100002288818 5.74599981307983 5.96700000762939 5.72599983215332 5.83699989318848 6.10599994659424 5.80999994277954 5.07800006866455 2.61199998855591 2.63199996948242 2.73399996757507 2.82299995422363 1.86300003528595 0.903999984264374 0.552999973297119 1.87899994850159 3.29699993133545 4.47300004959106 4.87599992752075 4.7480001449585 4.63299989700317 4.19700002670288 3.65300011634827 3.1159999370575 3.36299991607666 2.81500005722046 4.03499984741211 1.89900004863739 1.97300004959106 7.87599992752075 10.4840002059937 9.43099975585938 19.2859992980957 22.3560009002686 22.2479991912842 22.1439990997314 22.826000213623 23.5599994659424 24.5919990539551 24.2329998016357 24.9080009460449 25.4559993743896 26.7210006713867 26.5330009460449
5.00500011444092 5.6710000038147 6.10699987411499 6.03700017929077 5.84299993515015 5.94199991226196 5.43599987030029 4.90799999237061 4.63899993896484 4.20699977874756 1.65799999237061 1.57400000095367 1.82200002670288 1.94900000095367 1.74100005626678 1.31900000572205 1.5110000371933 1.27100002765656 3.25799989700317 4.14699983596802 4.3769998550415 4.31300020217896 4.23899984359741 3.82299995422363 3.56100010871887 4.99599981307983 5.65199995040894 6.9850001335144 11.0600004196167 10.4200000762939 9.76099967956543 12.6420001983643 11.2930002212524 11.4309997558594 20.2059993743896 22.7119998931885 22.2910003662109 22.2569999694824 22.4729995727539 23.1650009155273 23.5109996795654 21.5499992370605 22.7409992218018 23.9829998016357 24.2639999389648 25.4120006561279
5.83799982070923 5.4539999961853 6.11899995803833 6.34700012207031 5.36399984359741 5.32800006866455 5.39499998092651 4.80200004577637 4.4850001335144 2.35899996757507 0.47299998998642 0.46000000834465 0.635999977588654 0.879999995231628 1.08599996566772 1.54799997806549 1.60199999809265 1.72800004482269 3.06900000572205 3.91799998283386 3.98900008201599 4.01000022888184 3.85800004005432 7.22700023651123 9.32400035858154 10.4680004119873 12.9689998626709 15.1909999847412 15.003999710083 14.8819999694824 14.7049999237061 13.923999786377 11.8990001678467 9.85299968719482 18.7670001983643 22.2280006408691 22.1359996795654 22.0750007629395 22.1580009460449 22.4360008239746 22.0750007629395 21.3969993591309 21.2959995269775 21.1340007781982 24.4160003662109 26.6149997711182
5.00899982452393 5.43499994277954 4.93100023269653 5.33199977874756 5.24200010299683 4.69399976730347 4.28299999237061 3.79900002479553 3.40499997138977 0.493999987840652 0.60699999332428 0.718999981880188 0.797999978065491 0.763999998569489 0.730000019073486 1.14699995517731 1.03400003910065 1.34500002861023 2.26999998092651 3.2039999961853 3.54099988937378 3.4779999256134 4.11700010299683 11.1579999923706 14.6619997024536 15.121000289917 15.298999786377 15.3319997787476 15.039999961853 14.9160003662109 15.1169996261597 15.4270000457764 12.6479997634888 8.27400016784668 17.1840000152588 21.8050003051758 21.8229999542236 21.5650005340576 21.7189998626709 21.7919998168945 21.378999710083 21.1270008087158 20.8430004119873 23.2819995880127 28.9860000610352 31.3509998321533
2.38499999046326 2.28800010681152 3.60700011253357 4.55800008773804 4.90299987792969 4.125 3.11199998855591 2.61899995803833 2.66000008583069 1.4650000333786 1.04100000858307 0.781000018119812 0.953999996185303 1.07799994945526 1.10300004482269 0.869000017642975 0.483000010251999 0.89300000667572 1.83000004291534 2.76600003242493 3.13199996948242 2.98799991607666 3.19300007820129 15.0640001296997 15.0550003051758 15.039999961853 15.3680000305176 15.5319995880127 15.3889999389648 15.3409996032715 15.4619998931885 15.8070001602173 14.9350004196167 17.8010005950928 20.0540008544922 21.2000007629395 21.2630004882812 21.3700008392334 21.5109996795654 20.6690006256104 19.7549991607666 20.8110008239746 25.9759998321533 28.7159996032715 31.7889995574951 33.1220016479492
0.602999985218048 1.95899999141693 2.66199994087219 3.7409999370575 4.29500007629395 3.82299995422363 2.73699998855591 2.05800008773804 1.99399995803833 2.25699996948242 2.02600002288818 1.75399994850159 1.33000004291534 1.04200005531311 1.2150000333786 1.12000000476837 1.89499998092651 4.00899982452393 2.67600011825562 2.3289999961853 2.82800006866455 2.74200010299683 2.95799994468689 12.3170003890991 15.0129995346069 14.7849998474121 15.4370002746582 15.6359996795654 15.6520004272461 15.789999961853 15.8620004653931 15.8479995727539 15.7340002059937 17.8449993133545 18.8570003509521 19.4379997253418 18.7910003662109 21.048999786377 20.2299995422363 17.4930000305176 17.7189998626709 20.1280002593994 24.746000289917 29.4650001525879 32.9129981994629 33.1599998474121
0.527999997138977 1.07799994945526 1.62899994850159 2.38700008392334 3.50999999046326 3.39599990844727 1.92799997329712 1.11199998855591 1.3309999704361 1.73099994659424 2.13100004196167 1.91799998283386 1.68700003623962 1.4559999704361 1.22599995136261 1.9539999961853 4.70599985122681 7.67500019073486 10.3649997711182 8.8100004196167 2.95300006866455 2.5699999332428 3.59699988365173 11.3780002593994 15.1260004043579 14.8850002288818 15.503999710083 15.6639995574951 12.9289999008179 15.8699998855591 15.8929996490479 15.6809997558594 15.6359996795654 15.7779998779297 14.5139999389648 13.2489995956421 15.2930002212524 17.7919998168945 18.6949996948242 10.7919998168945 11.7639999389648 14.6929998397827 23.2099990844727 29.4459991455078 32.5709991455078 33.3689994812012
0.28099998831749 0.409000009298325 0.748000025749207 1.29900002479553 2.11199998855591 1.9650000333786 1.09899997711182 1.18099999427795 1.26699995994568 1.25699996948242 1.46800005435944 1.86800003051758 1.80900001525879 1.57799994945526 1.34700000286102 2.58400011062622 5.98600006103516 9.17099952697754 11.5279998779297 12.2620000839233 12.8439998626709 8.39200019836426 2.71499991416931 9.18000030517578 11.1800003051758 14.5790004730225 15.1719999313354 8.16899967193604 6.14300012588501 13.7019996643066 15.7930002212524 13.1040000915527 11.7089996337891 9.26099967956543 7.99700021743774 9.29599952697754 12.0080003738403 17.7119998931885 17.1840000152588 9.79199981689453 5.80800008773804 8.49199962615967 21.7140007019043 32.0209999084473 33.1879997253418 34.1500015258789
0.301999986171722 0.430000007152557 0.558000028133392 0.685000002384186 0.968999981880188 1.38900005817413 1.02499997615814 1.25100004673004 1.42400002479553 1.41400003433228 1.40400004386902 1.39300000667572 1.60500001907349 1.70000004768372 1.46899998188019 3.21499991416931 6.61700010299683 10.0190000534058 13.4209995269775 14.1129999160767 13.789999961853 10.6160001754761 3.12899994850159 3.42199993133545 5.95699977874756 12.8839998245239 14.2779998779297 14.2880001068115 5.18699979782104 10.3590002059937 8.1899995803833 5.66699981689453 4.56500005722046 2.98000001907349 3.37700009346008 6.22800016403198 11.0150003433228 19.6599998474121 15.673999786377 9.34899997711182 2.93499994277954 2.06100010871887 18.9869995117188 31.9009990692139 32.773998260498 33.7929992675781
0.324000000953674 0.45100000500679 0.578999996185303 0.707000017166138 0.833999991416931 1.05599999427795 0.897000014781952 1.32000005245209 1.54499995708466 1.57099997997284 1.55999994277954 1.54999995231628 1.53999996185303 1.52999997138977 1.59099996089935 3.84500002861023 6.71299982070923 9.17000007629395 12.1420001983643 12.4820003509521 14.1110000610352 9.10900020599365 3.98300004005432 3.7720000743866 3.45199990272522 8.58699989318848 11.8509998321533 9.73099994659424 3.99600005149841 3.07599997520447 2.48900008201599 2.09800004959106 1.42700004577637 0.29899999499321 0.448000013828278 4.31899976730347 12.96399974823 20.4890003204346 14.1639995574951 7.83900022506714 3.56200003623962 2.26399993896484 7.8439998626709 24.7220001220703 31.7630004882812 32.5270004272461
0.344999998807907 0.47299998998642 0.620999991893768 0.869000017642975 1.11800003051758 1.36600005626678 0.839999973773956 1.08000004291534 1.6139999628067 1.72699999809265 1.71700000762939 1.70700001716614 1.69700002670288 1.68700003623962 1.52900004386902 1.76499998569489 3.90799999237061 5.27500009536743 6.59200000762939 6.55399990081787 12.0620002746582 6.54099988937378 4.56199979782104 3.1800000667572 2.86100006103516 3.51200008392334 6.15700006484985 3.22399997711182 2.43300008773804 2.4449999332428 2.34599995613098 2.47399997711182 1.89199995994568 0.954999983310699 0.234999999403954 5.59299993515015 14.9130001068115 18.9790000915527 12.6540002822876 11.3380002975464 11.0030002593994 9.60299968719482 6.4980001449585 22.5380001068115 31.1609992980957 31.1560001373291
0.433999985456467 0.683000028133392 0.930999994277954 1.17999994754791 1.42900002002716 1.67700004577637 0.966000020503998 0.524999976158142 1.39600002765656 1.88399994373322 1.87399995326996 1.8639999628067 1.83399999141693 1.58599996566772 1.5110000371933 1.53400003910065 2.26399993896484 3.58800005912781 4.21600008010864 6.17600011825562 10.5419998168945 7.73899984359741 3.53999996185303 2.59800004959106 2.43499994277954 2.27600002288818 2.09699988365173 2.05399990081787 2.07999992370605 2.10899996757507 2.22499990463257 2.64800000190735 2.37299990653992 2.08299994468689 1.66999995708466 0.328000009059906 13.7510004043579 19.1830005645752 19.0820007324219 19.2569999694824 18.4440002441406 15.5590000152588 12.4530000686646 21.0610008239746 28.5909996032715 30.8889999389648
3.13599991798401 2.43099999427795 1.72599995136261 1.49100005626678 1.7389999628067 1.98800003528595 1.09200000762939 0.356000006198883 0.321999996900558 1.71200001239777 2.01799988746643 1.89900004863739 1.89400005340576 1.88999998569489 1.8860000371933 1.95899999141693 2.00200009346008 3.30299997329712 3.39599990844727 3.21399998664856 4.50899982452393 3.86400008201599 1.68900001049042 1.75499999523163 2.52099990844727 2.42499995231628 2.04200005531311 2.05100011825562 1.95099997520447 2.29099988937378 2.45600008964539 2.98399996757507 3.35800004005432 3.41400003433228 4.61299991607666 6.39400005340576 13.0609998703003 22.2660007476807 22.9559993743896 22.363000869751 22.8379993438721 23.996000289917 24.8299999237061 27.4909992218018 30.5639991760254 32.1080017089844
7.36199998855591 6.65700006484985 5.95100021362305 5.24599981307983 4.54099988937378 3.49000000953674 2.48499989509583 1.52300000190735 1.62899994850159 2.31100010871887 2.19600009918213 2.25300002098083 2.26900005340576 2.26399993896484 2.25999999046326 2.3659999370575 2.21600008010864 2.5220000743866 6.2960000038147 7.51100015640259 12.5719995498657 3.81299996376038 0.683000028133392 1.85399997234344 2.6949999332428 4.02099990844727 7.18300008773804 7.59600019454956 5.19799995422363 3.91899991035461 3.81399989128113 5.13299989700317 5.80299997329712 4.95800018310547 11.5319995880127 21.3129997253418 22.9680004119873 22.9860000610352 23.6299991607666 23.2280006408691 24.3509998321533 27.9260005950928 28.503999710083 28.4740009307861 30.0750007629395 31.693000793457
