01_datasets/03_gis/02_asc_chm-r50m/BR212B.asc
NCOLS 200 
NROWS 200 
XLLCORNER 525880.5 
YLLCORNER 5297314.5 
CELLSIZE 0.5 
NODATA_value -3.4e+38 
[rows 140 to 159 of 200, columns 92 to 137 of 200]
2.49399995803833 2.71600008010864 2.80900001525879 2.24799990653992 0.611999988555908 0.171000003814697 14.0150003433228 24.378999710083 25.6490001678467 24.8530006408691 26.496000289917 27.0629997253418 26.4729995727539 27.2169990539551 27.8899993896484 28.3810005187988 29.9389991760254 30.7140007019043 31.2469997406006 31.2089996337891 29.6420001983643 28.7520008087158 28.3059997558594 27.7159996032715 28.1569995880127 25.9449996948242 24.6580009460449 22.9669990539551 22.2360000610352 23.2770004272461 23.1499996185303 22.7649993896484 22.8040008544922 23.3959999084473 24.5879993438721 24.875 23.6019992828369 23.5450000762939 22.9249992370605 21.9950008392334 18.9619998931885 12.4409999847412 4.9539999961853 1.43400001525879 1.87000000476837 1.36300003528595
2.25799989700317 2.39800000190735 2.40400004386902 1.82299995422363 1.14800000190735 0.321999996900558 8.82900047302246 22.9190006256104 23.8889999389648 23.6319999694824 26.0419998168945 26.7169990539551 26.8570003509521 27.4209995269775 27.9209995269775 28.6520004272461 29.9370002746582 30.871000289917 31.367000579834 28.943000793457 27.4869995117188 27.1959991455078 26.2880001068115 25.923999786377 25.7430000305176 25.6499996185303 24.3980007171631 22.0380001068115 21.9589996337891 22.0849990844727 22.1399993896484 23.2329998016357 25.7660007476807 26.2639999389648 26.2819995880127 26.3159999847412 25.2849998474121 23.6200008392334 23.0890007019043 20.2870006561279 13.4250001907349 9.12600040435791 3.42700004577637 1.36300003528595 1.1710000038147 1.11000001430511
2.10700011253357 2.33100008964539 2.38599991798401 1.57700002193451 1.19200003147125 1.11099994182587 10.4060001373291 20.8519992828369 23.4060001373291 23.6159992218018 25.5919990539551 26.9990005493164 27.117000579834 27.8780002593994 28.2910003662109 28.9799995422363 29.7169990539551 29.6690006256104 28.5939998626709 25.1940002441406 24.7639999389648 25.1469993591309 25.5869998931885 24.8150005340576 23.3579998016357 23.1450004577637 22.3610000610352 21.4360008239746 21.2639999389648 22.4570007324219 22.8129997253418 25.2870006561279 27.7360000610352 27.8939990997314 28.6490001678467 28.056999206543 27.3570003509521 25.2080001831055 23.7350006103516 19.5510005950928 13.298999786377 9.29300022125244 3.29500007629395 0.705999970436096 0.899999976158142 1.05799996852875
2.76900005340576 2.58599996566772 2.9760000705719 2.00399994850159 1.74899995326996 1.89900004863739 2.20600008964539 10.1339998245239 16.673999786377 18.7469997406006 24.0060005187988 26.636999130249 27.7630004882812 28.2950000762939 28.2859992980957 28.363000869751 28.9169998168945 28.82200050354 26.8840007781982 25.7080001831055 24.6790008544922 24.6630001068115 24.617000579834 21.9109992980957 21.1280002593994 21.9300003051758 21.8430004119873 21.6270008087158 23.3229999542236 25.1630001068115 26.2070007324219 28.5270004272461 29.9720001220703 29.6609992980957 28.7910003662109 29.9190006256104 28.9409999847412 27.3269996643066 25.5510005950928 20.6350002288818 13.7550001144409 10.6619997024536 6.1710000038147 1.58500003814697 0.910000026226044 1.19900000095367
3.56699991226196 3.37899994850159 3.75099992752075 3.52699995040894 2.79500007629395 2.76200008392334 1.50699996948242 1.05200004577637 2.49699997901917 6.04199981689453 12.0930004119873 23.3880004882812 26.4440002441406 27.0310001373291 27.0349998474121 27.2299995422363 27.6700000762939 27.3950004577637 24.3600006103516 24.6560001373291 24.8199996948242 24.7350006103516 24.6420001983643 22.3320007324219 19.7660007476807 20.5919990539551 22.3379993438721 22.503999710083 24.8880004882812 25.9969997406006 29.2450008392334 31.568000793457 32.132999420166 33.5519981384277 34.3680000305176 33.2970008850098 32.0800018310547 29.9659996032715 29.201000213623 27.9150009155273 18.5450000762939 9.78899955749512 7.61499977111816 5.7189998626709 0.705999970436096 0.917999982833862
4.22599983215332 4.68800020217896 5.16099977493286 5.05499982833862 4.05399990081787 3.57299995422363 1.44200003147125 0.51800000667572 0.586000025272369 0.699000000953674 6.48600006103516 15.7030000686646 24.9270000457764 25.128999710083 25.181999206543 25.32200050354 24.6599998474121 22.8279991149902 22.761999130249 24.8059997558594 24.8579998016357 23.5990009307861 21.826000213623 20.9810009002686 16.1979999542236 17.488000869751 21.7929992675781 23.1019992828369 24.6749992370605 27.3299999237061 30.7730007171631 33.2459983825684 34.632999420166 35.4290008544922 35.6220016479492 35.314998626709 34.6119995117188 32.4780006408691 29.6520004272461 28.82200050354 24.5550003051758 16.632999420166 14.9809999465942 9.01299953460693 4.21000003814697 1.90799999237061
5.1269998550415 5.47100019454956 5.48199987411499 5.49599981307983 4.51300001144409 2.91899991035461 1.27400004863739 0.819000005722046 0.952000021934509 0.915000021457672 0.596000015735626 5.50600004196167 21.125 25.1599998474121 25.1900005340576 24.4829998016357 24.4740009307861 21.7369995117188 21.3409996032715 23.2469997406006 22.7600002288818 17.4069995880127 16.4099998474121 16.8040008544922 16.7770004272461 17.257999420166 22.8889999389648 23.8390007019043 25.0839996337891 28.8929996490479 30.9009990692139 32.4280014038086 35.7140007019043 36.4150009155273 36.6699981689453 35.8160018920898 35.6839981079102 34.2029991149902 31.1949996948242 30.2439994812012 26.8619995117188 22.8549995422363 20.9099998474121 16.3050003051758 12.2559995651245 7.40299987792969
14.6859998703003 5.19999980926514 4.87799978256226 4.61600017547607 4.17799997329712 2.41199994087219 1.64300000667572 1.18799996376038 1.06700003147125 1.13699996471405 0.704999983310699 0.884999990463257 11.8920001983643 23.1599998474121 22.6299991607666 22.923999786377 22.9389991760254 22.2399997711182 20.9160003662109 20.9130001068115 19.1660003662109 16.0970001220703 15.8299999237061 16.3850002288818 16.6000003814697 17.4650001525879 22.7950000762939 24.0939998626709 25.7439994812012 29.0459995269775 31.7940006256104 34.3230018615723 36.1790008544922 36.9710006713867 37.0180015563965 36.3839988708496 35.7750015258789 34.181999206543 31.6849994659424 30.1189994812012 25.7290000915527 22.9659996032715 17.8330001831055 23.6730003356934 18.9640007019043 12.8970003128052
24.5160007476807 5.35900020599365 5.05399990081787 4.26700019836426 3.25799989700317 2.00200009346008 1.40699994564056 1.01800000667572 1.18299996852875 1.32500004768372 0.954999983310699 0.859000027179718 2.94700002670288 16.4839992523193 16.4249992370605 17.5779991149902 17.9519996643066 18.3250007629395 18.886999130249 17.5820007324219 15.8540000915527 14.0329999923706 13.3979997634888 13.9130001068115 14.2229995727539 14.3859996795654 21.681999206543 22.7759990692139 26.4300003051758 29.2999992370605 31.9270000457764 34.9269981384277 36.6679992675781 36.9930000305176 36.9970016479492 36.6590003967285 36.0349998474121 33.3549995422363 31.5610008239746 27.0330009460449 27.2600002288818 24.92799949646 21.6240005493164 24.5510005950928 23.0090007781982 18.6870002746582
23.44700050354 11.5860004425049 4.47399997711182 2.72499990463257 1.29200005531311 1.38699996471405 1.18700003623962 0.830999970436096 1.29799997806549 1.49300003051758 1.31700003147125 1.2039999961853 1.01400005817413 9.80700016021729 11.8000001907349 12.2329998016357 12.6059999465942 15.0830001831055 14.9750003814697 13.8669996261597 12.7290000915527 11.081000328064 9.28699970245361 9.13300037384033 8.34500026702881 11.2370004653931 18.7889995574951 22.0440006256104 27.4300003051758 29.3899993896484 32.0110015869141 34.9020004272461 35.9959983825684 36.9770011901855 36.9589996337891 36.5460014343262 36.3190002441406 34.5839996337891 32.2369995117188 29.2229995727539 28.9950008392334 26.0860004425049 25.0930004119873 24.9349994659424 22.632999420166 19.0580005645752
25.7110004425049 25.4080009460449 16.0599994659424 1.13699996471405 0.944999992847443 1.05799996852875 1.21899998188019 1.14300000667572 1.35399997234344 1.74699997901917 1.66700005531311 1.37399995326996 1.16299998760223 3.71099996566772 6.51300001144409 7.16099977493286 9.79899978637695 12.1700000762939 11.0620002746582 9.95400047302246 8.8459997177124 7.73799991607666 6.30700016021729 4.80600023269653 5.10300016403198 11.3830003738403 16.2140007019043 20.6380004882812 26.9909992218018 29.5440006256104 32.7019996643066 33.8160018920898 34.6769981384277 36.2050018310547 36.5820007324219 36.048999786377 35.2789993286133 33.9830017089844 31.4029998779297 30.7630004882812 30.3950004577637 28.0750007629395 27.2730007171631 27.4740009307861 21.5690002441406 21.5189990997314
26.5699996948242 25.6060009002686 22.0020008087158 9.45499992370605 0.879999995231628 1.14900004863739 1.10599994659424 0.85699999332428 0.796999990940094 1.45500004291534 1.83000004291534 1.63699996471405 1.37399995326996 0.773999989032745 1.87699997425079 4.51399993896484 7.15199995040894 8.25800037384033 7.15000009536743 6.04199981689453 4.93400001525879 3.82599997520447 2.99399995803833 3.25600004196167 4.54500007629395 7.16599988937378 14.4099998474121 15.2229995727539 20.9659996032715 27.011999130249 31.1720008850098 32.765998840332 33.6310005187988 33.9690017700195 34.5789985656738 34.4609985351562 34.3089981079102 32.9799995422363 31.4839992523193 31.5090007781982 30.9009990692139 29.8530006408691 29.5499992370605 28.1669998168945 27.07200050354 25.0559997558594
26.7950000762939 25.5949993133545 24.7919998168945 23.867000579834 0.479999989271164 1.15199995040894 0.77700001001358 0.666999995708466 1.19599997997284 1.46800005435944 1.69099998474121 1.6710000038147 1.35300004482269 0.648999989032745 0.462000012397766 1.86800003051758 4.50500011444092 4.34499979019165 3.23699998855591 2.16400003433228 1.36699998378754 0.569000005722046 0.497000008821487 0.432000011205673 1.92299997806549 5.64699983596802 13.1859998703003 14.7869997024536 17.3279991149902 21.4209995269775 26.5610008239746 30.5160007476807 32.3709983825684 32.1269989013672 31.6650009155273 31.3719997406006 32.9490013122559 33.048999786377 32.1679992675781 31.9139995574951 31.1590003967285 30.4559993743896 29.5799999237061 27.7169990539551 27.0380001068115 22.7980003356934
26.4950008392334 25.7180004119873 25.3589992523193 22.5830001831055 8.03800010681152 4.57100009918213 0.644999980926514 0.612999975681305 0.730000019073486 0.99099999666214 1.25999999046326 1.2849999666214 1.13399994373322 0.800999999046326 0.935000002384186 0.453000009059906 1.54100000858307 0.53600001335144 0.412000000476837 0.629999995231628 0.749000012874603 0.754000008106232 0.566999971866608 0.363000005483627 1.8400000333786 7.21000003814697 14.0640001296997 15.7259998321533 17.4680004119873 22.4220008850098 26.117000579834 28.3110008239746 30.05299949646 30.6889991760254 31.4309997558594 32.0940017700195 32.5639991760254 34.1290016174316 33.443000793457 32.564998626709 31.7189998626709 30.6949996948242 30.363000869751 28.8309993743896 26.4729995727539 25.8479995727539
26.2950000762939 25.7709999084473 25.6700000762939 23.0009994506836 13.7880001068115 4.57499980926514 0.611000001430511 0.513000011444092 0.652999997138977 0.961000025272369 0.934000015258789 1.13300001621246 0.742999970912933 0.99099999666214 1.32400000095367 1.1139999628067 0.708000004291534 0.926999986171722 1.00199997425079 1.00699996948242 1.0110000371933 0.864000022411346 0.598999977111816 0.33500000834465 2.30699992179871 8.77299976348877 15.2379999160767 17.8360004425049 19.7639999389648 24.0590000152588 26.9479999542236 29.2870006561279 30.4710006713867 30.7240009307861 31.6219997406006 32.1829986572266 32.5 34.3940010070801 34.2879981994629 34.0270004272461 32.0139999389648 30.8929996490479 30.4930000305176 29.2730007171631 27.632999420166 25.4139995574951
25.7320003509521 25.3700008392334 20.5580005645752 14.378999710083 13.7919998168945 4.5789999961853 0.66100001335144 0.402999997138977 1.1690000295639 1.65199995040894 1.40499997138977 1.58299994468689 1.41999995708466 1.64300000667572 1.82000005245209 1.52699995040894 1.13699996471405 1.25899994373322 1.26400005817413 1.26800000667572 1.1599999666214 0.896000027656555 0.630999982357025 0.36599999666214 2.94199991226196 8.49600028991699 15.7620000839233 19.0450000762939 23.5259990692139 25.6049995422363 28.4979991912842 30.1100006103516 31.4209995269775 32.0639991760254 32.0870018005371 32.4179992675781 32.2130012512207 33.1040000915527 33.6180000305176 32.4129981994629 30.9120006561279 29.8419990539551 28.7800006866455 26.2800006866455 25.6310005187988 24.7709999084473
14.2790002822876 16.6860008239746 6.97900009155273 4.82200002670288 5.09899997711182 4.58300018310547 0.712000012397766 1.32099997997284 1.90299999713898 2.43600010871887 2.41100001335144 2.72099995613098 2.87899994850159 3.07599997520447 2.81100010871887 1.78900003433228 1.02900004386902 1.52100002765656 1.52499997615814 1.45700001716614 1.19200003147125 0.927999973297119 0.819999992847443 0.712999999523163 0.545000016689301 5.96299982070923 14.2550001144409 22.1229991912842 24.9400005340576 25.9419994354248 28.6709995269775 30.9580001831055 31.9330005645752 33.0670013427734 33.689998626709 32.9710006713867 32.5379981994629 32.2080001831055 32.5330009460449 30.6359996795654 28.9270000457764 28.0750007629395 27.92799949646 27.2560005187988 26.9629993438721 26.253999710083
2.6029999256134 6.10699987411499 2.39199995994568 1.39300000667572 1.14999997615814 1.07799994945526 1.38300001621246 1.81500005722046 2.41199994087219 3.09599995613098 4.1100001335144 4.46600008010864 3.99900007247925 3.51999998092651 3.19799995422363 2.69300007820129 1.80999994277954 1.38699996471405 1.75399994850159 1.557000041008 1.36500000953674 1.04700005054474 0.742999970912933 0.665000021457672 0.833999991416931 3.38199996948242 12.2209997177124 21.5209999084473 25.8920001983643 26.3840007781982 28.3339996337891 30.8239994049072 32.507999420166 33.7140007019043 34.0390014648438 33.1920013427734 32.1570014953613 31.0639991760254 31.1319999694824 31.0900001525879 30.1919994354248 28.2569999694824 27.7159996032715 25.4780006408691 26.1720008850098 20.9890003204346
8.1899995803833 3.66899991035461 2.73200011253357 1.64900004863739 1.75800001621246 2.13299989700317 2.61299991607666 2.26799988746643 2.89299988746643 3.80100011825562 4.64900016784668 5.19000005722046 5.32299995422363 4.87799978256226 3.78299999237061 3.48000001907349 2.84500002861023 2.53299999237061 1.59700000286102 1.09200000762939 0.794000029563904 0.51800000667572 0.456999987363815 0.704999983310699 4.85099983215332 5.96000003814697 13.746000289917 24.2320003509521 26.4249992370605 26.7800006866455 27.32200050354 29.996000289917 32.4329986572266 32.8950004577637 33.2760009765625 32.9550018310547 32.4329986572266 30.8810005187988 30.6189994812012 30.0799999237061 29.4680004119873 27.0300006866455 26.1860008239746 22.0009994506836 22.3349990844727 18.238000869751
7.24900007247925 3.93199992179871 3.13000011444092 2.37400007247925 2.74399995803833 3.29900002479553 4.66900014877319 3.44000005722046 3.38299989700317 3.95499992370605 4.50699996948242 5.17799997329712 5.59200000762939 5.5939998626709 4.47700023651123 3.94700002670288 3.38899993896484 2.67799997329712 1.95299994945526 0.837000012397766 0.319999992847443 0.221000000834465 0.620000004768372 0.917999982833862 7.2350001335144 14.3570003509521 18.798999786377 22.2730007171631 26.0900001525879 26.7150001525879 27.7430000305176 29.3780002593994 31.1229991912842 32.3279991149902 32.8269996643066 32.5480003356934 31.0699996948242 30.371000289917 29.3579998016357 29.1140003204346 28.5149993896484 25.136999130249 23.8600006103516 23.2959995269775 22.1180000305176 18.5830001831055
