01_datasets/03_gis/02_asc_chm-r50m/BR21X6.asc
NCOLS 200 
NROWS 200 
XLLCORNER 533638 
YLLCORNER 5286339.5 
CELLSIZE 0.5 
NODATA_value -3.4e+38 
[rows 0 to 19 of 200, columns 92 to 137 of 200]
-3.4e+38 -3.4e+38 -3.4e+38 -3.4e+38 -3.4e+38 -3.4e+38 -3.4e+38 -3.4e+38 -3.4e+38 -3.4e+38 -3.4e+38 -3.4e+38 -3.4e+38 -3.4e+38 -3.4e+38 -3.4e+38 -3.4e+38 -3.4e+38 -3.4e+38 -3.4e+38 -3.4e+38 -3.4e+38 -3.4e+38 -3.4e+38 -3.4e+38 -3.4e+38 -3.4e+38 -3.4e+38 -3.4e+38 -3.4e+38 -3.4e+38 -3.4e+38 -3.4e+38 -3.4e+38 -3.4e+38 -3.4e+38 -3.4e+38 -3.4e+38 -3.4e+38 -3.4e+38 -3.4e+38 -3.4e+38 -3.4e+38 -3.4e+38 -3.4e+38 -3.4e+38
18.4869995117188 20.1760005950928 19.25 20.5109996795654 18.068000793457 17.806999206543 15.5509996414185 14.1560001373291 12.6540002822876 10.9689998626709 9.39599990844727 7.93200016021729 6.46700000762939 6.50400018692017 6.31699991226196 5.75099992752075 5.48600006103516 -3.4e+38 -3.4e+38 -3.4e+38 -3.4e+38 -3.4e+38 -3.4e+38 -3.4e+38 -3.4e+38 -3.4e+38 -3.4e+38 -3.4e+38 -3.4e+38 -3.4e+38 -3.4e+38 -3.4e+38 -3.4e+38 -3.4e+38 -3.4e+38 -3.4e+38 -3.4e+38 -3.4e+38 -3.4e+38 -3.4e+38 -3.4e+38 -3.4e+38 -3.4e+38 -3.4e+38 -3.4e+38 -3.4e+38
19.3290004730225 19.4839992523193 18.5849990844727 18.2430000305176 17.8819999694824 13.3280000686646 8.48200035095215 10.8889999389648 10.4350004196167 8.93299961090088 7.43100023269653 6.27799987792969 6.7020001411438 6.90199995040894 7.02799987792969 7.44099998474121 7.56699991226196 7.08199977874756 6.33099985122681 4.86899995803833 3.0550000667572 0.75900000333786 1.47599995136261 7.29899978637695 -3.4e+38 -3.4e+38 -3.4e+38 -3.4e+38 -3.4e+38 -3.4e+38 -3.4e+38 -3.4e+38 -3.4e+38 -3.4e+38 -3.4e+38 -3.4e+38 -3.4e+38 -3.4e+38 -3.4e+38 -3.4e+38 -3.4e+38 -3.4e+38 -3.4e+38 -3.4e+38 -3.4e+38 -3.4e+38
15.7150001525879 17.4440002441406 17.2150001525879 16.8889999389648 14.2700004577637 8.54500007629395 3.03500008583069 3.82100009918213 6.22700023651123 6.71299982070923 6.0019998550415 7.30299997329712 7.56799983978271 7.67199993133545 8.44400024414062 8.63899993896484 8.0310001373291 7.69700002670288 7.32600021362305 6.78200006484985 3.54099988937378 0.948000013828278 0.940999984741211 0.842999994754791 0.159999996423721 0.130999997258186 0.310000002384186 5.50799989700317 14.5869998931885 19.5249996185303 17.8780002593994 -3.4e+38 -3.4e+38 -3.4e+38 -3.4e+38 -3.4e+38 -3.4e+38 -3.4e+38 -3.4e+38 -3.4e+38 -3.4e+38 -3.4e+38 -3.4e+38 -3.4e+38 -3.4e+38 -3.4e+38
12.6070003509521 13.1000003814697 13.4440002441406 13.1370000839233 10.5469999313354 4.82299995422363 2.08800005912781 1.75699996948242 4.32100009918213 5.80499982833862 6.29300022125244 7.77799987792969 8.20100021362305 8.14299964904785 9.36699962615967 9.17700004577637 8.14700031280518 7.61999988555908 7.36999988555908 7.1399998664856 4.89799976348877 1.88800001144409 1.41999995708466 0.870999991893768 0.477999985218048 0.123000003397465 0.268999993801117 6.66499996185303 15.7410001754761 19.8279991149902 22.3190002441406 28.0769996643066 29.7560005187988 23.4400005340576 24.4370002746582 25.0610008239746 -3.4e+38 -3.4e+38 -3.4e+38 -3.4e+38 -3.4e+38 -3.4e+38 -3.4e+38 -3.4e+38 -3.4e+38 -3.4e+38
9.98200035095215 9.73900032043457 9.42700004577637 9.38500022888184 7.28700017929077 6.22300004959106 4.80999994277954 4.06099987030029 4.17999982833862 5.54300022125244 6.48199987411499 7.39200019836426 8.61100006103516 9.35499954223633 9.89599990844727 10.2980003356934 9.27099990844727 8.61699962615967 8.19999980926514 7.4520001411438 4.70900011062622 3.25600004196167 2.5 0.880999982357025 0.541000008583069 0.254999995231628 4.47800016403198 12.6969995498657 22.1189994812012 26.568000793457 26.5270004272461 28.9950008392334 30.9820003509521 31.0170001983643 31.2999992370605 31.0389995574951 30.3939990997314 21.3770008087158 0.152999997138977 0.0399999991059303 -3.4e+38 -3.4e+38 -3.4e+38 -3.4e+38 -3.4e+38 -3.4e+38
7.18900012969971 7.18599987030029 8.55200004577637 8.73400020599365 7.57000017166138 9.29300022125244 7.72800016403198 6.98000001907349 5.8289999961853 5.4689998626709 5.90500020980835 6.55399990081787 7.22100019454956 9.54399967193604 10.2650003433228 10.7650003433228 10.3979997634888 9.69799995422363 8.96700000762939 7.55299997329712 5.86999988555908 4.53399991989136 2.91499996185303 1.2960000038147 0.497999995946884 1.05099999904633 8.33399963378906 15.6169996261597 25.0249996185303 28.8190002441406 29.863000869751 30.9360008239746 31.8889999389648 32.2309989929199 31.9340000152588 31.3579998016357 29.6450004577637 27.1879997253418 6.64900016784668 0.324999988079071 0.164000004529953 0.0419999994337559 -3.4e+38 -3.4e+38 -3.4e+38 -3.4e+38
6.95499992370605 7.13700008392334 9.92599964141846 10.293999671936 9.57600021362305 10.4499998092651 7.96700000762939 4.7519998550415 4.08599996566772 5.39599990844727 6.17199993133545 7.13899993896484 8.36900043487549 10.0100002288818 10.7379999160767 10.6969995498657 10.4429998397827 9.83600044250488 8.82499980926514 6.94199991226196 6.0939998626709 4.91499996185303 3.32399988174438 1.71099996566772 0.404000014066696 3.19400000572205 6.09700012207031 8.99899959564209 20.7549991607666 28.6919994354248 30.6539993286133 31.8990001678467 32.4580001831055 32.7360000610352 32.6269989013672 31.4479999542236 29.9930000305176 25.3689994812012 15.5710000991821 0.303999990224838 0.330000013113022 0.105999998748302 0.0839999988675117 0.123000003397465 -3.4e+38 -3.4e+38
7.15799999237061 8.45400047302246 11.1359996795654 11.9729995727539 12.5109996795654 9.88500022888184 8.85900020599365 5.58099985122681 4.31099987030029 5.73000001907349 6.41400003433228 7.17899990081787 8.19299983978271 9.35900020599365 10.8420000076294 10.9200000762939 10.5159997940063 9.3730001449585 8.54899978637695 6.98999977111816 6.1710000038147 4.93900012969971 2.85199999809265 0.764999985694885 3.05299997329712 7.60900020599365 10.5069999694824 12.4729995727539 22.4029998779297 27.5890007019043 30.3430004119873 31.6889991760254 32.4300003051758 32.6510009765625 32.1629981994629 31.1660003662109 30.0900001525879 22.2229995727539 9.32999992370605 0.252000004053116 0.298000007867813 0.256999999284744 0.206000000238419 0.24099999666214 0.462999999523163 0.802999973297119
7.13600015640259 8.94200038909912 9.99400043487549 12.3850002288818 13.4300003051758 8.32999992370605 8.67800045013428 7.96999979019165 5.93499994277954 6.3439998626709 6.39599990844727 6.81699991226196 7.49399995803833 8.35200023651123 9.27499961853027 10.3760004043579 10.1429996490479 8.46500015258789 8.11999988555908 6 1.32799994945526 0.595000028610229 0.532999992370605 4.37900018692017 8.5319995880127 12.6850004196167 17.2999992370605 21.8449993133545 24.6140003204346 27.0790004730225 29.6979999542236 31.5 32.0190010070801 32.0989990234375 31.693000793457 31.0620002746582 29.4150009155273 24.3500003814697 4.46500015258789 0.421000003814697 0.35699999332428 0.296999990940094 0.600000023841858 0.90200001001358 1.01600003242493 1.08200001716614
7.64200019836426 8.57600021362305 9.07499980926514 9.51099967956543 8.35700035095215 6.70100021362305 7.83300018310547 7.69600009918213 6.82999992370605 6.65100002288818 6.65799999237061 6.98600006103516 7.31199979782104 7.69799995422363 8.36100006103516 8.0620002746582 7.60500001907349 6.78900003433228 5.92000007629395 6.43499994277954 4.08500003814697 1.60000002384186 3.00300002098083 7.21299982070923 11.4230003356934 15.6330003738403 19.2590007781982 22.2749996185303 25.4860000610352 27.818000793457 29.5389995574951 31.0459995269775 31.6159992218018 31.3229999542236 30.4080009460449 29.5729999542236 26.1299991607666 20.4750003814697 4.7960000038147 0.481000006198883 0.685000002384186 0.962999999523163 1.24100005626678 1.55299997329712 1.49699997901917 1.55400002002716
7.76000022888184 8.06700038909912 8.27400016784668 8.61999988555908 8.04100036621094 6.65000009536743 7.36700010299683 7.33900022506714 7.42700004577637 7.41300010681152 7.26000022888184 7.16499996185303 6.84700012207031 5.62400007247925 6.5770001411438 6.2020001411438 5.5770001411438 5.23299980163574 4.74499988555908 4.50699996948242 4.62200021743774 2.13700008392334 1.95500004291534 6.16499996185303 10.375 14.3030004501343 17.0149993896484 22.7670001983643 16.6110000610352 21.75 25.2180004119873 29.8700008392334 30.496000289917 28.443000793457 27.8910007476807 27.9939994812012 25.9050006866455 16.6660003662109 3.75699996948242 3.24300003051758 4.30000019073486 4.22900009155273 4.15799999237061 2.71700000762939 6.87900018692017 5.00099992752075
6.99599981307983 7.41599988937378 7.44899988174438 7.59899997711182 6.84299993515015 6.52500009536743 6.44899988174438 6.37200021743774 6.44700002670288 6.53499984741211 6.6230001449585 6.625 4.57200002670288 4.04199981689453 4.02299976348877 4.08599996566772 4.1269998550415 3.94899988174438 3.7720000743866 3.59400010108948 3.09500002861023 2.67400002479553 0.907999992370605 5.11800003051758 9.32800006866455 11.8450002670288 13.7189998626709 17.3680000305176 15.96399974823 14.1239995956421 18.0090007781982 25.2779998779297 29.5380001068115 27.2080001831055 27.4290008544922 20.4379997253418 14.5500001907349 9.66600036621094 4.5789999961853 6.43900012969971 9.0319995880127 8.96100044250488 5.34600019454956 2.88000011444092 7.66300010681152 9.51900005340576
4.32100009918213 4.36499977111816 4.82800006866455 5.35400009155273 4.95900011062622 5.69500017166138 5.53000020980835 5.4539999961853 5.46700000762939 5.55499982833862 5.64300012588501 5.5149998664856 4.27899980545044 2.84299993515015 2.86400008201599 2.98399996757507 2.84299993515015 2.66599988937378 2.48799991607666 2.31100010871887 2.13299989700317 1.78199994564056 0.725000023841858 4.07100009918213 6.67500019073486 8.50599956512451 10.4589996337891 11.4809999465942 13.9449996948242 13.4060001373291 11.6359996795654 17.9459991455078 22.1620006561279 24.6119995117188 23.951000213623 15.5539999008179 13.2580003738403 10.7770004272461 11.6879997253418 10.5150003433228 13.0729999542236 11.8090000152588 8.71700000762939 8.34700012207031 9.96599960327148 10.4770002365112
1.28100001811981 1.84599995613098 2.39000010490417 2.82599997520447 4.17600011825562 4.8730001449585 4.66300010681152 4.53599977493286 4.48699998855591 4.57499980926514 4.66300010681152 4.4060001373291 3.29399991035461 1.63800001144409 1.69200003147125 1.73699998855591 1.55900001525879 1.38199996948242 1.2039999961853 1.02699995040894 0.848999977111816 0.671999990940094 0.493999987840652 1.50499999523163 3.29399991035461 5.24700021743774 7.19999980926514 7.83699989318848 11.9259996414185 14.664999961853 9.53600025177002 13.2930002212524 17.5450000762939 19.4379997253418 18.9090003967285 17.3500003814697 14.9709997177124 14.0790004730225 14.0959997177124 14.1009998321533 14.0240001678467 10.7329998016357 7.82399988174438 9.4680004119873 10.9619998931885 11.7349996566772
0.762000024318695 0.458999991416931 0.693000018596649 2.04299998283386 3.39299988746643 4.05200004577637 3.84200000762939 3.63199996948242 3.54099988937378 3.59500002861023 3.68300008773804 3.2960000038147 2.18400001525879 1.07299995422363 0.5 0.453000009059906 0.317999988794327 0.323000013828278 0.331000000238419 0.33899998664856 0.347000002861023 0.354999989271164 0.363000005483627 0.33899998664856 0.319000005722046 1.98800003528595 3.94000005722046 5.81799983978271 9.9069995880127 13.9949998855591 13.0749998092651 15.3339996337891 16.2469997406006 17.8020000457764 18.6730003356934 19.0890007019043 16.5020008087158 14.6049995422363 14.5909996032715 13.4289999008179 12.451000213623 8.64599990844727 9.43599987030029 11.1319999694824 11.5950002670288 12.8269996643066
2.56100010871887 2.25799989700317 0.776000022888184 1.25899994373322 2.60899996757507 3.23099994659424 3.02099990844727 2.81100010871887 2.62199997901917 2.61400008201599 2.68300008773804 2.18600010871887 1.07500004768372 0.189999997615814 0.363000005483627 0.349999994039536 0.358000010251999 0.36599999666214 0.375 0.382999986410141 0.391000002622604 0.398999989032745 0.367000013589859 0.328999996185303 0.305000007152557 0.28099998831749 0.680999994277954 3.79900002479553 7.57600021362305 12.628999710083 15.0120000839233 15.2810001373291 17.3110008239746 18.6000003814697 19.9069995880127 20.2310009002686 19.0709991455078 16.5799999237061 15.5120000839233 11.41100025177 9.20199966430664 6.93499994277954 10.1990003585815 12.0260000228882 12.7410001754761 13.7279996871948
4.3600001335144 3.56900000572205 1.64600002765656 0.568000018596649 1.82599997520447 2.40899991989136 2.19899988174438 1.9889999628067 1.77999997138977 1.63399994373322 1.65900003910065 1.07700002193451 0.421000003814697 0.222000002861023 0.538999974727631 0.393999993801117 0.40200001001358 0.409999996423721 0.418000012636185 0.425999999046326 0.433999985456467 0.412000000476837 0.36599999666214 0.319999992847443 0.296999990940094 0.270999997854233 0.250999987125397 1.0789999961853 5.69000005722046 11.1979999542236 15.2130002975464 15.2270002365112 17.9599990844727 19.6749992370605 20.9270000457764 21.4570007324219 20.6490001678467 19.4790000915527 15.8030004501343 12.4079999923706 4.63800001144409 7.35099983215332 10.5270004272461 12.1780004501343 12.6630001068115 12.7119998931885
6.15899991989136 4.43900012969971 2.51699995994568 0.593999981880188 1.04200005531311 1.58800005912781 1.37800002098083 1.16799998283386 0.958000004291534 0.748000025749207 0.829999983310699 0.694000005722046 0.273000001907349 1.03400003910065 0.714999973773956 0.437000006437302 0.444999992847443 0.453999996185303 0.462000012397766 0.469999998807907 0.458000004291534 0.412000000476837 0.36599999666214 0.319999992847443 0.289000004529953 0.263000011444092 0.254000008106232 0.39300000667572 3.57399988174438 7.57100009918213 13.6280002593994 15.0769996643066 18.2800006866455 20.0270004272461 21.1529998779297 22.0049991607666 20.8419990539551 19.9619998931885 17.8050003051758 13.2320003509521 9.07900047302246 7.36399984359741 8.93299961090088 11.2530002593994 11.7189998626709 11.8059997558594
7.23199987411499 5.30999994277954 3.38700008392334 1.46399998664856 0.669000029563904 0.856000006198883 0.811999976634979 0.642000019550323 0.609000027179718 1.02499997615814 1.35699999332428 1.74699997901917 1.23500001430511 1.32200002670288 0.890999972820282 0.474999994039536 0.488999992609024 0.497000008821487 0.504999995231628 0.504000008106232 0.458000004291534 0.412000000476837 0.36599999666214 0.319999992847443 0.28099998831749 0.256000012159348 0.317999988794327 0.465999990701675 2.07399988174438 6.07000017166138 12.3680000305176 15.5670003890991 18.2709999084473 19.5550003051758 20.8770008087158 21.2229995727539 20.1749992370605 18.9060001373291 17.4370002746582 14.2659997940063 12.0819997787476 11.9879999160767 9.71599960327148 9.86600017547607 10.4029998779297 10.7299995422363
