01_datasets/03_gis/02_asc_chm-r50m/BR211G.asc
NCOLS 200 
NROWS 201 
XLLCORNER 537766 
YLLCORNER 5307170.5 
CELLSIZE 0.5 
NODATA_value -3.4e+38 
[rows 60 to 79 of 201, columns 0 to 45 of 200]
-3.4e+38 -3.4e+38 -3.4e+38 -3.4e+38 -3.4e+38 -3.4e+38 -3.4e+38 -3.4e+38 -3.4e+38 3.27900004386902 3.70499992370605 2.63700008392334 5.25099992752075 3.8050000667572 0.158000007271767 0.0869999974966049 0.151999995112419 1.29200005531311 1.54100000858307 8.7180004119873 17.4340000152588 20.2399997711182 26.7910003662109 27.7310009002686 29.1879997253418 29.5429992675781 29.5830001831055 28.7439994812012 27.9169998168945 27.8159999847412 27.7999992370605 27.201000213623 25.0849990844727 24.8659992218018 26.7740001678467 27.5839996337891 28.7070007324219 30.5209999084473 31.9290008544922 32.6590003967285 33.4020004272461 33.8549995422363 33.7970008850098 32.8839988708496 31.863000869751 30.30299949646
-3.4e+38 -3.4e+38 -3.4e+38 -3.4e+38 -3.4e+38 -3.4e+38 -3.4e+38 -3.4e+38 -3.4e+38 3.4760000705719 8.55300045013428 14.1160001754761 14.8590002059937 11.5019998550415 0.145999997854233 0.0659999996423721 0.151999995112419 0.28099998831749 0.250999987125397 1.62000000476837 7.16200017929077 3.96600008010864 13.3769998550415 27.4130001068115 27.0219993591309 27.2819995880127 27.1690006256104 27.2870006561279 24.3560009002686 23.4549999237061 26.2070007324219 23.6700000762939 20.1200008392334 18.6590003967285 20.9449996948242 23.2310009002686 23.7929992675781 29.4799995422363 31.1159992218018 31.3560009002686 31.6229991912842 32.0950012207031 32.3349990844727 32.1189994812012 31.7730007171631 30.3460006713867
-3.4e+38 -3.4e+38 -3.4e+38 -3.4e+38 -3.4e+38 -3.4e+38 -3.4e+38 -3.4e+38 2.02500009536743 4.71099996566772 17.5370006561279 24.5100002288818 24.2360000610352 14.1090002059937 1.56599998474121 0.197999998927116 1.92999994754791 0.804000020027161 0.180999994277954 0.492000013589859 0.517000019550323 3.7960000038147 10.4079999923706 20.1280002593994 23.6070003509521 22.1200008392334 22.3759994506836 21.2730007171631 15.4919996261597 14.1940002441406 16.2049999237061 18.2199993133545 15.1549997329712 12.451000213623 14.7379999160767 15.121000289917 12.5249996185303 17.7089996337891 29.0170001983643 29.7229995727539 30.3330001831055 31.4799995422363 31.7029991149902 31.4009990692139 31.1959991455078 30.1509990692139
-3.4e+38 -3.4e+38 -3.4e+38 -3.4e+38 -3.4e+38 -3.4e+38 -3.4e+38 -3.4e+38 3.22399997711182 7.64900016784668 11.451000213623 26.44700050354 26.0419998168945 18.9740009307861 6.61600017547607 13.2510004043579 15.2089996337891 12.5089998245239 7.12599992752075 1.99300003051758 0.764999985694885 4.59200000762939 10.7779998779297 13.8020000457764 14.2019996643066 14.5480003356934 14.6400003433228 14.1590003967285 12.2309999465942 10.3629999160767 13.9209995269775 13.8929996490479 10.5030002593994 7.32299995422363 8.52999973297119 5.80999994277954 6.38299989700317 11.1149997711182 23.1720008850098 28.5340003967285 30.1909999847412 30.1919994354248 30.2999992370605 30.3460006713867 29.4130001068115 27.25
-3.4e+38 -3.4e+38 -3.4e+38 -3.4e+38 -3.4e+38 -3.4e+38 -3.4e+38 8.51399993896484 17.5900001525879 25.7830009460449 26.5790004730225 26.7199993133545 26.1919994354248 24.2600002288818 21.738000869751 20.5709991455078 20.8090000152588 22.0109996795654 18.3819999694824 12.9969997406006 0.662999987602234 1.66700005531311 7.59299993515015 12.2650003433228 14.0520000457764 14.4919996261597 14.5600004196167 14.3240003585815 12.8400001525879 11.6520004272461 11.6370000839233 9.56700038909912 6.34000015258789 2.77300000190735 2.26699995994568 4.95599985122681 9.47799968719482 16.55299949646 23.8199996948242 26.80299949646 29.2910003662109 28.5349998474121 28.117000579834 28.1580009460449 27.8770008087158 27.2339992523193
-3.4e+38 -3.4e+38 -3.4e+38 -3.4e+38 -3.4e+38 -3.4e+38 -3.4e+38 19.7169990539551 27.3500003814697 27.4950008392334 27.318000793457 28.4220008850098 27.8810005187988 25.9559993743896 24.6439990997314 21.4869995117188 21.6110000610352 21.7520008087158 20.7450008392334 19.2859992980957 8.53999996185303 3.49200010299683 8.26500034332275 11.8529996871948 13.2390003204346 14.0679998397827 14.3850002288818 14.4540004730225 13.5530004501343 12.0769996643066 11.0319995880127 8.97500038146973 5.22200012207031 2.89000010490417 6.18200016021729 8.83399963378906 17.0330009460449 21.1709995269775 22.2649993896484 22.5979995727539 24.5629997253418 26.1620006561279 26.7259998321533 26.0939998626709 26.0550003051758 25.8530006408691
-3.4e+38 -3.4e+38 -3.4e+38 -3.4e+38 -3.4e+38 -3.4e+38 21.6359996795654 28.3330001831055 28.1730003356934 28.193000793457 28.5300006866455 29.5900001525879 29.988000869751 28.9099998474121 27.7059993743896 24.693000793457 22.2740001678467 22.1900005340576 20.7549991607666 16.746000289917 14.3520002365112 8.22500038146973 9.14200019836426 11.7969999313354 12.5989999771118 13.4420003890991 13.9119997024536 14.3599996566772 8.22599983215332 7.52099990844727 7.99599981307983 6.98600006103516 1.96200001239777 4.66499996185303 10.3839998245239 15.4020004272461 18.5629997253418 19.9109992980957 21.6889991760254 22.3929996490479 22.7679996490479 23.0879993438721 24.3540000915527 24.3150005340576 21.4780006408691 22.6089992523193
-3.4e+38 -3.4e+38 -3.4e+38 -3.4e+38 -3.4e+38 -3.4e+38 28.6560001373291 28.5179996490479 28.7390003204346 29.5890007019043 29.9440002441406 30.4379997253418 30.9160003662109 30.7970008850098 28.0849990844727 27.6809997558594 24.1079998016357 23.5750007629395 22.2509994506836 10.7749996185303 8.34000015258789 7.25699996948242 8.28400039672852 10.5179996490479 10.8819999694824 11.7810001373291 11.5279998779297 9.5600004196167 2.69400000572205 0.667999982833862 1.76499998569489 1.68299996852875 1.55999994277954 5.95300006866455 12.5550003051758 16.4009990692139 18.4939994812012 19.2810001373291 20.0109996795654 21.1310005187988 21.7740001678467 21.1630001068115 21.5779991149902 19.4699993133545 9.8459997177124 5.66800022125244
-3.4e+38 -3.4e+38 -3.4e+38 -3.4e+38 -3.4e+38 22.1189994812012 30.0319995880127 29.9990005493164 31.7859992980957 32.3380012512207 32.064998626709 31.988000869751 32.3489990234375 31.488000869751 28.6599998474121 27.7259998321533 25.1420001983643 24.0330009460449 20.8680000305176 10.3509998321533 6.61800003051758 6.84600019454956 7.3439998626709 8.61299991607666 8.6569995880127 9.0290002822876 8.99600028991699 5.84999990463257 1.26900005340576 0.554000020027161 0.612999975681305 0.435000002384186 0.91100001335144 3.68499994277954 15.2159996032715 19.1809997558594 20.6149997711182 19.2630004882812 19.3290004730225 19.3910007476807 19.4640007019043 16.8689994812012 15.1929998397827 10.1009998321533 5.16300010681152 4.27099990844727
-3.4e+38 -3.4e+38 -3.4e+38 -3.4e+38 -3.4e+38 30.8810005187988 31.6189994812012 31.8349990844727 33.0800018310547 33.382999420166 33.1049995422363 33.3289985656738 32.9799995422363 31.7339992523193 29.9710006713867 27.9740009307861 26.05299949646 24.05299949646 18.0200004577637 8.55300045013428 6.23600006103516 6.73099994659424 7.65799999237061 8.38199996948242 8.39400005340576 8.53800010681152 7.73000001907349 6.14799976348877 2.34400010108948 0.564000010490417 4.6399998664856 4.36999988555908 0.35699999332428 3.87299990653992 17.2590007781982 25.882999420166 25.4680004119873 20.4799995422363 19.0599994659424 19.1310005187988 17.7099990844727 17.0189990997314 11.6499996185303 4.9689998626709 3.83299994468689 3.1710000038147
-3.4e+38 -3.4e+38 -3.4e+38 -3.4e+38 -3.4e+38 30.7889995574951 31.7099990844727 32.2980003356934 33.6030006408691 34.2999992370605 33.5219993591309 33.814998626709 33.4959983825684 31.3290004730225 30.798999786377 30.1900005340576 26.2870006561279 24.2709999084473 18.2530002593994 8.3730001449585 6.76399993896484 7.2020001411438 7.92199993133545 8.23200035095215 8.27600002288818 8.05099964141846 8.00599956512451 7.33199977874756 4.88700008392334 3.32699990272522 11.1009998321533 15.9890003204346 17.5979995727539 24.7180004119873 28.3099994659424 29.5389995574951 29.2590007781982 23.3689994812012 20.4050006866455 17.2350006103516 14.25 14.0459995269775 5.51900005340576 3.45700001716614 2.50300002098083 2.05699992179871
-3.4e+38 -3.4e+38 -3.4e+38 -3.4e+38 -3.4e+38 30.8169994354248 31.9519996643066 33.2150001525879 34.5519981384277 34.9500007629395 34.9049987792969 34.1800003051758 33.7859992980957 30.9540004730225 30.7210006713867 30.492000579834 27.0890007019043 25.8360004425049 10.4440002441406 9 7.47800016403198 7.40199995040894 7.98199987411499 8.20499992370605 8.11600017547607 7.85099983215332 7.61199998855591 7.42899990081787 6.53999996185303 7.31599998474121 15.2180004119873 23.3759994506836 25.6119995117188 27.2029991149902 29.3369998931885 29.8649997711182 29.5139999389648 28.8490009307861 23.7129993438721 16.5629997253418 14.1750001907349 11.53600025177 8.36800003051758 5.19999980926514 2.29099988937378 0.727999985218048
-3.4e+38 -3.4e+38 -3.4e+38 -3.4e+38 25.5470008850098 31.1480007171631 32.4459991455078 33.5800018310547 34.7639999389648 35.2750015258789 34.8479995727539 33.7760009765625 33.7350006103516 31.886999130249 30.1480007171631 29.5270004272461 27.8920001983643 25.7390003204346 13.1780004501343 9.43599987030029 7.63600015640259 7.76999998092651 7.64400005340576 7.98899984359741 7.92500019073486 7.67600011825562 7.48199987411499 7.03599977493286 5.83300018310547 10.53600025177 18.2759990692139 25.3239994049072 26.2970008850098 28.1940002441406 29.3549995422363 29.2649993896484 28.9169998168945 28.6860008239746 26.4619998931885 18.8549995422363 16.8379993438721 15.3409996032715 12.0220003128052 8.70300006866455 5.38500022888184 2.06599998474121
-3.4e+38 -3.4e+38 -3.4e+38 -3.4e+38 29.4099998474121 30.5090007781982 32.0460014343262 33.2760009765625 34.1430015563965 34.9039993286133 34.806999206543 34.0629997253418 33.4900016784668 31.4419994354248 29.5149993896484 28.943000793457 28.9039993286133 25.1259994506836 16.1420001983643 10.6190004348755 9.3769998550415 9.61100006103516 6.7979998588562 7.30100011825562 7.40000009536743 7.34299993515015 7.11399984359741 6.29199981689453 5.78700017929077 13.3400001525879 20.8929996490479 25.4060001373291 26.5100002288818 28.1469993591309 28.82200050354 28.8080005645752 28.57200050354 28.6459999084473 29.2789993286133 26.3400001525879 22.8540000915527 18.1140003204346 15.9870004653931 12.6680002212524 9.23400020599365 4.13199996948242
-3.4e+38 -3.4e+38 -3.4e+38 -3.4e+38 28.5189990997314 29.0750007629395 30.5779991149902 32.5379981994629 33.484001159668 33.9449996948242 33.75 33.4039993286133 32.6980018615723 31.4139995574951 29.1159992218018 28.4790000915527 28.2630004882812 21.6870002746582 11.96399974823 11.5290002822876 10.4700002670288 10.1770000457764 7.58699989318848 7.74300003051758 7.39699983596802 6.93300008773804 6.64699983596802 5.875 7.7020001411438 8.17899990081787 8.6560001373291 25.5440006256104 27.1410007476807 28.2350006103516 28.3509998321533 28.3939990997314 28.4979991912842 28.57200050354 29.2360000610352 29.5499992370605 28.871000289917 23.7409992218018 19.951000213623 16.3159999847412 11.7049999237061 7.16499996185303
-3.4e+38 -3.4e+38 -3.4e+38 -3.4e+38 27.5139999389648 28.8110008239746 30.3549995422363 31.6590003967285 32.5390014648438 32.8899993896484 33.2999992370605 32.9099998474121 31.5049991607666 30.5510005950928 29.5779991149902 28.4559993743896 22.7670001983643 17.4580001831055 13.3800001144409 11.5769996643066 10.6260004043579 10.3219995498657 9.6560001373291 8.68200016021729 8.27999973297119 6.66699981689453 5.27699995040894 3.48000001907349 1.34899997711182 0.170000001788139 4.43699979782104 24.3799991607666 26.6590003967285 28.0580005645752 27.8959999084473 28.0219993591309 28.4150009155273 28.2749996185303 28.3759994506836 29.117000579834 29.2749996185303 29.4160003662109 23.0729999542236 17.25 11.4259996414185 5.60200023651123
-3.4e+38 -3.4e+38 -3.4e+38 -3.4e+38 27.8579998016357 28.5090007781982 29.4489994049072 30.8959999084473 31.2569999694824 31.2099990844727 31.9090003967285 31.3050003051758 30.6749992370605 30.4519996643066 29.7479991912842 21.8729991912842 14.5410003662109 13.9969997406006 13.5410003662109 11.2959995269775 10.5240001678467 10.2489995956421 9.41800022125244 9.26099967956543 8.44699954986572 6.85400009155273 4.8439998626709 1.22699999809265 3.61199998855591 6.69999980926514 9.78699970245361 25.5459995269775 24.8120002746582 27.4449996948242 28.1940002441406 28.2649993896484 28.2059993743896 28.1119995117188 28.3229999542236 28.6639995574951 29.1049995422363 29.7859992980957 26.3010005950928 13.0679998397827 9.80300045013428 4.03999996185303
-3.4e+38 -3.4e+38 -3.4e+38 -3.4e+38 28.2719993591309 28.0820007324219 27.9850006103516 29.1140003204346 30.0990009307861 30.6359996795654 29.6429996490479 30.2919998168945 30.1350002288818 28.0990009307861 27.1720008850098 24.2880001068115 14.4890003204346 13.78600025177 13.8000001907349 10.0520000457764 9.77299976348877 9.49199962615967 9.09099960327148 8.98499965667725 7.93300008773804 7.29300022125244 6.58300018310547 4.57600021362305 3.11700010299683 13.4619998931885 16.548999786377 25.4820003509521 24.738000869751 26.2919998168945 27.5599994659424 28.3110008239746 27.9930000305176 27.9260005950928 28.2740001678467 28.753999710083 29.1709995269775 29.0799999237061 17.1240005493164 4.95599985122681 2.97199988365173 0.0780000016093254
-3.4e+38 -3.4e+38 -3.4e+38 29.0739994049072 29.1639995574951 28.1049995422363 27.0459995269775 27.9729995727539 28.2259998321533 28.7569999694824 28.0340003967285 28.7609996795654 28.6889991760254 26.9939994812012 19.9650001525879 15.4250001907349 13.7969999313354 13.6709995269775 13.6319999694824 9.16199970245361 8.92599964141846 8.82100009918213 8.71000003814697 8.46399974822998 7.90199995040894 8.03299999237061 7.56099987030029 6.39400005340576 5.88299989700317 9.16899967193604 23.2250003814697 25.4080009460449 24.0370006561279 24.7910003662109 25.9330005645752 28.2870006561279 26.0729999542236 27.1350002288818 28.4610004425049 29.3479995727539 28.1959991455078 22.8470001220703 6.18800020217896 4.71600008010864 3.18400001525879 0.726999998092651
-3.4e+38 -3.4e+38 -3.4e+38 29.617000579834 29.2250003814697 28.1690006256104 27.375 27.4939994812012 23.0820007324219 23.128999710083 27.6849994659424 27.4930000305176 27.0659999847412 20.4699993133545 14.8439998626709 14.0369997024536 13.451000213623 13.4630002975464 13.4359998703003 10.581000328064 8.29399967193604 8.23299980163574 8.15900039672852 7.9980001449585 8.20499992370605 8.15299987792969 8.20300006866455 7.25500011444092 6.59200000762939 6.60400009155273 22.1730003356934 24.9710006713867 26.1310005187988 27.2900009155273 27.6280002593994 28.5300006866455 28.1219997406006 27.94700050354 29.2940006256104 30.3490009307861 30.068000793457 26.6909999847412 14.4370002746582 9.74300003051758 11.2779998779297 8.61699962615967
