01_datasets/03_gis/02_asc_chm-r50m/BR212B.asc
NCOLS 200 
NROWS 200 
XLLCORNER 525880.5 
YLLCORNER 5297314.5 
CELLSIZE 0.5 
NODATA_value -3.4e+38 
[rows 20 to 39 of 200, columns 138 to 183 of 200]
31.4120006561279 31.6040000915527 31.6420001983643 32.1780014038086 31.3859996795654 30.8509998321533 30.2059993743896 28.8770008087158 26.3740005493164 23.4750003814697 23.5289993286133 23.3770008087158 23.3129997253418 23.0620002746582 22.613000869751 22.0590000152588 21.0370006561279 19.2889995574951 19.6009998321533 19.9130001068115 23.2770004272461 26.4270000457764 -3.4e+38 -3.4e+38 -3.4e+38 -3.4e+38 -3.4e+38 -3.4e+38 -3.4e+38 -3.4e+38 -3.4e+38 -3.4e+38 -3.4e+38 -3.4e+38 -3.4e+38 -3.4e+38 -3.4e+38 -3.4e+38 -3.4e+38 -3.4e+38 -3.4e+38 -3.4e+38 -3.4e+38 -3.4e+38 -3.4e+38 -3.4e+38
30.6299991607666 30.7350006103516 31.1809997558594 31.4160003662109 31.1900005340576 30.7679996490479 29.2849998474121 27.8770008087158 26.6560001373291 25.1509990692139 24.507999420166 23.7110004425049 23.2110004425049 24.2789993286133 24.5060005187988 24.2999992370605 18.0900001525879 15.8859996795654 16.8509998321533 22.2689990997314 21.2089996337891 25.3229999542236 27.5599994659424 -3.4e+38 -3.4e+38 -3.4e+38 -3.4e+38 -3.4e+38 -3.4e+38 -3.4e+38 -3.4e+38 -3.4e+38 -3.4e+38 -3.4e+38 -3.4e+38 -3.4e+38 -3.4e+38 -3.4e+38 -3.4e+38 -3.4e+38 -3.4e+38 -3.4e+38 -3.4e+38 -3.4e+38 -3.4e+38 -3.4e+38
28.7700004577637 29.8880004882812 30.632999420166 30.5249996185303 30.0200004577637 28.9909992218018 27.7210006713867 26.753999710083 25.6490001678467 25.3519992828369 25.0960006713867 24.9069995880127 24.1870002746582 24.9160003662109 25.4050006866455 25.4139995574951 24.8010005950928 23.6669998168945 22.4270000457764 22.6720008850098 21.6119995117188 21.0559997558594 27.7999992370605 27.8439998626709 -3.4e+38 -3.4e+38 -3.4e+38 -3.4e+38 -3.4e+38 -3.4e+38 -3.4e+38 -3.4e+38 -3.4e+38 -3.4e+38 -3.4e+38 -3.4e+38 -3.4e+38 -3.4e+38 -3.4e+38 -3.4e+38 -3.4e+38 -3.4e+38 -3.4e+38 -3.4e+38 -3.4e+38 -3.4e+38
28.4650001525879 29.1560001373291 29.4659996032715 29.1180000305176 28.2730007171631 27.7590007781982 26.8729991912842 26.2189998626709 26.8169994354248 28.7520008087158 28.3740005493164 28.5300006866455 27.882999420166 28.4869995117188 25.4699993133545 25.1280002593994 24.6469993591309 24.3990001678467 22.2770004272461 22.5669994354248 21.5590000152588 21.0060005187988 24.2250003814697 27.8729991912842 27.8649997711182 -3.4e+38 -3.4e+38 -3.4e+38 -3.4e+38 -3.4e+38 -3.4e+38 -3.4e+38 -3.4e+38 -3.4e+38 -3.4e+38 -3.4e+38 -3.4e+38 -3.4e+38 -3.4e+38 -3.4e+38 -3.4e+38 -3.4e+38 -3.4e+38 -3.4e+38 -3.4e+38 -3.4e+38
27.94700050354 28.496000289917 28.3560009002686 27.9220008850098 26.4909992218018 26.6889991760254 26.7880001068115 26.7320003509521 28.3309993743896 30.6119995117188 32.1539993286133 31.6609992980957 30.6539993286133 30.6219997406006 29.17799949646 25.8700008392334 25.125 23.507999420166 19.3500003814697 21.0170001983643 20.3770008087158 20.6749992370605 21.0620002746582 23.2980003356934 26.4930000305176 28.6100006103516 -3.4e+38 -3.4e+38 -3.4e+38 -3.4e+38 -3.4e+38 -3.4e+38 -3.4e+38 -3.4e+38 -3.4e+38 -3.4e+38 -3.4e+38 -3.4e+38 -3.4e+38 -3.4e+38 -3.4e+38 -3.4e+38 -3.4e+38 -3.4e+38 -3.4e+38 -3.4e+38
24.2490005493164 26.7029991149902 28.0510005950928 26.6679992675781 25.9060001373291 25.9790000915527 26.2900009155273 27.1459999084473 29.6660003662109 32.0139999389648 32.7639999389648 33.4469985961914 31.9699993133545 31.488000869751 30.3939990997314 29.0620002746582 26.5739994049072 25.2399997711182 21.5400009155273 19.7290000915527 19.4729995727539 20.1700000762939 20.9139995574951 22.2700004577637 24.3910007476807 25.5960006713867 25.9529991149902 -3.4e+38 -3.4e+38 -3.4e+38 -3.4e+38 -3.4e+38 -3.4e+38 -3.4e+38 -3.4e+38 -3.4e+38 -3.4e+38 -3.4e+38 -3.4e+38 -3.4e+38 -3.4e+38 -3.4e+38 -3.4e+38 -3.4e+38 -3.4e+38 -3.4e+38
23.9169998168945 25.238000869751 28.1459999084473 27.9979991912842 26.3369998931885 26.25 26.4419994354248 27.5209999084473 30.4650001525879 30.8899993896484 33.5950012207031 34.5789985656738 34.0849990844727 31.4689998626709 30.2700004577637 28.3810005187988 26.3619995117188 25.7700004577637 24.2310009002686 19.9939994812012 19.5559997558594 19.4150009155273 20.181999206543 20.9160003662109 19.9580001831055 19.367000579834 18.0830001831055 16.9270000457764 -3.4e+38 -3.4e+38 -3.4e+38 -3.4e+38 -3.4e+38 -3.4e+38 -3.4e+38 -3.4e+38 -3.4e+38 -3.4e+38 -3.4e+38 -3.4e+38 -3.4e+38 -3.4e+38 -3.4e+38 -3.4e+38 -3.4e+38 -3.4e+38
24.8700008392334 24.8840007781982 28.4090003967285 29.2029991149902 28.8589992523193 28.0699996948242 26.6770000457764 28.3840007781982 30.3799991607666 30.5849990844727 31.6319999694824 33.6370010375977 33.0789985656738 31.4519996643066 30.3840007781982 27.992000579834 26.1569995880127 25.94700050354 24.2220001220703 20.9669990539551 19.7450008392334 19.628999710083 16.1000003814697 14.6309995651245 13.8070001602173 12.9329996109009 10.6730003356934 9.65100002288818 13.2170000076294 -3.4e+38 -3.4e+38 -3.4e+38 -3.4e+38 -3.4e+38 -3.4e+38 -3.4e+38 -3.4e+38 -3.4e+38 -3.4e+38 -3.4e+38 -3.4e+38 -3.4e+38 -3.4e+38 -3.4e+38 -3.4e+38 -3.4e+38
26.0049991607666 27.1089992523193 28.9669990539551 29.0659999847412 29.4930000305176 30.3349990844727 29.8509998321533 30.1100006103516 30.2630004882812 30.2119998931885 30.1469993591309 30.2029991149902 31.0779991149902 31.0739994049072 29.4449996948242 28.2019996643066 26.6650009155273 26.0499992370605 24.6900005340576 23.1660003662109 19.9309997558594 21.0979995727539 12.6199998855591 8.34700012207031 7.65500020980835 6.08199977874756 3.82200002670288 1.56200003623962 3.60599994659424 9.51599979400635 -3.4e+38 -3.4e+38 -3.4e+38 -3.4e+38 -3.4e+38 -3.4e+38 -3.4e+38 -3.4e+38 -3.4e+38 -3.4e+38 -3.4e+38 -3.4e+38 -3.4e+38 -3.4e+38 -3.4e+38 -3.4e+38
27.3470001220703 27.1840000152588 28.4570007324219 29.7110004425049 30.5289993286133 30.3729991912842 30.8150005340576 30.6580009460449 29.7409992218018 29.4449996948242 29.2770004272461 29.5310001373291 26.3080005645752 28.4869995117188 27.2220001220703 26.4139995574951 27.07200050354 26.2700004577637 23.8330001831055 25.8250007629395 24.7749996185303 24.3640003204346 17.003999710083 3.75099992752075 1.49100005626678 0.23199999332428 0.229000002145767 0.216999992728233 0.170000001788139 0.349999994039536 5.81400012969971 -3.4e+38 -3.4e+38 -3.4e+38 -3.4e+38 -3.4e+38 -3.4e+38 -3.4e+38 -3.4e+38 -3.4e+38 -3.4e+38 -3.4e+38 -3.4e+38 -3.4e+38 -3.4e+38 -3.4e+38
28.5130004882812 27.5310001373291 28.6509990692139 30.7210006713867 31.7089996337891 31.6520004272461 31.6550006866455 31.0259990692139 29.6900005340576 28.9990005493164 28.4829998016357 27.0340003967285 24.2250003814697 24.0849990844727 23.9939994812012 24.6079998016357 27.1609992980957 27.3010005950928 27.3649997711182 28.1359996795654 27.8360004425049 26.2509994506836 24.1019992828369 21.7639999389648 17.443000793457 11.1960000991821 4.71099996566772 0.128000006079674 0.123000003397465 0.296999990940094 0.261000007390976 2.11299991607666 -3.4e+38 -3.4e+38 -3.4e+38 -3.4e+38 -3.4e+38 -3.4e+38 -3.4e+38 -3.4e+38 -3.4e+38 -3.4e+38 -3.4e+38 -3.4e+38 -3.4e+38 -3.4e+38
29.1509990692139 29.0340003967285 29.0960006713867 31.1730003356934 32.4930000305176 32.4550018310547 32.3759994506836 31.2210006713867 29.7919998168945 28.4300003051758 27.2159996032715 25.753999710083 23.8810005187988 24.1280002593994 25.507999420166 25.4190006256104 27.3379993438721 27.9400005340576 28.1420001983643 28.4810009002686 27.7950000762939 26.7810001373291 23.9860000610352 24.6040000915527 23.871000289917 20.7070007324219 9.17899990081787 0.225999996066093 0.195999994874001 0.131999999284744 0.554000020027161 0.444999992847443 0.351999998092651 -3.4e+38 -3.4e+38 -3.4e+38 -3.4e+38 -3.4e+38 -3.4e+38 -3.4e+38 -3.4e+38 -3.4e+38 -3.4e+38 -3.4e+38 -3.4e+38 -3.4e+38
29.9060001373291 30.3150005340576 30.6079998016357 32.2589988708496 33.0859985351562 32.8759994506836 31.7560005187988 31.0400009155273 30.1359996795654 28.3950004577637 26.3279991149902 24.67799949646 23.8859996795654 24.0289993286133 24.9139995574951 26.0100002288818 26.0030002593994 28.5699996948242 28.4909992218018 29.6660003662109 28.1240005493164 28.2919998168945 27.0650005340576 26.2269992828369 24.0470008850098 20.4500007629395 13.1700000762939 3.27699995040894 0.275999993085861 0.175999999046326 0.43299999833107 0.810000002384186 0.700999975204468 0.592000007629395 -3.4e+38 -3.4e+38 -3.4e+38 -3.4e+38 -3.4e+38 -3.4e+38 -3.4e+38 -3.4e+38 -3.4e+38 -3.4e+38 -3.4e+38 -3.4e+38
30.0389995574951 31.048999786377 31.617000579834 33.4300003051758 34.4770011901855 33.5120010375977 31.5669994354248 30.7959995269775 30.6669998168945 28.1459999084473 26.6399993896484 23.9750003814697 22.6469993591309 23.5499992370605 24.0960006713867 25.8010005950928 27.9610004425049 30.1650009155273 30.2269992828369 30.4559993743896 29.5610008239746 28.8059997558594 28.5650005340576 26.8959999084473 25.0200004577637 22.8430004119873 12.2919998168945 4.1100001335144 1.36500000953674 0.252000004053116 0.156000003218651 0.776000022888184 0.964999973773956 0.533999979496002 1.432000041008 -3.4e+38 -3.4e+38 -3.4e+38 -3.4e+38 -3.4e+38 -3.4e+38 -3.4e+38 -3.4e+38 -3.4e+38 -3.4e+38 -3.4e+38
29.931999206543 31.0620002746582 31.7320003509521 34.1699981689453 35.4710006713867 33.4480018615723 32.8199996948242 31.621000289917 30.2759990692139 29.2970008850098 26.8330001831055 22.9519996643066 21.5709991455078 23.9349994659424 25.8880004882812 28.0729999542236 28.9069995880127 29.8859996795654 31.2509994506836 30.9489994049072 29.871000289917 29.443000793457 28.3570003509521 27.2719993591309 25.6410007476807 23.0429992675781 17.2569999694824 12.3000001907349 8.63500022888184 4.04400014877319 1.98199999332428 2.61299991607666 2.93199992179871 2.0699999332428 2.72099995613098 3.96199989318848 -3.4e+38 -3.4e+38 -3.4e+38 -3.4e+38 -3.4e+38 -3.4e+38 -3.4e+38 -3.4e+38 -3.4e+38 -3.4e+38
30.2889995574951 31.2129993438721 31.7409992218018 32.3110008239746 34.3160018920898 33.5130004882812 32.2109985351562 31.9220008850098 30.9479999542236 25.7600002288818 25.2679996490479 24.2689990997314 23.2089996337891 24.6189994812012 26.5669994354248 28.2150001525879 28.4899997711182 28.8349990844727 31.0690002441406 30.5610008239746 29.3640003204346 29.0359992980957 28.2199993133545 26.7759990692139 23.8880004882812 20.8050003051758 18.8640003204346 15.1789999008179 10.5659999847412 3.98900008201599 5.04300022125244 8.30399990081787 9.25399971008301 8.67300033569336 7.35500001907349 10.9790000915527 15.6490001678467 -3.4e+38 -3.4e+38 -3.4e+38 -3.4e+38 -3.4e+38 -3.4e+38 -3.4e+38 -3.4e+38 -3.4e+38
30.3159999847412 31.2119998931885 31.2999992370605 30.9850006103516 31.3959999084473 31.7180004119873 31.8460006713867 31.1149997711182 29.5230007171631 26.1119995117188 26.2000007629395 23.3969993591309 23.318000793457 23.6189994812012 26.0340003967285 27.2250003814697 27.7700004577637 28.3239994049072 29.8910007476807 29.0009994506836 29.1350002288818 28.753999710083 27.9890003204346 24.7940006256104 20.8600006103516 20.3549995422363 20.1439990997314 17.0890007019043 10.4090003967285 4.8439998626709 8.10499954223633 11.3660001754761 14.6269998550415 15.7329998016357 16.3700008392334 22.4160003662109 24.943000793457 25.1490001678467 -3.4e+38 -3.4e+38 -3.4e+38 -3.4e+38 -3.4e+38 -3.4e+38 -3.4e+38 -3.4e+38
30.2660007476807 30.5330009460449 31.0939998626709 30.9869995117188 31.0739994049072 31.4349994659424 31.2679996490479 30.3120002746582 29.1580009460449 28.128999710083 25.3519992828369 23.4090003967285 21.2590007781982 22.4909992218018 24.8099994659424 26.7630004882812 27.1770000457764 27.8999996185303 28.386999130249 28.5380001068115 29.0510005950928 29.1989994049072 26.8409996032715 25.5809993743896 23.3239994049072 22.5869998931885 20.8390007019043 16.8279991149902 9.05799961090088 7.9060001373291 11.1669998168945 14.4280004501343 17.6879997253418 20.9489994049072 22.3719997406006 22.6959991455078 24.2210006713867 26.9559993743896 26.5520000457764 -3.4e+38 -3.4e+38 -3.4e+38 -3.4e+38 -3.4e+38 -3.4e+38 -3.4e+38
30.8379993438721 30.8419990539551 31.4230003356934 31.4050006866455 31.0729999542236 30.7560005187988 30.2590007781982 29.2080001831055 28.5909996032715 28.1879997253418 27.2689990997314 25.6439990997314 22.617000579834 22.6809997558594 24.5219993591309 25.1030006408691 26.4500007629395 26.5860004425049 27.8680000305176 28.4939994812012 29.1509990692139 28.4300003051758 25.2569999694824 25.173999786377 23.9020004272461 22.6049995422363 14.7659997940063 10.7250003814697 7.70699977874756 10.9680004119873 13.4270000457764 15.2110004425049 16.9939994812012 18.0109996795654 20.4549999237061 22.3589992523193 25.7639999389648 27.9610004425049 27.5 27.386999130249 -3.4e+38 -3.4e+38 -3.4e+38 -3.4e+38 -3.4e+38 -3.4e+38
31.3229999542236 31.0890007019043 31.5470008850098 31.6800003051758 31.1870002746582 30.318000793457 29.5219993591309 28.75 28.306999206543 27.5930004119873 27.3819999694824 26.3360004425049 23.4400005340576 21.8910007476807 23.0930004119873 24.1760005950928 27.0090007781982 27.3500003814697 28.0219993591309 28.6310005187988 28.8840007781982 28.0809993743896 26.3840007781982 24.242000579834 24.0750007629395 19.261999130249 15.1149997711182 10.2559995651245 9.36800003051758 8.73200035095215 10.5159997940063 12.298999786377 14.0830001831055 13.5459995269775 18.3150005340576 21.42799949646 21.9650001525879 27.7889995574951 27.8929996490479 28.6149997711182 29.0459995269775 -3.4e+38 -3.4e+38 -3.4e+38 -3.4e+38 -3.4e+38
