01_datasets/03_gis/02_asc_chm-r50m/BR211X.asc
NCOLS 200 
NROWS 200 
XLLCORNER 531218 
YLLCORNER 5292345 
CELLSIZE 0.5 
NODATA_value -3.4e+38 
[rows 60 to 79 of 200, columns 92 to 137 of 200]
30.1800003051758 30.6180000305176 30.9680004119873 30.318000793457 29.4810009002686 30.0189990997314 30.3519992828369 31.2719993591309 32.310001373291 32.5589981079102 32.2709999084473 31.1499996185303 30.173999786377 29.5480003356934 26.2759990692139 24.871000289917 19.2870006561279 17.6630001068115 17.738000869751 17.67799949646 15.3599996566772 7.92600011825562 5.66699981689453 7.02299976348877 8.03400039672852 8.13199996948242 7.9539999961853 6.98099994659424 6.67500019073486 6.56300020217896 10.418999671936 24.9120006561279 27.1889991760254 28.3339996337891 29.0659999847412 29.6900005340576 28.9839992523193 29.2059993743896 30.3899993896484 29.2360000610352 27.4109992980957 26.8209991455078 26.367000579834 25.5389995574951 20.386999130249 10.2720003128052
30.068000793457 30.6229991912842 31.1119995117188 30.3169994354248 29.0790004730225 29.2299995422363 30.1520004272461 30.8920001983643 32.0410003662109 31.931999206543 31.7199993133545 30.9260005950928 29.628999710083 28.4290008544922 25.0090007781982 20.3470001220703 15.0769996643066 15.0380001068115 17.4599990844727 17.2919998168945 16.6599998474121 13.4490003585815 5.66300010681152 7.35099983215332 7.89400005340576 7.94799995422363 7.92899990081787 7.40700006484985 6.83900022506714 6.42899990081787 8.31999969482422 25.7189998626709 27.5830001831055 28.3379993438721 29.1650009155273 30.2709999084473 30.6159992218018 30.9930000305176 31.2509994506836 30.4650001525879 29.0520000457764 27.5100002288818 26.1219997406006 23.3530006408691 18.3910007476807 7.71799993515015
29.3899993896484 29.7759990692139 29.9190006256104 29.3349990844727 28.3840007781982 28.0470008850098 29.5470008850098 30.1060009002686 30.4489994049072 31.5109996795654 31.4139995574951 29.9979991912842 28.0779991149902 26.5869998931885 23.7210006713867 19.0669994354248 14.4130001068115 13.4940004348755 15.460000038147 16.6270008087158 16.5690002441406 13.0939998626709 7.70800018310547 7.68400001525879 7.53900003433228 7.72399997711182 7.68200016021729 7.20699977874756 6.58199977874756 6.2519998550415 6.59800004959106 24.3120002746582 27.3729991912842 28.6439990997314 29.5400009155273 30.7150001525879 31.6040000915527 31.9589996337891 31.9300003051758 31.6620006561279 30.4659996032715 28.7730007171631 27.746000289917 10.3120002746582 7.81500005722046 7.0460000038147
28.5319995880127 28.9050006866455 28.548999786377 28.0319995880127 27.4160003662109 27.5049991607666 27.4780006408691 28.2199993133545 26.8490009307861 30.1679992675781 31.2329998016357 30.0319995880127 28.5189990997314 27.7000007629395 25.6019992828369 23.0009994506836 18.1590003967285 12.2729997634888 14.6990003585815 12.9329996109009 18.8250007629395 18.5009994506836 12.548999786377 9.5620002746582 7.43699979782104 7.53900003433228 7.62099981307983 7.20300006866455 6.71000003814697 6.22100019454956 9.58300018310547 19.1790008544922 27.2129993438721 28.6189994812012 30.6520004272461 31.5330009460449 31.923999786377 32.398998260498 32.0900001525879 31.7310009002686 31.3689994812012 29.9459991455078 23.4090003967285 6.92899990081787 6.55299997329712 7.78200006484985
27.7110004425049 28.1219997406006 27.8369998931885 27.3120002746582 26.6089992523193 25.8719997406006 24.9440002441406 26.6720008850098 29.4680004119873 30.8509998321533 31.1159992218018 31.2150001525879 31.8379993438721 31.4260005950928 25.9169998168945 24.8819999694824 21.3530006408691 15.0959997177124 13.1020002365112 7.44299983978271 21.0799999237061 20.7240009307861 19.4440002441406 17.5779991149902 15.4969997406006 7.4060001373291 13.0450000762939 20.326000213623 19.3780002593994 13.6829996109009 8.07900047302246 7.92399978637695 20.05299949646 28.8439998626709 31.1009998321533 31.1299991607666 31.0879993438721 31.8500003814697 32.4119987487793 32.2389984130859 31.17799949646 29.5639991760254 23.7129993438721 13.1450004577637 8.72700023651123 7.32600021362305
25.9529991149902 26.3159999847412 26.5639991760254 26.2070007324219 25.6909999847412 24.871000289917 26.2150001525879 29.42799949646 31.3640003204346 31.5370006561279 32.5270004272461 31.1359996795654 30.9689998626709 33.1259994506836 32.2540016174316 29.613000869751 22.9899997711182 18.0300006866455 14.0279998779297 2.59500002861023 21.2700004577637 22.94700050354 24.298999786377 22.9759998321533 17.7059993743896 11.4200000762939 19.4759998321533 25.94700050354 28.451000213623 25.6089992523193 23.7709999084473 13.1899995803833 10.6359996795654 27.6200008392334 29.9190006256104 30.3309993743896 30.7310009002686 31.8229999542236 31.8610000610352 31.4479999542236 30.2779998779297 28.8369998931885 27.2700004577637 19.9409999847412 8.15499973297119 4.86399984359741
25.1609992980957 25.1620006561279 24.9969997406006 25.2220001220703 24.7830009460449 24.3400001525879 28.6790008544922 31.9720001220703 32.8079986572266 32.9580001831055 33.7099990844727 33.6319999694824 33.9410018920898 34.7900009155273 34.3030014038086 30.4120006561279 28.5499992370605 27.9249992370605 23.1959991455078 18.2059993743896 26.5380001068115 26.5289993286133 27.8859996795654 25.1790008544922 22.0790004730225 22.4570007324219 28.9939994812012 29.5249996185303 30.8649997711182 30.1909999847412 29.556999206543 26.2609996795654 23.9179992675781 29.2169990539551 28.7029991149902 29.1149997711182 29.5620002746582 22.2189998626709 23.1650009155273 29.8290004730225 28.6690006256104 27.4120006561279 26.0470008850098 25.503999710083 18.1119995117188 6.92000007629395
21.8139991760254 23.3810005187988 22.0109996795654 21.2129993438721 22.6660003662109 23.4090003967285 28.8980007171631 32.3330001831055 34.2599983215332 35.0639991760254 35.3899993896484 35.4360008239746 36.8839988708496 36.9710006713867 35.109001159668 34.0940017700195 31.7520008087158 30.7560005187988 28.4529991149902 27.4930000305176 27.7339992523193 27.9479999542236 27.9260005950928 27.4890003204346 26.7019996643066 29.6959991455078 31.2299995422363 32.3769989013672 31.806999206543 30.0809993743896 32.4360008239746 32.6730003356934 29.3619995117188 28.9069995880127 27.2320003509521 27.6690006256104 27.5230007171631 20.9740009307861 22.4869995117188 27.9740009307861 28.1590003967285 27.4570007324219 25.7250003814697 28.3490009307861 28.7789993286133 21.5559997558594
10.706000328064 14.9130001068115 18.4869995117188 18.4209995269775 20.5069999694824 21.2530002593994 27.5109996795654 32.6800003051758 34.4179992675781 35.3979988098145 36.5250015258789 36.6419982910156 36.8320007324219 36.8650016784668 36.0099983215332 34.6150016784668 33.2550010681152 31.8209991455078 29.7350006103516 27.4559993743896 27.673999786377 27.9179992675781 27.701000213623 27.1870002746582 27.9519996643066 28.9340000152588 30.6919994354248 34.1160011291504 35.3569984436035 33.6860008239746 34.6209983825684 34.8479995727539 32.6769981384277 24.8449993133545 25.4850006103516 26.5949993133545 26.6609992980957 27.0249996185303 27.5310001373291 27.7530002593994 27.8279991149902 27.8880004882812 27.8339996337891 30.4190006256104 30.0639991760254 30.1539993286133
6.49599981307983 0.479000002145767 17.8390007019043 17.4869995117188 20.1100006103516 21.1079998016357 26.3250007629395 33.6949996948242 34.8440017700195 35.6549987792969 36.4710006713867 36.9819984436035 36.8320007324219 36.8359985351562 36.0639991760254 34.7459983825684 34.0779991149902 32.6689987182617 30.5130004882812 28.6800003051758 27.7759990692139 27.617000579834 27.2719993591309 27.9540004730225 29.4610004425049 32.1399993896484 33.1180000305176 35.3569984436035 36.3790016174316 36.5830001831055 36.1759986877441 35.5089988708496 35.1940002441406 30.6770000457764 25.9290008544922 26.1919994354248 26.2530002593994 26.9930000305176 27.2719993591309 20.9869995117188 28.2959995269775 29.1450004577637 30.9860000610352 32.0839996337891 31.9740009307861 31.7670001983643
8.82699966430664 2.28800010681152 5.01999998092651 15.0030002593994 19.3950004577637 22.7099990844727 26.7019996643066 31.9440002441406 34.6209983825684 35.0190010070801 36.3400001525879 36.9210014343262 37.3300018310547 36.9970016479492 36.0550003051758 34.9259986877441 33.8300018310547 32.2459983825684 29.5849990844727 27.2530002593994 24.9389991760254 25.5030002593994 27.1019992828369 27.3509998321533 29.3040008544922 32.2190017700195 34.1240005493164 35.7319984436035 37.1749992370605 36.9300003051758 36.173999786377 35.2700004577637 33.9860000610352 31.0520000457764 26.2569999694824 27.6159992218018 25.4580001831055 26.2870006561279 23.7019996643066 11.1560001373291 24.7889995574951 30.6089992523193 32.9309997558594 33.382999420166 33.7709999084473 33.8330001831055
8.5600004196167 4.33500003814697 2.88000011444092 11.5260000228882 19.07200050354 23.7810001373291 29.0510005950928 32.2190017700195 32.7610015869141 34.5589981079102 36.1679992675781 36.6080017089844 36.9690017700195 36.8680000305176 35.9659996032715 34.9420013427734 33.375 30.8600006103516 28.0820007324219 25.5289993286133 22.4869995117188 24.0049991607666 24.1480007171631 27.1240005493164 28.6979999542236 31.1569995880127 35.564998626709 36.2680015563965 37.4070014953613 37.6839981079102 36.9850006103516 35.9690017700195 34.4199981689453 32.4420013427734 31.8059997558594 29.576000213623 26.6639995574951 24.7290000915527 24.693000793457 25.1469993591309 30.4160003662109 32.6780014038086 32.859001159668 33.8779983520508 35.1800003051758 35.1669998168945
5.4850001335144 4.56500005722046 3.35500001907349 8.76900005340576 17.4069995880127 22.3950004577637 30.2220001220703 31.1030006408691 32.9570007324219 34.1730003356934 35.625 36.0379981994629 36.2949981689453 36.1500015258789 35.1879997253418 33.8860015869141 32.1669998168945 29.8780002593994 27.8579998016357 24.3780002593994 21.3889999389648 21.2409992218018 20.9190006256104 26.0009994506836 24.2110004425049 28.0839996337891 34.5120010375977 36.9770011901855 37.9290008544922 38.398998260498 38.0429992675781 36.7910003662109 35.4099998474121 34.0229988098145 33.0369987487793 30.8570003509521 27.8700008392334 25.2479991912842 23.0219993591309 29.1609992980957 32.2410011291504 32.5120010375977 34.8170013427734 36.0330009460449 36.5309982299805 36.5219993591309
4.74599981307983 3.20199990272522 3.07599997520447 0.705999970436096 10.8870000839233 22.0709991455078 28.6550006866455 30.2800006866455 33.101001739502 34.5299987792969 33.6469993591309 34.0730018615723 35.3419990539551 35.0509986877441 33.4900016784668 33.0740013122559 32.8190002441406 29.0450000762939 26.5769996643066 23.2259998321533 21.0330009460449 20.7129993438721 22.0340003967285 27.8460006713867 29.3810005187988 33.5970001220703 35.931999206543 36.7379989624023 37.7130012512207 38.1430015563965 37.8450012207031 36.5960006713867 35.2849998474121 34.0629997253418 32.367000579834 31.2880001068115 27.6119995117188 24.2280006408691 22.5869998931885 28.6709995269775 31.2609996795654 33.1160011291504 35.7700004577637 36.7589988708496 37.1399993896484 37.492000579834
5.16200017929077 5.67899990081787 16.9440002441406 9.24699974060059 16.576000213623 22.1830005645752 23.5739994049072 27.6860008239746 29.19700050354 32.0769996643066 31.1040000915527 31.9599990844727 33.5289993286133 33.7589988708496 32.8530006408691 32.492000579834 29.5949993133545 24.3689994812012 18.9479999542236 14.8409996032715 18.6030006408691 22.048999786377 22.003999710083 27.5790004730225 32.4990005493164 34.5410003662109 35.1730003356934 35.7410011291504 36.6879997253418 37.2519989013672 37.0960006713867 36.0180015563965 34.5349998474121 33.3769989013672 30.9559993743896 28.7679996490479 27.1520004272461 26.556999206543 27.6940002441406 31.1319999694824 31.7929992675781 34.4000015258789 35.0369987487793 36.8040008544922 37.5429992675781 38.0390014648438
16.9060001373291 20.0219993591309 28.6480007171631 24.4160003662109 27.9050006866455 22.6569995880127 22.617000579834 29.4020004272461 29.32200050354 26.9300003051758 28.4080009460449 31.5170001983643 32.3370018005371 32.576000213623 29.2800006866455 27.6700000762939 24.30299949646 19.0779991149902 16.6800003051758 17.9069995880127 20.8990001678467 23.8910007476807 27.75 28.8279991149902 30.8500003814697 33.4000015258789 34.3699989318848 34.9959983825684 35.5800018310547 35.6749992370605 35.4550018310547 33.8969993591309 33.3610000610352 32.3230018615723 30.8159999847412 29.1359996795654 30.3899993896484 30.613000869751 31.4349994659424 31.7250003814697 33.4029998779297 34.1450004577637 36.423999786377 37.318000793457 37.5950012207031 38.3030014038086
25.0559997558594 28.2360000610352 31.0459995269775 31.6669998168945 32.5120010375977 29.621000289917 31.5170001983643 31.1609992980957 30.496000289917 22.9459991455078 23.4969997406006 28.2320003509521 26.9270000457764 28.0930004119873 22.9300003051758 22.6429996490479 19.7169990539551 18.5189990997314 18.0930004119873 21.0839996337891 24.076000213623 26.2679996490479 27.7709999084473 28.5699996948242 28.8799991607666 31.132999420166 33.6430015563965 34.4290008544922 34.8479995727539 34.9739990234375 33.8450012207031 32.7840003967285 32.2109985351562 31.3059997558594 30.6709995269775 30.9689998626709 31.1870002746582 31.8090000152588 32.1430015563965 32.4720001220703 33.5779991149902 34.7379989624023 36.6209983825684 36.7680015563965 36.992000579834 37.8170013427734
29.2490005493164 30.4139995574951 33.9830017089844 34.6599998474121 34.3930015563965 33.6040000915527 34.3709983825684 33.8559989929199 29.6520004272461 24.7479991912842 21.3880004882812 22.1240005493164 21.8229999542236 21.6679992675781 21.3229999542236 20.5849990844727 19.5090007781982 18.9400005340576 21.1660003662109 22.4090003967285 23.6509990692139 24.69700050354 26.6609992980957 28.2080001831055 28.7369995117188 30.488000869751 33.1370010375977 31.8880004882812 32.201000213623 33.4679985046387 32.4020004272461 32.0810012817383 31.0620002746582 29.6870002746582 30.0620002746582 30.8589992523193 30.8939990997314 31.6100006103516 32.2080001831055 31.6889991760254 32.4580001831055 33.1759986877441 35.048999786377 35.9039993286133 36.5190010070801 36.9659996032715
32.4000015258789 33.2490005493164 35.1310005187988 35.9669990539551 37.1829986572266 37.0830001831055 35.4029998779297 34.4389991760254 29.6790008544922 25.2730007171631 21.1079998016357 21.5990009307861 22.0319995880127 21.5240001678467 21.1459999084473 20.6760005950928 18.7999992370605 16.05299949646 19.7910003662109 21.0340003967285 22.2759990692139 23.2910003662109 24.9799995422363 26.6049995422363 27.0849990844727 29.3010005950928 28.9750003814697 28.0109996795654 27.3419990539551 29.6989994049072 30.6380004882812 29.2140007019043 24.9179992675781 27.9640007019043 29.1590003967285 30.4130001068115 31.4650001525879 31.6439990997314 31.6499996185303 30.9619998931885 32.2949981689453 32.8940010070801 33.6570014953613 34.6800003051758 36.0099983215332 36.2470016479492
33.617000579834 35.0890007019043 36.7449989318848 37.2849998474121 36.9389991760254 36.6419982910156 35.8349990844727 34.560001373291 32.351001739502 31.1849994659424 23.7180004119873 21.3169994354248 21.7859992980957 21.3339996337891 21.1770000457764 20.9409999847412 15.8660001754761 11.4359998703003 6.90899991989136 11.4680004119873 20.5389995574951 21.7660007476807 22.4549999237061 24.128999710083 23.7059993743896 27.1690006256104 27.2140007019043 27.2980003356934 27.318000793457 27.6040000915527 24.9150009155273 19.0049991607666 12.9359998703003 18.7940006256104 28.8509998321533 30.0219993591309 31.4220008850098 31.9570007324219 32.2620010375977 32.117000579834 32.0940017700195 32.4990005493164 32.9869995117188 33.5219993591309 32.3499984741211 34.3530006408691
