01_datasets/03_gis/02_asc_chm-r50m/BR21X6.asc
NCOLS 200 
NROWS 200 
XLLCORNER 533638 
YLLCORNER 5286339.5 
CELLSIZE 0.5 
NODATA_value -3.4e+38 
[rows 140 to 159 of 200, columns 92 to 137 of 200]
12.1899995803833 13.7259998321533 15.3000001907349 16.8729991912842 23.0179996490479 25.4839992523193 22.3010005950928 22.2210006713867 20.8600006103516 25.6410007476807 26.7040004730225 29.1359996795654 31.7070007324219 32.1080017089844 33.617000579834 33.5120010375977 33.5730018615723 33.6459999084473 33.2980003356934 32.8610000610352 32.6839981079102 31.9330005645752 28.9890003204346 23.9200000762939 23.0200004577637 20.6259994506836 18.9379997253418 19.0830001831055 19.3080005645752 19.5330009460449 19.757999420166 19.9829998016357 23.7919998168945 27.8549995422363 30.6840000152588 30.6340007781982 31.2660007476807 33.0970001220703 33.7480010986328 33.6940002441406 33.6660003662109 33.4720001220703 32.9469985961914 31.673999786377 30.5310001373291 29.6660003662109
17.32200050354 18.9990005493164 19.2099990844727 25.556999206543 27.9300003051758 27.9260005950928 24.8349990844727 23.4099998474121 23.7590007781982 27.2129993438721 27.0879993438721 29.6149997711182 31.1240005493164 32.7900009155273 33.5660018920898 33.8040008544922 33.9930000305176 34.2309989929199 33.8569984436035 33.1640014648438 32.7620010375977 31.9120006561279 30.17799949646 27.9580001831055 25.1439990997314 23.2409992218018 19.6879997253418 19.806999206543 19.9220008850098 19.6909999847412 19.4599990844727 19.9729995727539 22.7240009307861 25.8409996032715 30.6420001983643 30.5790004730225 30.9060001373291 32.2789993286133 33.0009994506836 32.8680000305176 32.9710006713867 33.0400009155273 33.0229988098145 32.0400009155273 29.2770004272461 28.6009998321533
21.382999420166 22.6620006561279 25.6359996795654 26.1650009155273 28.5970001220703 29.0109996795654 27.0860004425049 24.253999710083 25.8010005950928 -3.4e+38 26.6679992675781 28.0279998779297 30.242000579834 32.4300003051758 33.5040016174316 33.8720016479492 34.6180000305176 34.9819984436035 34.2540016174316 33.5499992370605 33.201000213623 32.1570014953613 31.9330005645752 30.2840003967285 26.6550006866455 22.1989994049072 18.1490001678467 17.9190006256104 18.2779998779297 18.7770004272461 19.1679992675781 19.5590000152588 20.1450004577637 24.9969997406006 28.9599990844727 30.0790004730225 30.9349994659424 31.0240001678467 31.5200004577637 31.5690002441406 31.867000579834 32.0309982299805 31.1219997406006 28.5459995269775 27.681999206543 26.6770000457764
24.2730007171631 27.6480007171631 29.1439990997314 29.4869995117188 29.6019992828369 29.4990005493164 28.5659999847412 25.9139995574951 25.8640003204346 26.363000869751 26.4440002441406 26.8929996490479 30.3780002593994 32.1310005187988 33.3950004577637 33.7210006713867 34.1139984130859 34.5060005187988 34.2830009460449 33.7789993286133 33.306999206543 32.382999420166 31.55299949646 28.326000213623 25.9899997711182 22.7390003204346 17.2970008850098 17.4519996643066 17.6070003509521 17.806999206543 18.1979999542236 18.5890007019043 19.0729999542236 24.632999420166 27.261999130249 27.9689998626709 29.2759990692139 30.6140003204346 30.4230003356934 29.8320007324219 29.7369995117188 29.2509994506836 27.9979991912842 27.923999786377 27.9200000762939 26.8439998626709
27.3530006408691 28.7840003967285 29.4330005645752 30.1730003356934 30.4150009155273 30.0839996337891 29.826000213623 27.7250003814697 25.996000289917 25.8159999847412 25.068000793457 26.4220008850098 28.9309997558594 32.2779998779297 33.4150009155273 33.451000213623 33.8339996337891 33.9930000305176 33.9059982299805 33.6800003051758 33.1720008850098 32.2439994812012 30.7210006713867 27.8040008544922 25.3659992218018 21.6590003967285 16.7859992980957 17.2590007781982 17.7310009002686 17.943000793457 18.0979995727539 18.2520008087158 18.4069995880127 23.1389999389648 26.423999786377 25.8490009307861 26.0890007019043 27.1270008087158 26.8400001525879 28.7019996643066 28.9769992828369 28.7000007629395 27.9909992218018 27.1079998016357 25.6030006408691 24.3490009307861
28.2399997711182 29.0659999847412 29.5799999237061 30.6299991607666 30.9659996032715 30.7689990997314 30.2830009460449 29.6340007781982 27.9640007019043 25.7269992828369 24.6889991760254 26.8490009307861 29.2169990539551 30.6219997406006 32.060001373291 33.1969985961914 33.6049995422363 33.648998260498 33.7039985656738 33.6020011901855 32.8409996032715 31.5090007781982 28.8330001831055 26.431999206543 24.0440006256104 23.048999786377 18.4930000305176 15.1750001907349 15.6470003128052 16.1200008392334 16.5919990539551 17.0639991760254 17.5359992980957 18.8460006713867 20.4169998168945 21.1149997711182 22.2819995880127 23.0879993438721 24.4640007019043 26.9559993743896 26.3460006713867 27.2859992980957 24.382999420166 23.201000213623 21.7560005187988 21.6450004577637
29.3390007019043 30.1800003051758 30.8430004119873 31.4489994049072 31.625 31.4939994812012 30.7819995880127 29.7350006103516 28.9029998779297 26.4729995727539 26.1949996948242 27.2360000610352 28.7520008087158 30.44700050354 30.7290000915527 31.7229995727539 32.8419990539551 32.7509994506836 32.9490013122559 32.7389984130859 31.9419994354248 29.8959999084473 26.628999710083 24.117000579834 21.8939990997314 20.9099998474121 19.7999992370605 15.4359998703003 13.5629997253418 14.03600025177 14.5080003738403 14.9799995422363 15.3030004501343 16.80299949646 18.8080005645752 19.2889995574951 18.4780006408691 19.201000213623 19.6459999084473 21.4160003662109 21.4190006256104 22.5900001525879 21.1979999542236 20.4459991455078 20.6720008850098 20.5580005645752
29.7980003356934 30.32200050354 30.8129997253418 31.8700008392334 32.4370002746582 32.0359992980957 31.1089992523193 30.1690006256104 28.7789993286133 27.55299949646 26.1550006866455 26.0620002746582 27.2630004882812 29.9009990692139 30.7770004272461 31.125 32.4790000915527 32.6660003662109 32.6660003662109 31.4360008239746 30.1569995880127 27.6520004272461 26.1499996185303 22.3799991607666 19.8819999694824 18.7719993591309 17.6620006561279 16.5520000457764 12.378999710083 11.9519996643066 12.423999786377 12.8970003128052 12.9919996261597 14.4680004119873 16.5459995269775 16.8950004577637 15.253999710083 13.960000038147 16.871000289917 18.7959995269775 21.0659999847412 21.05299949646 20.2950000762939 19.6979999542236 19.5849990844727 19.4720001220703
29.8400001525879 30.8040008544922 31.2880001068115 31.9759998321533 32.0699996948242 31.9360008239746 30.9570007324219 30.0459995269775 29.3959999084473 28.2679996490479 26.2779998779297 27.3309993743896 29.0249996185303 30.8910007476807 31.9890003204346 31.5849990844727 31.8719997406006 32.2540016174316 32.193000793457 26.818000793457 24.3729991912842 17.2880001068115 17.423999786377 17.0359992980957 16.1259994506836 16.8339996337891 15.5240001678467 14.4139995574951 13.3039999008179 9.86800003051758 10.3400001525879 10.8129997253418 10.6809997558594 12.1319999694824 13.8059997558594 13.7119998931885 12.0710000991821 12.9840002059937 15.6359996795654 17.5340003967285 19.4160003662109 20.3910007476807 19.5709991455078 18.75 18.4979991912842 18.3850002288818
29.5580005645752 30.8680000305176 30.7679996490479 31.2800006866455 31.2530002593994 31.2250003814697 30.4080009460449 29.5849990844727 28.9839992523193 28.2520008087158 26.3640003204346 28.4939994812012 29.5790004730225 31.4629993438721 32.6609992980957 32.617000579834 32.1469993591309 31.6700000762939 31.0499992370605 27.4309997558594 21.7250003814697 19.0739994049072 10.2519998550415 10.9160003662109 11.7519998550415 12.6879997253418 13.625 12.5270004272461 11.1940002441406 10.0550003051758 8.25699996948242 8.5620002746582 8.36999988555908 9.79699993133545 10.4919996261597 10.5220003128052 9.16399955749512 12.4759998321533 14.3739995956421 16.1319999694824 17.3740005493164 18.4650001525879 18.8460006713867 18.0259990692139 17.4109992980957 17.2980003356934
29.1119995117188 29.8390007019043 30.0200004577637 30.7560005187988 30.7929992675781 30.6119995117188 29.9500007629395 29.4340000152588 28.9479999542236 27.761999130249 26.5310001373291 25.5289993286133 27.5389995574951 31.32200050354 33.2109985351562 33.318000793457 32.9000015258789 31.9370002746582 31.2590007781982 30.6340007781982 27.7870006561279 24.382999420166 17.4130001068115 9.31799983978271 8.75399971008301 8.31400012969971 9.25100040435791 10.1879997253418 9.55099964141846 8.2189998626709 6.88600015640259 6.25099992752075 6.05900001525879 6.68300008773804 7.05900001525879 7.09000015258789 8.49899959564209 11.21399974823 12.8470001220703 14.1780004501343 15.2700004577637 16.3610000610352 17.4519996643066 17.3010005950928 16.4799995422363 16.2110004425049
28.0540008544922 28.9769992828369 30.007999420166 30.4139995574951 29.8269996643066 29.9200000762939 29.7530002593994 28.1979999542236 28.1459999084473 27.6660003662109 26.8600006103516 27.6889991760254 30.9740009307861 33.4659996032715 33.9370002746582 33.9620018005371 33.4029998779297 30.9899997711182 31.0540008544922 30.2220001220703 24.9370002746582 21.992000579834 17.2950000762939 9.69400024414062 8.89500045776367 7.64400005340576 6.64799976348877 6.59999990463257 6.75 6.57600021362305 6.33099985122681 6.43699979782104 6.04899978637695 5.79500007629395 6.19299983978271 6.65700006484985 8.05399990081787 9.5629997253418 10.9020004272461 12.0740003585815 13.164999961853 14.2559995651245 15.3479995727539 16.4389991760254 15.7559995651245 15.1730003356934
26.5189990997314 27.3899993896484 28.8269996643066 30.3010005950928 29.8999996185303 28.6380004882812 28.7479991912842 26.7269992828369 26.451000213623 26.201000213623 25.5830001831055 28.4190006256104 32.3429985046387 33.9160003662109 34.8170013427734 34.492000579834 33.6599998474121 29.875 28.9860000610352 29.07200050354 25.2959995269775 14.3140001296997 10.039999961853 9.58899974822998 9.00800037384033 7.30200004577637 6.34600019454956 5.28200006484985 4.95599985122681 5.94500017166138 6.61199998855591 6.83900022506714 6.73600006103516 6.42999982833862 6.80900001525879 6.90299987792969 6.30999994277954 7.61800003051758 8.87800025939941 9.9689998626709 11.0600004196167 12.1520004272461 13.2430000305176 14.3339996337891 15.0319995880127 14.2189998626709
25.2950000762939 26.2089996337891 25.2800006866455 27.451000213623 27.7959995269775 27.6499996185303 27.4440002441406 26.2569999694824 24.5349998474121 27.5359992980957 28.6830005645752 31.2520008087158 32.5250015258789 33.7159996032715 34.4869995117188 34.3219985961914 33.6839981079102 31.2320003509521 27.738000869751 27.7859992980957 25.0030002593994 14.8859996795654 9.93000030517578 9.44799995422363 8.86600017547607 7.62799978256226 5.59600019454956 4.64099979400635 5.48600006103516 7.19299983978271 6.80299997329712 7.2020001411438 8.86499977111816 8.44299983978271 6.96199989318848 6.87599992752075 5.98000001907349 5.6729998588562 6.77299976348877 7.86499977111816 8.95600032806396 10.0469999313354 11.1389999389648 12.2299995422363 13.3210000991821 13.4870004653931
24.4740009307861 22.1200008392334 20.7059993743896 22.6180000305176 25.4069995880127 26.7670001983643 26.3680000305176 25.3859996795654 23.7059993743896 25.9139995574951 31.7049999237061 31.4440002441406 31.7110004425049 32.9249992370605 33.5709991455078 33.6440010070801 33.6980018615723 30.7660007476807 27.3560009002686 27.5049991607666 21.7649993896484 11.6300001144409 9.26700019836426 9.30599975585938 8.72500038146973 8.14299964904785 6.08900022506714 7.29099988937378 8.8769998550415 10.3640003204346 9.29599952697754 8.41499996185303 9.68099975585938 9.70899963378906 8.22399997711182 7.44600009918213 6.05499982833862 4.61600017547607 5.03000020980835 5.76000022888184 6.85099983215332 7.94299983978271 9.03400039672852 10.125 11.2170000076294 12.3079996109009
24.5380001068115 21.5279998779297 20.9790000915527 21.0049991607666 22.996000289917 24.3980007171631 24.2609996795654 22.7399997711182 21.9839992523193 24.0629997253418 28.867000579834 30.4710006713867 31.0580005645752 32.1640014648438 32.9599990844727 33.0060005187988 31.6380004882812 28.2789993286133 26.7709999084473 25.1840000152588 11.4580001831055 8.95600032806396 7.29199981689453 6.82399988174438 7.15799999237061 7.59200000762939 9.11800003051758 14.1969995498657 15.701000213623 15.8159999847412 12.2270002365112 14.6009998321533 12.0970001220703 10.1579999923706 9.89500045776367 9.21399974822998 7.63899993896484 5.38500022888184 5.20499992370605 5.59999990463257 6.0019998550415 6.41599988937378 6.92899990081787 8.02099990844727 9.11200046539307 10.2030000686646
24.6580009460449 23.7569999694824 22.8560009002686 17.9409999847412 20.0470008850098 20.988000869751 21.9820003509521 21.3899993896484 20.943000793457 20.2129993438721 23.2439994812012 28.5270004272461 29.1840000152588 31.2339992523193 31.8419990539551 30.7290000915527 28.193000793457 26.8850002288818 26.628999710083 24.0060005187988 10.6969995498657 7.71000003814697 6.2480001449585 6.58300018310547 7.0770001411438 9.60400009155273 16.8400001525879 21.0069999694824 21.173999786377 20.4799995422363 16.7740001678467 20.2959995269775 20.8339996337891 15.5900001525879 9.88199996948242 9.21700000762939 8.46500015258789 7.92700004577637 5.44299983978271 5.83699989318848 6.23199987411499 6.62599992752075 7.02099990844727 7.41499996185303 7.80900001525879 8.21700000762939
14.0109996795654 10.2119998931885 12.7869997024536 15.3620004653931 17.548999786377 18.4969997406006 19.6879997253418 20.9479999542236 20.4230003356934 19.6569995880127 20.2059993743896 26.2159996032715 27.7660007476807 29.19700050354 29.1319999694824 28.7929992675781 26.9829998016357 26.5769996643066 26.5650005340576 20.3859996795654 12.0010004043579 8.19099998474121 5.90799999237061 6.38299989700317 10.5340003967285 14.8409996032715 20.8589992523193 22.2129993438721 24.8950004577637 26.5259990692139 28.0739994049072 28.5069999694824 25.2910003662109 25.9559993743896 15.7959995269775 8.89000034332275 8.23299980163574 7.55200004577637 5.67999982833862 6.07399988174438 6.4689998626709 6.86299991607666 7.25799989700317 7.65199995040894 8.04699993133545 8.42800045013428
5.52400016784668 8.09899997711182 10.6730003356934 13.2480001449585 15.0590000152588 16.0520000457764 17.3120002746582 18.5729999542236 19.8330001831055 19.6539993286133 18.9619998931885 23.7670001983643 25.5869998931885 26.1200008392334 25.5499992370605 27.7639999389648 26.9680004119873 25.4080009460449 23.4710006713867 21.0400009155273 12.3929996490479 12.1319999694824 6.65899991989136 11.081000328064 15.41100025177 19.7409992218018 23.0669994354248 24.94700050354 27.6420001983643 29.9009990692139 30.8990001678467 29.7390003204346 27.4720001220703 28.1450004577637 22.8899993896484 12.1110000610352 8.31700038909912 6.32499980926514 6.0789999961853 6.2960000038147 6.66300010681152 7.03000020980835 7.39699983596802 7.82999992370605 8.90299987792969 9.97599983215332
3.41000008583069 5.9850001335144 8.5600004196167 11.1350002288818 12.5690002441406 13.6770000457764 14.9370002746582 16.1979999542236 17.4580001831055 18.7180004119873 18.9069995880127 21.6450004577637 21.5540008544922 20.7229995727539 17.4810009002686 21.6650009155273 24.2549991607666 21.2220001220703 16.2360000610352 13.3940000534058 12.6079998016357 10.548999786377 9.83300018310547 13.7130002975464 18.0860004425049 22.7280006408691 26.1679992675781 27.613000869751 29.5650005340576 31.6079998016357 31.886999130249 31.2980003356934 30.1019992828369 28.9650001525879 29.0049991607666 23.1879997253418 13.3039999008179 7.7039999961853 6.15700006484985 6.36600017547607 6.7649998664856 7.83799982070923 8.91100025177002 9.98400020599365 11.0579996109009 12.1309995651245
