01_datasets/03_gis/02_asc_chm-r50m/BR211G.asc
NCOLS 200 
NROWS 201 
XLLCORNER 537766 
YLLCORNER 5307170.5 
CELLSIZE 0.5 
NODATA_value -3.4e+38 
[rows 100 to 119 of 201, columns 0 to 45 of 200]
-339999999999999996123846586046231871488.000000000000000 25.6760005950928 28.136999130249 27.8090000152588 26.1259994506836 25.003999710083 20.4939994812012 16.4899997711182 18.7390003204346 15.581000328064 11.0979995727539 27.9150009155273 29.201000213623 30.7409992218018 31.8390007019043 32.625 32.5289993286133 31.753999710083 31.4640007019043 30.9300003051758 31.7590007781982 30.8490009307861 29.7320003509521 29.4979991912842 29.3589992523193 28.1410007476807 25.0979995727539 24.7630004882812 24.8379993438721 24.8400001525879 25.1100006103516 25.0869998931885 23.4109992980957 20.5009994506836 17.4759998321533 15.5860004425049 20.2119998931885 27.07200050354 28.5839996337891 29.2490005493164 29.6280002593994 29.8920001983643 29.9930000305176 28.8419990539551 30.1469993591309 31.625
-3.4e+38 28.2339992523193 28.8610000610352 27.6690006256104 26.5709991455078 26.0429992675781 26.621000289917 25.9810009002686 26.0450000762939 22.7269992828369 19.6100006103516 25.1399993896484 29.0090007781982 30.7099990844727 31.9939994812012 32.7569999694824 32.3030014038086 31.5919990539551 30.8120002746582 30.1040000915527 29.7660007476807 29.9160003662109 29.6110000610352 29.5380001068115 28.746000289917 27.0809993743896 24.1529998779297 24.2070007324219 24.0069999694824 24.117000579834 24.3400001525879 24.8360004425049 19.8540000915527 13.8900003433228 14.2209997177124 16.1229991912842 23.0130004882812 27.5069999694824 28.8470001220703 29.3969993591309 29.7980003356934 29.951000213623 29.9400005340576 29.7490005493164 29.7040004730225 31.7940006256104
-3.4e+38 29.9069995880127 29.8290004730225 28.9360008239746 27.2509994506836 28.4290008544922 30.1310005187988 29.7240009307861 28.7569999694824 27.0189990997314 23.92799949646 25.4169998168945 28.871000289917 30.2870006561279 30.9710006713867 32.1800003051758 31.8519992828369 31.3899993896484 30.7600002288818 29.2759990692139 28.9489994049072 28.4729995727539 29.3110008239746 30.3279991149902 29.7759990692139 25.9169998168945 23.2029991149902 23.2320003509521 22.5200004577637 23.3519992828369 23.2950000762939 23.992000579834 21.9829998016357 15.2290000915527 15.0430002212524 20.5520000457764 25.378999710083 27 28.1569995880127 29.0739994049072 29.7730007171631 29.8290004730225 29.826000213623 29.4650001525879 30.5699996948242 31.8299999237061
-3.4e+38 30.363000869751 31.3279991149902 31.5909996032715 31.7250003814697 31.6019992828369 31.7399997711182 30.7759990692139 30.1630001068115 29.0729999542236 26.6529998779297 27.4489994049072 28.0919990539551 29.3110008239746 29.8229999542236 30.8080005645752 31.0139999389648 30.5139999389648 30.3129997253418 30.1350002288818 29.628999710083 27.4829998016357 28.5750007629395 30.306999206543 30.5009994506836 28.2670001983643 26.9689998626709 23.2220001220703 21.4090003967285 22.82200050354 23.0459995269775 23.7059993743896 24.3910007476807 21.3729991912842 15.6180000305176 20.8369998931885 24.1469993591309 26.0389995574951 27.9409999847412 28.6569995880127 29.3810005187988 29.3959999084473 29.42799949646 28.9829998016357 29.1429996490479 30.4740009307861
-3.4e+38 32.1180000305176 33.5709991455078 33.6539993286133 33.5940017700195 33.0349998474121 32.0289993286133 31.4379997253418 30.32200050354 28.5820007324219 27.8139991760254 26.2880001068115 26.8239994049072 28.0370006561279 29.0100002288818 29.5949993133545 29.738000869751 30.4810009002686 30.7840003967285 31.1389999389648 31.19700050354 31.19700050354 32.0190010070801 32.3190002441406 30.1229991912842 28.8110008239746 27.7240009307861 25.5380001068115 23.5060005187988 22.6100006103516 21.7339992523193 21.0869998931885 18.7490005493164 16.1270008087158 15.8859996795654 17.0839996337891 22.923999786377 25.8090000152588 27.1310005187988 27.8899993896484 28.503999710083 28.94700050354 28.7329998016357 28.5069999694824 28.7840003967285 29.3959999084473
-3.4e+38 32.9389991760254 33.8940010070801 34.2760009765625 33.9230003356934 33.0750007629395 32.4080009460449 32.0820007324219 31.367000579834 29.113000869751 27.2730007171631 24.7639999389648 25.076000213623 26.1490001678467 27.7110004425049 28.9489994049072 29.7689990997314 31.4379997253418 32.0069999694824 32.8440017700195 33.4370002746582 33.1259994506836 32.9889984130859 33.2509994506836 30.3379993438721 29.6809997558594 28.0230007171631 26.1809997558594 23.4270000457764 21.9400005340576 19.6660003662109 17.6730003356934 16.8740005493164 15.9469995498657 15.3219995498657 16.6030006408691 21.2779998779297 23.8980007171631 26.9200000762939 27.1100006103516 27.6919994354248 28.1539993286133 27.5869998931885 27.5559997558594 27.4389991760254 27.3850002288818
-3.4e+38 33.2360000610352 34.2350006103516 34.673999786377 34.492000579834 33.9970016479492 33.6059989929199 32.4379997253418 31.6730003356934 29.5 26.6089992523193 23.9169998168945 23.5109996795654 23.9549999237061 25.5830001831055 28.9459991455078 30.1410007476807 31.2859992980957 32.3310012817383 32.7779998779297 34.117000579834 34.2550010681152 34.5449981689453 34.2939987182617 31.5830001831055 30.3719997406006 28.9759998321533 26.4599990844727 25.8500003814697 21.0699996948242 17.8740005493164 16.3460006713867 15.7189998626709 15.3199996948242 13.1219997406006 14.1009998321533 20.1060009002686 21.7269992828369 24.2150001525879 25.6639995574951 26.5219993591309 26.3899993896484 25.1679992675781 25.4249992370605 24.9340000152588 24.9570007324219
-3.4e+38 33.193000793457 34.523998260498 35.25 35.1730003356934 34.5349998474121 33.201000213623 32.1069984436035 31.5060005187988 30.1590003967285 27.3199996948242 23.0300006866455 22.2770004272461 22.1790008544922 22.6940002441406 26.2520008087158 30.3719997406006 31.1660003662109 32.6920013427734 34.2169990539551 35.0050010681152 35.7529983520508 35.7879981994629 35.234001159668 32.9939994812012 30.7080001831055 29.8959999084473 27.8770008087158 26.5970001220703 14.8050003051758 15.2849998474121 14.9680004119873 14.7679996490479 13.5989999771118 13.1759996414185 14.4270000457764 18.8649997711182 20.8439998626709 20.6420001983643 22.2350006103516 24.556999206543 24.5869998931885 22.9890003204346 22.4640007019043 22.8339996337891 23.6189994812012
-3.4e+38 32.7900009155273 34.2319984436035 34.701000213623 34.798999786377 34.189998626709 32.1339988708496 32.1549987792969 30.875 29.7110004425049 29.0820007324219 22.4869995117188 21.4449996948242 20.5069999694824 20.9009990692139 20.5130004882812 27.0100002288818 31.8010005950928 33.7120018005371 35.181999206543 35.8089981079102 35.9329986572266 35.7459983825684 35.3300018310547 33.9469985961914 31.8990001678467 30.6219997406006 29.7390003204346 26.3910007476807 18.5380001068115 17.3419990539551 13.6059999465942 12.8170003890991 10.7690000534058 11.0050001144409 11.210000038147 13.6090002059937 17.8080005645752 16.8649997711182 17.94700050354 19.4710006713867 19.4009990692139 22.2129993438721 20.871000289917 20.7189998626709 22.2080001831055
-3.4e+38 30.8780002593994 33.3720016479492 33.7589988708496 34.0460014343262 33.7649993896484 31.8610000610352 31.6009998321533 30.7029991149902 28.9650001525879 25.5709991455078 23.0310001373291 19.3859996795654 15.6079998016357 23.4909992218018 25.1650009155273 28.3369998931885 31.6630001068115 34.4329986572266 35.7519989013672 36.1990013122559 36.1910018920898 35.632999420166 35.4230003356934 34.6469993591309 32.9179992675781 31.1149997711182 29.3640003204346 23.2569999694824 20.4969997406006 16.4340000152588 10.2829999923706 9.74499988555908 8.21199989318848 10.6420001983643 10.746000289917 11.0170001983643 13.746000289917 15.2829999923706 15.1599998474121 14.0139999389648 13.9910001754761 14.8940000534058 18.3700008392334 19.6690006256104 20.5510005950928
-3.4e+38 -3.4e+38 32.4630012512207 32.273998260498 33.226001739502 33 30.5580005645752 29.8339996337891 28.6399993896484 27.4769992828369 23.0629997253418 21.0550003051758 19.0009994506836 18.5900001525879 24.9029998779297 26.1159992218018 29.1140003204346 31.6189994812012 34.2050018310547 35.2560005187988 35.8730010986328 36.1990013122559 35.5099983215332 35.0820007324219 32.9790000915527 32.7480010986328 31.5919990539551 28.5639991760254 24.9080009460449 18.1310005187988 11.1379995346069 10.1040000915527 8.51900005340576 7.74200010299683 10.4139995574951 10.548999786377 11.6549997329712 13.7510004043579 14.2709999084473 13.0550003051758 13.4729995727539 13.9549999237061 14.8100004196167 17.5149993896484 19.4099998474121 20.5049991607666
-3.4e+38 -3.4e+38 31.1480007171631 30.0419998168945 31.2840003967285 31.9389991760254 31.2250003814697 29.2670001983643 28.0170001983643 27.0450000762939 24.1149997711182 17.9990005493164 15.5019998550415 15.6180000305176 19.9120006561279 23.3379993438721 26.3700008392334 30.5659999847412 32.5919990539551 33.8880004882812 34.9420013427734 35.3450012207031 34.5960006713867 34.4630012512207 31.5270004272461 30.9820003509521 29.8479995727539 27.6599998474121 24.1380004882812 18.5659999847412 11.6149997711182 9.92800045013428 9.92800045013428 9.67899990081787 9.32800006866455 9.31999969482422 8.95600032806396 11.0939998626709 11.4829998016357 12.7089996337891 13.1929998397827 13.5190000534058 13.1719999313354 14.7019996643066 22.2000007629395 23.2240009307861
-3.4e+38 -3.4e+38 29.7049999237061 29.1399993896484 30.761999130249 30.1060009002686 28.4099998474121 29.242000579834 27.7980003356934 25.7959995269775 23.6630001068115 19.1630001068115 16.1000003814697 17.753999710083 22.9200000762939 25.0879993438721 26.746000289917 28.492000579834 30.7840003967285 32.2949981689453 32.9309997558594 33.4539985656738 34.375 33.7750015258789 30.4629993438721 29.5359992980957 26.9389991760254 27.2970008850098 22.67799949646 14.7569999694824 7.70599985122681 9.52400016784668 8.54899978637695 7.65199995040894 7.14699983596802 7.05200004577637 8.10999965667725 8.29800033569336 11.576000213623 12.5719995498657 12.7760000228882 11.8699998855591 10.8879995346069 15.1949996948242 24.7399997711182 27.2910003662109
-3.4e+38 -3.4e+38 29.2830009460449 29 28.2549991607666 26.7189998626709 26.8269996643066 28.2959995269775 27.2350006103516 25.1499996185303 19.7660007476807 20.1070003509521 20.3080005645752 24.636999130249 25.7180004119873 26.4230003356934 27.0559997558594 27.8460006713867 28.5389995574951 30.8229999542236 29.6529998779297 30.6900005340576 32.6949996948242 32.451000213623 30.1340007781982 29.0240001678467 22.8190002441406 23.2530002593994 19.7129993438721 13.1540002822876 8.65900039672852 9.57600021362305 9.45699977874756 9.66300010681152 7.67700004577637 7.9850001335144 9.25899982452393 9.66199970245361 10.835000038147 11.1949996948242 10.6890001296997 9.42000007629395 12.9090003967285 21.7080001831055 26.1830005645752 27.3040008544922
-3.4e+38 -3.4e+38 27.7140007019043 27.3360004425049 26.6529998779297 26.1310005187988 26.17799949646 26.4360008239746 26.253999710083 18.8549995422363 13.3979997634888 19.5049991607666 23.1040000915527 24.6079998016357 26.2110004425049 27.4099998474121 27.9720001220703 28.5060005187988 29.3939990997314 30.3959999084473 28.8959999084473 29.2280006408691 29.9060001373291 29.6989994049072 29.4230003356934 28.8439998626709 19.8819999694824 16.6280002593994 17.1350002288818 18.7940006256104 17.1720008850098 13.7430000305176 9.83899974822998 9.95600032806396 10.0139999389648 9.46700000762939 9.96199989318848 10.3059997558594 9.58800029754639 8.03800010681152 7.73199987411499 7.93100023269653 7.49499988555908 9.38700008392334 20.5419998168945 27.318000793457
-3.4e+38 -3.4e+38 25.8330001831055 26.1180000305176 26.0429992675781 26.3250007629395 26.5820007324219 26.3950004577637 25.8190002441406 19.5130004882812 12.8839998245239 22.1650009155273 22.8330001831055 24.5860004425049 26.9360008239746 28.5590000152588 29.2430000305176 30.6280002593994 30.7390003204346 30.5240001678467 29.5240001678467 29.2759990692139 29.6420001983643 28.3320007324219 28.7910003662109 26.1660003662109 19.1959991455078 16.9050006866455 19.6900005340576 20.8349990844727 21.0160007476807 19.6790008544922 13.3889999389648 11.3590002059937 11.5059995651245 10.9799995422363 10.9860000610352 11.6090002059937 10.8009996414185 8.48400020599365 7.67500019073486 7.85099983215332 7.41400003433228 9.71599960327148 13.8500003814697 22.8980007171631
-3.4e+38 -3.4e+38 25.7880001068115 25.5659999847412 25.8110008239746 26.1560001373291 26.4750003814697 26.3269996643066 25.2870006561279 24.0590000152588 22.3250007629395 21.3990001678467 23.6630001068115 24.8360004425049 28.3309993743896 29.3910007476807 30.1439990997314 30.2880001068115 30.7430000305176 30.5130004882812 29.7999992370605 29.32200050354 29.4549999237061 29.386999130249 26.3199996948242 23.5130004882812 18.9640007019043 16.2099990844727 19.8929996490479 21.3449993133545 21.1669998168945 20.5790004730225 19.9220008850098 11.6909999847412 12.1490001678467 12.0450000762939 11.9589996337891 11.6590003967285 11.4399995803833 10.5979995727539 8.20499992370605 8.2189998626709 16.6989994049072 21.306999206543 25.6019992828369 27.0189990997314
-3.4e+38 -3.4e+38 -3.4e+38 25.2880001068115 25.5049991607666 25.5550003051758 25.951000213623 25.2639999389648 23.7089996337891 21.9899997711182 20.375 21.3120002746582 23.8129997253418 26.3500003814697 27.8250007629395 29.496000289917 30.3840007781982 30.9449996948242 31.3290004730225 30.9890003204346 30.6720008850098 29.423999786377 29.1040000915527 27.9990005493164 25.9249992370605 24.5809993743896 20.1770000457764 17.5230007171631 20.9220008850098 21.8549995422363 21.2730007171631 20.5629997253418 19.5820007324219 14.3959999084473 13.0590000152588 12.4449996948242 12.1829996109009 12.9379997253418 13.1499996185303 19.1889991760254 20.7029991149902 19.693000793457 25.0809993743896 24.6149997711182 23.9009990692139 25.0400009155273
-3.4e+38 -3.4e+38 -3.4e+38 24.8110008239746 24.988000869751 25.0060005187988 24.9950008392334 23.6580009460449 22.6149997711182 20.2810001373291 20.1310005187988 21.9890003204346 23.3250007629395 25.3290004730225 28.0820007324219 29.4120006561279 30.4349994659424 31.8239994049072 31.82200050354 31.3509998321533 31.2709999084473 30.4330005645752 29.5179996490479 29.3150005340576 27.2310009002686 25.7639999389648 21.4139995574951 19.068000793457 20.9689998626709 21.6280002593994 21.7779998779297 20.5179996490479 19.4860000610352 18.4619998931885 15.298999786377 15.0290002822876 21.0769996643066 20.625 20.7560005187988 23.4640007019043 25.5049991607666 25.4169998168945 26.1439990997314 25.4009990692139 21.8059997558594 15.9540004730225
-3.4e+38 -3.4e+38 -3.4e+38 17.0830001831055 24.1940002441406 24.0370006561279 21.1560001373291 16.2110004425049 20.4519996643066 19.3159999847412 20.7800006866455 23.1089992523193 24.2569999694824 25.8250007629395 27.9449996948242 29.1900005340576 30.2240009307861 31.4750003814697 31.3479995727539 31.3460006713867 30.80299949646 30.0179996490479 29.2630004882812 29.4389991760254 27.806999206543 25.5419998168945 22.1429996490479 20.0690002441406 20.1499996185303 20.8700008392334 21.5809993743896 21.6690006256104 20.0240001678467 20.8090000152588 20.7059993743896 21.1420001983643 23.9570007324219 25.5580005645752 23.4529991149902 21.5389995574951 25.9349994659424 27.1800003051758 26.681999206543 20.431999206543 6.84299993515015 6.78000020980835
