01_datasets/03_gis/02_asc_chm-r50m/BR211G.asc
NCOLS 200 
NROWS 201 
XLLCORNER 537766 
YLLCORNER 5307170.5 
CELLSIZE 0.5 
NODATA_value -3.4e+38 
[rows 40 to 59 of 201, columns 46 to 91 of 200]
0.363000005483627 6.24399995803833 17.1529998779297 23.9400005340576 24.2070007324219 23.1909999847412 22.5340003967285 22.2199993133545 21.4270000457764 10.8570003509521 5.78800010681152 6.04500007629395 5.98799991607666 5.71999979019165 5.7810001373291 5.6269998550415 5.50799989700317 5.59999990463257 4.16099977493286 1.64199995994568 1.55299997329712 1.59099996089935 1.75699996948242 2.2279999256134 4.52400016784668 9.7209997177124 11.8640003204346 26.7789993286133 30.9090003967285 32.1759986877441 32.9309997558594 33.3580017089844 33.060001373291 32.4210014343262 31.9419994354248 28.5669994354248 22.4969997406006 16.3519992828369 14.6459999084473 3.65799999237061 0.356000006198883 0.303000003099442 0.419999986886978 5.76399993896484 9.32400035858154 9.48900032043457
0.667999982833862 11.9670000076294 19 24.7360000610352 24.6420001983643 23.9549999237061 22.8530006408691 22.2679996490479 20.9370002746582 13.6450004577637 7.01900005340576 5.81500005722046 5.45300006866455 5.34999990463257 5.83300018310547 6.05999994277954 6.09100008010864 5.8439998626709 4.90000009536743 2.83800005912781 1.52799999713898 2.1029999256134 2.14100003242493 2.3659999370575 3.85199999809265 2.91899991035461 9.30500030517578 24.0779991149902 30.9220008850098 31.5839996337891 32.4700012207031 32.882999420166 32.3849983215332 31.4850006103516 30.2520008087158 27.8560009002686 17.7740001678467 4.11700010299683 4.7350001335144 3.16199994087219 0.301999986171722 4.69399976730347 6.98400020599365 9.32999992370605 9.31999969482422 9.36200046539307
1.68599998950958 12.8439998626709 20.1909999847412 23.4349994659424 23.8799991607666 22.9640007019043 22.3040008544922 21.4750003814697 12.8540000915527 6.5939998626709 5.58599996566772 5.21299982070923 5.20100021362305 5.23999977111816 5.88600015640259 6.21500015258789 6.12400007247925 5.83400011062622 5.47499990463257 5.45499992370605 3.96900010108948 0.736999988555908 1.04799997806549 2.43600010871887 2.60500001907349 2.55399990081787 7.7020001411438 24.5170001983643 29.3999996185303 30.9839992523193 31.2089996337891 31.5450000762939 31.8929996490479 31.4799995422363 30.6229991912842 29.5400009155273 25.3740005493164 5.38299989700317 0.280000001192093 8.84200000762939 12.6540002822876 12.003999710083 9.42599964141846 9.58899974822998 9.6230001449585 9.84099960327148
5.01100015640259 11.0799999237061 17.326000213623 21.9039993286133 22.3439998626709 22.0499992370605 21.3540000915527 16.9419994354248 6.68800020217896 5.00799989700317 4.65999984741211 4.52500009536743 4.88299989700317 5.71000003814697 5.85699987411499 6.14799976348877 6.03399991989136 5.97700023651123 5.76800012588501 5.76399993896484 5.41599988937378 3.38599991798401 2.10199999809265 2.55599999427795 1.79299998283386 1.29200005531311 0.537000000476837 18.9990005493164 26.9200000762939 30.0149993896484 31.076000213623 30.378999710083 31.0440006256104 30.5790004730225 29.363000869751 27.9909992218018 26.2859992980957 15.5150003433228 2.92400002479553 13.5019998550415 15.0900001525879 11.3520002365112 7.62900018692017 9.29500007629395 9.68099975585938 10.3190002441406
4.89099979400635 14.2650003433228 20.4349994659424 21.5410003662109 21.2910003662109 20.7269992828369 19.5109996795654 14.0459995269775 5.14900016784668 2.97099995613098 2.86800003051758 3.94199991226196 4.78000020980835 5.68599987030029 6.24300003051758 6.37099981307983 6.43800020217896 6.18499994277954 6.05700016021729 6.11600017547607 5.35500001907349 3.25500011444092 2.94199991226196 2.53399991989136 0.694000005722046 0.293000012636185 0.361999988555908 0.853999972343445 17.6989994049072 26.6639995574951 29.3190002441406 28.5580005645752 29.2929992675781 28.9759998321533 26.9549999237061 26.4939994812012 26.1660003662109 15.0699996948242 4.91400003433228 7.28000020980835 4.9980001449585 1.59500002861023 6.92500019073486 9.33800029754639 10.0799999237061 10.78600025177
5.09700012207031 14.0629997253418 19.8980007171631 19.3439998626709 19.4440002441406 12.3219995498657 12.5509996414185 6.05200004577637 3.76600003242493 1.88800001144409 2.15000009536743 3.35800004005432 4.73199987411499 5.35400009155273 6.05900001525879 6.58900022506714 6.44199991226196 6.19399976730347 6.28700017929077 5.72100019454956 4.62900018692017 3.46900010108948 3.08800005912781 1.28900003433228 0.352999985218048 0.412000000476837 0.462999999523163 0.614000022411346 3.16899991035461 16.0699996948242 19.9309997558594 25.94700050354 27.5289993286133 26.9740009307861 26.7709999084473 25.923999786377 25.8640003204346 22.2880001068115 17.492000579834 8.02200031280518 0.38400000333786 4.06500005722046 8.44299983978271 9.1870002746582 10.0019998550415 11.0609998703003
1.05099999904633 10.1669998168945 13.2559995651245 17.3209991455078 15.6529998779297 2.68600010871887 3.52800011634827 2.63599991798401 1.77199995517731 0.273999989032745 0.580999970436096 1.91600000858307 4.18300008773804 5.35500001907349 5.68200016021729 6.23799991607666 6.22100019454956 5.96799993515015 5.61800003051758 4.67999982833862 3.6949999332428 3.54900002479553 3.16499996185303 1.42499995231628 0.685999989509583 0.579999983310699 0.453000009059906 0.263999998569489 0.421000003814697 5.49399995803833 10.3730001449585 21.7740001678467 26.0620002746582 26.5559997558594 27.5990009307861 27.5930004119873 27.7530002593994 26.4720001220703 25.7919998168945 18.4610004425049 3.12899994850159 4.78800010681152 8.57299995422363 9.1899995803833 10.4409999847412 12.9029998779297
0.361999988555908 2.13700008392334 1.79100000858307 9.32600021362305 13.9750003814697 4 0.228000000119209 0.43299999833107 0.633000016212463 0.379999995231628 0.418999999761581 2.3289999961853 3.38800001144409 4.75299978256226 4.77099990844727 5.16200017929077 8.79199981689453 10.5939998626709 10.3190002441406 9.57999992370605 7.60699987411499 3.36400008201599 2.42000007629395 1.14600002765656 0.595000028610229 0.649999976158142 0.497000008821487 0.384999990463257 12.46399974823 14.2580003738403 14.7360000610352 23.8430004119873 27.2980003356934 27.7450008392334 28.4069995880127 28.6450004577637 28.621000289917 27.4829998016357 26.4160003662109 15.5419998168945 0.0700000002980232 2.32399988174438 6.93300008773804 11.423999786377 14.5979995727539 16.4699993133545
5.88000011444092 5.79899978637695 5.94999980926514 8.05000019073486 9.96700000762939 4.43100023269653 2.28800010681152 0.444999992847443 0.550000011920929 0.5 0.648999989032745 1.29799997806549 1.16600000858307 2.78200006484985 3.94000005722046 11.1789999008179 20.193000793457 24.4489994049072 21.6380004882812 21.136999130249 18.3120002746582 15.0749998092651 1.81599998474121 0.384999990463257 0.449999988079071 0.556999981403351 1.62100005149841 9.67000007629395 18.1480007171631 21.7199993133545 21.8479995727539 26.5450000762939 28.0599994659424 28.8700008392334 28.5960006713867 28.9340000152588 28.9409999847412 28.5949993133545 28.2099990844727 19.2950000762939 5.99499988555908 2.83100008964539 8.33500003814697 14.8140001296997 18.0419998168945 18.2970008850098
11.4689998626709 10.9370002746582 10.6770000457764 10.0200004577637 7.98400020599365 4.89099979400635 3.74200010299683 2.60400009155273 1.29499995708466 0.296999990940094 0.206000000238419 0.12899999320507 0.126000002026558 2.90499997138977 10.710000038147 20.2840003967285 23.8540000915527 24.5990009307861 24.9850006103516 24.9200000762939 21.8649997711182 23.1030006408691 17.5809993743896 10.6239995956421 5.76200008392334 9.08199977874756 10.2770004272461 15.2799997329712 21.2670001983643 22.5170001983643 23.8770008087158 26.798999786377 28.25 29.431999206543 29.4570007324219 29.1679992675781 29.0939998626709 28.4820003509521 27.7709999084473 25.0690002441406 15.9040002822876 12.3699998855591 13.923999786377 16.3040008544922 19.1119995117188 19.3290004730225
11.6099996566772 15.0010004043579 11.4989995956421 10.3889999389648 6.11999988555908 3.82399988174438 3.89400005340576 3.87800002098083 2.57999992370605 0.98199999332428 0.647000014781952 1.34200000762939 3.62100005149841 17.2840003967285 21.5410003662109 21.7019996643066 24.0820007324219 25.1620006561279 25.3169994354248 25.4790000915527 23.75 24.9190006256104 24.9260005950928 24.6809997558594 21.3729991912842 20.6459999084473 20.7159996032715 21.871000289917 22.568000793457 23.4230003356934 23.5629997253418 26.2689990997314 28.7590007781982 29.7840003967285 30.3589992523193 29.5270004272461 29.0799999237061 28.3850002288818 27.0380001068115 25.6110000610352 22.1919994354248 20.0259990692139 17.9020004272461 18.7819995880127 20.0020008087158 19.9969997406006
19.1539993286133 21.6149997711182 12.1630001068115 10.1829996109009 9.54199981689453 6.69099998474121 4.61499977111816 4.63800001144409 4.31300020217896 3.44799995422363 2.2039999961853 5.76999998092651 12.2530002593994 21.4559993743896 22.5599994659424 22.9729995727539 24.548999786377 25.5419998168945 25.5979995727539 25.8299999237061 25.4549999237061 25.3400001525879 25.3279991149902 25.0639991760254 24.0109996795654 21.0319995880127 20.3250007629395 21.6000003814697 22.1809997558594 22.9710006713867 24.3999996185303 26.371000289917 28.1840000152588 29.4799995422363 30.2409992218018 29.617000579834 28.7870006561279 28.4099998474121 26.9659996032715 24.9449996948242 23.1159992218018 21.0240001678467 18.9270000457764 19.201000213623 20.7719993591309 21.4659996032715
27.7910003662109 25.9890003204346 12.1049995422363 11.4989995956421 10.3100004196167 8.99699974060059 7.55999994277954 4.97800016403198 4.7189998626709 4.32100009918213 3.76200008392334 10.1979999542236 18.0510005950928 21.4529991149902 22.4979991912842 23.257999420166 25.1100006103516 26.4459991455078 26.1509990692139 26.5890007019043 25.9829998016357 25.3649997711182 25.07200050354 24.67799949646 23.9300003051758 22.1800003051758 20 21.4169998168945 21.867000579834 22.7450008392334 25.4069995880127 27.0480003356934 27.9930000305176 28.6110000610352 28.9869995117188 28.8999996185303 28.1919994354248 28.1420001983643 26.7259998321533 24.7859992980957 22.5900001525879 17.5879993438721 16.4500007629395 19.1459999084473 21.1520004272461 21.80299949646
28.3969993591309 23.1580009460449 11.7980003356934 11.5979995727539 10.7930002212524 9.15499973297119 8.92500019073486 6.69000005722046 4.8730001449585 4.59200000762939 4.27500009536743 8.75899982452393 17.826000213623 21.8589992523193 21.875 23.4890003204346 24.9179992675781 25.8910007476807 27.2150001525879 27.2339992523193 26.6849994659424 25.9629993438721 25.0860004425049 24.4260005950928 24.1089992523193 23.0939998626709 22.0629997253418 21.826000213623 21.7469997406006 21.7360000610352 21.6700000762939 24.9829998016357 26.8519992828369 27.867000579834 27.4990005493164 27.4519996643066 27.7159996032715 27.761999130249 25.4750003814697 14.5629997253418 19.6480007171631 18.488000869751 11.9969997406006 18.0139999389648 20.3649997711182 21.4689998626709
28.8980007171631 23.9400005340576 11.1669998168945 11.0959997177124 10.9420003890991 9.49199962615967 8.81400012969971 4.85699987411499 4.68400001525879 4.4689998626709 4.07499980926514 3.68199992179871 15.3170003890991 19.1280002593994 22.05299949646 24.1949996948242 25.6630001068115 26.7469997406006 27.8139991760254 27.5359992980957 25.9790000915527 26.1159992218018 25.4120006561279 24.5650005340576 23.6909999847412 23.1690006256104 22.0330009460449 22.4610004425049 22.7199993133545 20.3740005493164 20.3479995727539 20.7040004730225 23.6959991455078 25.5380001068115 26.5149993896484 25.9230003356934 26.2730007171631 26.0240001678467 18.2220001220703 8.3730001449585 12.0369997024536 15.701000213623 17.6420001983643 17.9610004425049 18.9689998626709 18.6499996185303
29.8330001831055 22.9200000762939 9.88799953460693 10.2679996490479 10.4359998703003 9.13399982452393 6.78599977493286 4.27699995040894 4.47700023651123 4.34800004959106 4.15199995040894 3.97300004959106 4.42199993133545 15.576000213623 22.6830005645752 25.3099994659424 26.1989994049072 26.9820003509521 27.632999420166 27.3470001220703 26.423999786377 25.2759990692139 25.1620006561279 24.5209999084473 22.8320007324219 21.9780006408691 21.6389999389648 21.9209995269775 20.6849994659424 19.3309993743896 17.5919990539551 14.1840000152588 11.8680000305176 18.2980003356934 24.9419994354248 23.8379993438721 18.7280006408691 19.2299995422363 19.3390007019043 14.2519998550415 10.9759998321533 15.3280000686646 17.8549995422363 18.0849990844727 18.3269996643066 18.5510005950928
31.1100006103516 25.3239994049072 9.28699970245361 9.36299991607666 9.50500011444092 1.85800004005432 2.76999998092651 3.74399995803833 4.08900022506714 4.22900009155273 4.08699989318848 4.54300022125244 16.9209995269775 23.2950000762939 23.3969993591309 24.2770004272461 25.9130001068115 26.2630004882812 26.3859996795654 26.0599994659424 25.5049991607666 24.8400001525879 25.1630001068115 25.3250007629395 23.8570003509521 21.0900001525879 19.9720001220703 19.4750003814697 10.0780000686646 13.0129995346069 13.3629999160767 6.40299987792969 4.64499998092651 7.26599979400635 9.51599979400635 7.80700016021729 7.99399995803833 7.6560001373291 8.58600044250488 13.451000213623 17.9099998474121 18.1049995422363 18.0580005645752 18.2649993896484 18.8880004882812 18.8460006713867
30.931999206543 30.007999420166 17.6119995117188 6.75099992752075 3.7039999961853 0.381000012159348 2.49600005149841 3.58899998664856 3.80100011825562 3.9909999370575 4.33699989318848 5.01300001144409 9.61400032043457 17.25 23.5900001525879 23.4290008544922 24.9220008850098 25.2080001831055 24.7479991912842 24.6749992370605 24.5709991455078 24.6660003662109 25.056999206543 24.7929992675781 21.4619998931885 20.3969993591309 19.2520008087158 7.09600019454956 0.363000005483627 0.252000004053116 0.222000002861023 0.437000006437302 1.42900002002716 4.1100001335144 6.12799978256226 5.93100023269653 6.66099977493286 5.99200010299683 7.65700006484985 10.4119997024536 17.496000289917 18.1720008850098 18.3309993743896 18.4209995269775 19.0839996337891 19.1580009460449
31.7950000762939 30.886999130249 24.1310005187988 11.1359996795654 1.62999999523163 1.17299997806549 1.09099996089935 2.93300008773804 3.09400010108948 3.4210000038147 4.54099988937378 5.08500003814697 5.19199991226196 13.878999710083 14.9650001525879 22.5830001831055 23.6609992980957 24.2110004425049 24.4300003051758 24.386999130249 24.0939998626709 23.7430000305176 24.3439998626709 23.6060009002686 20.8810005187988 18.6319999694824 11.5190000534058 3.86700010299683 0.370000004768372 0.287000000476837 0.203999996185303 0.533999979496002 0.433999985456467 0.317999988794327 1.79900002479553 3.39100003242493 3.76900005340576 5.55600023269653 13.293999671936 15.5369997024536 17.318000793457 17.8239994049072 18.3999996185303 18.6000003814697 18.8780002593994 18.9899997711182
30.7630004882812 28.9200000762939 26.9990005493164 23.1439990997314 1.11500000953674 0.982999980449677 0.433999985456467 1.76400005817413 2.48499989509583 3.16300010681152 3.95300006866455 4.63600015640259 4.65000009536743 4.37799978256226 3.89800000190735 14.8870000839233 21.7339992523193 21.9260005950928 23.1940002441406 23.2199993133545 23.3910007476807 22.3479995727539 22.5480003356934 21.9260005950928 19.507999420166 11.5749998092651 2.34400010108948 0.623000025749207 0.321999996900558 0.342999994754791 0.572000026702881 0.799000024795532 1.37899994850159 1.08399999141693 0.458999991416931 2.72399997711182 3.30200004577637 3.69400000572205 12.9440002441406 15.5279998779297 16.9640007019043 17.4619998931885 18.2019996643066 18.693000793457 18.8619995117188 19.0779991149902
