01_datasets/03_gis/02_asc_chm-r50m/BR211Z.asc
NCOLS 199 
NROWS 198 
XLLCORNER 538785 
YLLCORNER 5282178.5 
CELLSIZE 0.5 
NODATA_value -3.4e+38 
[rows 60 to 79 of 198, columns 138 to 183 of 199]
0.586000025272369 0.449000000953674 0.409000009298325 0.425000011920929 0.414000004529953 0.379999995231628 0.381000012159348 0.426999986171722 0.602999985218048 1.26199996471405 2.92600011825562 8.36800003051758 9.5620002746582 11.7320003509521 12.923999786377 11.5710000991821 9.44299983978271 7.30900001525879 5.17600011825562 3.04200005531311 2.91199994087219 2.96099996566772 3.06100010871887 3.16199994087219 3.26200008392334 2.93400001525879 1.03799998760223 0.912999987602234 0.853999972343445 0.741999983787537 0.71399998664856 0.41499999165535 0.493999987840652 0.42399999499321 0.354999989271164 0.550000011920929 0.488000005483627 0.34799998998642 0.845000028610229 1.22200000286102 0.638999998569489 0.252999991178513 0.458999991416931 0.384999990463257 0.216000005602837 0.261000007390976
0.584999978542328 0.499000012874603 0.435999989509583 0.393999993801117 0.36599999666214 0.36599999666214 0.367000013589859 0.36599999666214 0.595000028610229 1.35300004482269 3.13199996948242 6.54699993133545 8.16399955749512 9.91600036621094 9.5620002746582 9.42800045013428 6.22300004959106 3.96399998664856 1.91199994087219 1.35800004005432 1.45799994468689 1.55900001525879 1.65900003910065 1.75999999046326 1.86000001430511 1.96000003814697 2.06100010871887 1.22599995136261 1.73300004005432 1.71099996566772 1.05799996852875 0.749000012874603 0.34799998998642 0.470999985933304 0.583999991416931 0.605000019073486 0.727999985218048 0.861000001430511 0.841000020503998 0.518999993801117 0.647000014781952 0.586000025272369 0.771000027656555 0.600000023841858 0.275999993085861 0.342000007629395
0.470999985933304 0.432000011205673 0.374000012874603 0.351000010967255 0.351999998092651 0.351999998092651 0.352999985218048 0.351999998092651 0.532999992370605 1.32500004768372 2.09800004959106 4.44299983978271 5.31400012969971 6.18900012969971 7.19399976730347 7.7810001373291 4.46099996566772 1.13999998569489 0.256999999284744 0.273999989032745 0.321000009775162 0.44200000166893 0.561999976634979 0.683000028133392 0.802999973297119 0.924000024795532 1.0440000295639 1.16499996185303 1.23699998855591 1.17200005054474 0.768999993801117 0.26800000667572 0.352999985218048 0.595000028610229 0.598999977111816 0.48199999332428 0.727999985218048 0.943000018596649 1.24199998378754 1.37199997901917 1.14100003242493 1.08500003814697 1.15299999713898 0.957000017166138 0.414000004529953 0.397000014781952
0.372999995946884 0.331000000238419 0.370000004768372 0.34799998998642 0.337999999523163 0.337999999523163 0.33899998664856 0.340000003576279 0.611000001430511 1.28999996185303 1.66799998283386 2.15000009536743 3.45499992370605 4.59299993515015 4.8270001411438 5.83199977874756 2.81399989128113 0.324999988079071 0.439999997615814 0.416999995708466 0.412999987602234 0.409999996423721 0.40599998831749 0.402999997138977 0.398999989032745 0.40200001001358 0.523000001907349 0.64300000667572 0.654999971389771 0.547999978065491 1.5809999704361 2.14299988746643 2.48300004005432 1.53799998760223 0.609000027179718 0.625 0.595000028610229 0.882000029087067 1.15900003910065 1.53799998760223 1.62399995326996 1.34300005435944 1.27199995517731 0.973999977111816 0.787000000476837 0.574000000953674
0.273999989032745 0.386000007390976 0.476000010967255 0.446000009775162 0.407999992370605 0.384999990463257 0.368000000715256 0.351000010967255 0.609000027179718 0.629999995231628 0.920000016689301 1.21000003814697 1.60899996757507 2.90100002288818 2.93099999427795 3.46399998664856 1.16700005531311 0.616999983787537 0.593999981880188 0.564000010490417 0.555999994277954 0.552999973297119 0.549000024795532 0.545000016689301 0.541999995708466 0.537999987602234 0.535000026226044 0.531000018119812 0.46900001168251 1.20799994468689 2.30599999427795 2.81200003623962 2.89499998092651 0.839999973773956 0.544000029563904 0.620999991893768 0.699000000953674 0.737999975681305 0.935000002384186 1.3289999961853 1.51300001144409 1.18299996852875 0.915000021457672 0.739000022411346 0.769999980926514 1.07599997520447
0.314999997615814 0.481000006198883 0.580999970436096 0.550999999046326 0.513000011444092 0.474000006914139 0.439999997615814 0.490000009536743 0.565999984741211 0.560999989509583 0.570999979972839 0.579999983310699 0.751999974250793 1.08200001716614 1.97399997711182 1.26900005340576 0.550000011920929 0.77700001001358 0.746999979019165 0.717999994754791 0.699000000953674 0.694999992847443 0.691999971866608 0.688000023365021 0.685000002384186 0.680999994277954 0.676999986171722 0.674000024795532 0.469999998807907 0.754999995231628 1.84800004959106 2.6010000705719 0.887000024318695 0.400999993085861 0.477999985218048 0.555999994277954 0.633000016212463 0.739000022411346 0.860000014305115 0.875999987125397 0.964999973773956 1.04299998283386 0.537999987602234 0.630999982357025 0.933000028133392 1.75699996948242
0.349000006914139 0.499000012874603 0.611999988555908 0.611999988555908 0.578000009059906 0.546000003814697 0.513000011444092 0.497999995946884 0.501999974250793 0.497999995946884 0.493000000715256 0.507000029087067 0.537999987602234 0.532000005245209 0.583999991416931 0.711000025272369 0.961000025272369 0.930999994277954 0.901000022888184 0.870999991893768 0.842000007629395 0.837999999523163 0.833999991416931 0.830999970436096 0.827000021934509 0.824000000953674 0.819999992847443 0.551999986171722 0.472000002861023 0.483999997377396 1.39600002765656 2.38299989700317 0.368999987840652 0.685000002384186 0.651000022888184 0.791000008583069 0.912000000476837 1.03400003910065 1.15499997138977 1.08299994468689 1.13999998569489 0.76800000667572 0.679000020027161 0.935000002384186 1.19000005722046 1.64800000190735
0.579999983310699 0.374000012874603 0.550000011920929 0.634999990463257 0.601000010967255 0.566999971866608 0.532999992370605 0.669000029563904 0.583000004291534 0.433999985456467 0.428999990224838 0.425000011920929 0.442999988794327 0.474000006914139 0.504000008106232 0.888999998569489 0.934000015258789 1.08500003814697 1.05499994754791 1.02499997615814 0.995000004768372 0.981000006198883 0.976999998092651 0.973999977111816 0.970000028610229 0.966000020503998 0.851999998092651 0.462000012397766 0.47299998998642 0.485000014305115 0.943000018596649 2.03699994087219 0.389999985694885 2.53200006484985 2.36999988555908 1.22599995136261 1.24500000476837 1.32799994945526 1.45000004768372 1.63900005817413 1.52400004863739 0.666999995708466 0.935999989509583 1.26300001144409 1.51800000667572 1.40100002288818
0.776000022888184 0.467000007629395 0.45100000500679 0.658999979496002 0.625 0.589999973773956 0.564999997615814 0.885999977588654 1.01499998569489 0.703999996185303 0.470999985933304 0.361000001430511 0.35699999332428 0.379000008106232 0.446999996900558 0.537999987602234 0.637000024318695 0.916999995708466 1.20899999141693 1.17900002002716 1.14900004863739 1.12300002574921 1.12000000476837 1.11600005626678 1.11300003528595 1.05499994754791 0.649999976158142 0.462999999523163 0.474999994039536 0.486999988555908 0.499000012874603 1.58399999141693 0.419999986886978 3.26500010490417 5.19999980926514 4.05600023269653 2.91199994087219 1.86600005626678 1.91299998760223 2.27900004386902 1.94500005245209 0.640999972820282 1.13100004196167 1.57700002193451 1.84700000286102 1.7610000371933
0.898000001907349 0.58899998664856 0.32600000500679 0.492000013589859 0.648000001907349 0.614000022411346 0.794000029563904 1.1139999628067 1.24399995803833 1.13499999046326 0.824000000953674 0.523000001907349 0.405000001192093 0.289000004529953 0.656000018119812 0.816999971866608 0.620000004768372 0.782000005245209 0.943000018596649 1.27600002288818 1.30299997329712 1.27300000190735 1.26300001144409 1.25899994373322 1.25499999523163 1.00899994373322 0.453000009059906 0.465000003576279 0.476999998092651 0.488000005483627 0.5 1.13100004196167 0.884999990463257 3.99699997901917 7.10900020599365 6.88600015640259 5.74200010299683 4.59800004959106 1.74500000476837 1.93499994277954 1.85800004005432 1.03100001811981 1.19900000095367 1.79200005531311 2.36500000953674 2.54299998283386
1.01999998092651 0.711000025272369 0.402999997138977 0.361000001430511 0.671000003814697 0.637000024318695 1.02300000190735 1.34200000762939 1.45799994468689 1.56700003147125 1.25600004196167 0.944999992847443 0.63400000333786 0.601999998092651 0.875999987125397 0.874000012874603 0.609000027179718 0.71399998664856 0.89300000667572 1.08899998664856 1.25899994373322 1.42700004577637 1.40499997138977 1.40199995040894 1.21200001239777 0.748000025749207 0.453999996185303 0.465999990701675 0.477999985218048 0.490000009536743 0.501999974250793 0.679000020027161 1.61800003051758 4.73000001907349 7.84100008010864 9.71599960327148 8.57199954986572 4.1100001335144 0.754999995231628 1.26300001144409 1.85500001907349 1.61899995803833 1.73399996757507 2.54500007629395 2.69300007820129 2.72000002861023
1.14199995994568 0.833000004291534 0.524999976158142 0.277999997138977 0.694999992847443 0.804000020027161 1.25199997425079 1.56900000572205 1.68599998950958 1.82000005245209 1.68700003623962 1.38199996948242 0.759999990463257 0.828000009059906 0.830999970436096 0.813000023365021 0.871999979019165 0.981000006198883 1.09899997711182 1.20700001716614 1.2960000038147 1.38499999046326 1.55099999904633 1.41499996185303 1.16700005531311 0.444000005722046 0.456000000238419 0.467999994754791 0.479999989271164 0.492000013589859 0.503000020980835 0.514999985694885 2.34999990463257 5.46199989318848 8.57400035858154 11.6850004196167 9.36999988555908 8.58300018310547 6.1100001335144 5.24200010299683 5.21999979019165 4.27500009536743 2.44799995422363 2.82800006866455 2.54999995231628 1.83700001239777
1.27400004863739 0.954999983310699 0.647000014781952 0.33899998664856 0.564999997615814 1.03299999237061 1.48099994659424 1.79700005054474 1.79100000858307 2.26799988746643 2.24499988555908 1.58899998664856 0.808000028133392 0.893999993801117 0.927999973297119 0.832000017166138 0.657000005245209 1.08200001716614 1.42499995231628 1.50999999046326 1.59500002861023 1.70000004768372 2.13499999046326 1.99000000953674 1.40799999237061 0.49099999666214 0.507000029087067 0.537999987602234 0.574999988079071 0.603999972343445 0.630999982357025 0.842000007629395 3.08500003814697 7.31500005722046 11.543999671936 13.1450004577637 13.1719999313354 13.0869998931885 12.0649995803833 9.5310001373291 8.1540002822876 5.94399976730347 2.4779999256134 1.12300002574921 1.60000002384186 0.549000024795532
1.24000000953674 1.47000002861023 1.19400000572205 0.992999970912933 1.47399997711182 2.33299994468689 3.01200008392334 3.38700008392334 3.40000009536743 3.37100005149841 3.65599989891052 3.69400000572205 2.78500008583069 1.25300002098083 0.987999975681305 0.797999978065491 0.607999980449677 0.771000027656555 1.27300000190735 1.6690000295639 1.97300004959106 2.20000004768372 2.90199995040894 2.83400011062622 2.51500010490417 1.81599998474121 0.921000003814697 0.707000017166138 0.72299998998642 0.788999974727631 0.63400000333786 0.850000023841858 1.62999999523163 4.6100001335144 8.10299968719482 11.0109996795654 13.7119998931885 14.2790002822876 13.9490003585815 11.7430000305176 8.87199974060059 4.58400011062622 0.995999991893768 0.810999989509583 0.465000003576279 0.699999988079071
2.09699988365173 3.45600008964539 3.45300006866455 2.09899997711182 1.94500005245209 2.1340000629425 3.50500011444092 4.76599979400635 5.56699991226196 5.17000007629395 4.67999982833862 4.26000022888184 3.59999990463257 2.28999996185303 1.14900004863739 0.805000007152557 0.574000000953674 0.565999984741211 0.961000025272369 1.46300005912781 2.03299999237061 2.82800006866455 3.29200005531311 3.27099990844727 3.27099990844727 3.23699998855591 2.30299997329712 1.19599997997284 1.77100002765656 1.78400003910065 0.529999971389771 0.527999997138977 0.921000003814697 3.28099989891052 5.5479998588562 10.5120000839233 13.3430004119873 13.9689998626709 13.9930000305176 12.7829999923706 9.31999969482422 3.05999994277954 0.736000001430511 1.06299996376038 1.07500004768372 1.55999994277954
2.37899994850159 3.66799998283386 3.08299994468689 2.4539999961853 2.2279999256134 2.7590000629425 4.2480001449585 5.54400014877319 6.14099979400635 5.94600009918213 4.45800018310547 4.02799987792969 3.04900002479553 2.49499988555908 1.82200002670288 1.21599996089935 1.07099997997284 1.01800000667572 1.14699995517731 1.76699995994568 2.28999996185303 3.1949999332428 4.74100017547607 4.68699979782104 4.16699981689453 4.24300003051758 2.99600005149841 2.24900007247925 3.23099994659424 3.00300002098083 2.40799999237061 1.28199994564056 1.21599996089935 2.1470000743866 3.29999995231628 8.34799957275391 11.0939998626709 11.8269996643066 12.1300001144409 12.0559997558594 6.03599977493286 0.379000008106232 1.26400005817413 1.8309999704361 1.59300005435944 2.48600006103516
1.79200005531311 2.64499998092651 2.23399996757507 2.28399991989136 2.36500000953674 2.40899991989136 3.58699989318848 4.80900001525879 5.68300008773804 5.01200008392334 3.32599997520447 2.78600001335144 2.3529999256134 2.45799994468689 2.08500003814697 1.66999995708466 1.40699994564056 1.30799996852875 2.03099989891052 2.60400009155273 2.97199988365173 4.19899988174438 6.29699993133545 6.18499994277954 4.86299991607666 4.61899995803833 4.26200008392334 3.72900009155273 4.46199989318848 4.15700006484985 4.31899976730347 3.1029999256134 1.88900005817413 0.879000008106232 2.11299991607666 7.29699993133545 8.47900009155273 9.50399971008301 9.13199996948242 7.57399988174438 5.65999984741211 0.587999999523163 1.74500000476837 1.80499994754791 1.71399998664856 2.65000009536743
1.14699995517731 1.29100000858307 1.60800004005432 1.72699999809265 1.64300000667572 1.18799996376038 2.37400007247925 2.91199994087219 3.02500009536743 3.78099989891052 2.24000000953674 1.36800003051758 1.90199995040894 2.41000008583069 2.04200005531311 1.64600002765656 1.44400000572205 1.98399996757507 3.26399993896484 4.32299995422363 4.26200008392334 4.62900018692017 6.34899997711182 6.55399990081787 5.00299978256226 4.45599985122681 4.38899993896484 4.85599994659424 5.65299987792969 5.38899993896484 5.23699998855591 4.53999996185303 2.42199993133545 1.03699994087219 1.50300002098083 4.11600017547607 6.39599990844727 7.18100023269653 5.875 4.31799983978271 3.23900008201599 0.913999974727631 1.28600001335144 1.37999999523163 1.85000002384186 2.92000007629395
0.74099999666214 0.981000006198883 0.843999981880188 0.901000022888184 1.25800001621246 1.31500005722046 2.1470000743866 1.65199995040894 1.22399997711182 1.30999994277954 1.15400004386902 0.679000020027161 1.2150000333786 2.25799989700317 2.36899995803833 2.33999991416931 2.83299994468689 2.71900010108948 3.21499991416931 4.44299983978271 4.63199996948242 4.27400016784668 5.76100015640259 5.40999984741211 4.72800016403198 4.08400011062622 4.27600002288818 4.7020001411438 5.11600017547607 5.53000020980835 5.31799983978271 5.14200019836426 4.2189998626709 3.17400002479553 2.54200005531311 2.03299999237061 4.31300020217896 4.17500019073486 2.61800003051758 1.06099998950958 0.709999978542328 0.46900001168251 0.83899998664856 1.07200002670288 1.83500003814697 2.8970000743866
0.544000029563904 0.855000019073486 0.540000021457672 1.16100001335144 1.68499994277954 1.88100004196167 1.99399995803833 1.51900005340576 0.897000014781952 0.657999992370605 0.495000004768372 0.683000028133392 1.26300001144409 1.76199996471405 2.45099997520447 3.35400009155273 3.29800009727478 2.6010000705719 2.76099991798401 4.02199983596802 4.50500011444092 4.5460000038147 5.27299976348877 4.70699977874756 4 3.9300000667572 4.08099985122681 4.09100008010864 4.11700010299683 4.22800016403198 4.7020001411438 5.05299997329712 4.66599988937378 3.30100011825562 2.20700001716614 1.77199995517731 2.22900009155273 1.26300001144409 1.26699995994568 1.18700003623962 0.931999981403351 0.644999980926514 0.337000012397766 0.674000024795532 1.16499996185303 2.10999989509583
