01_datasets/03_gis/02_asc_chm-r50m/BR211Z.asc
NCOLS 199 
NROWS 198 
XLLCORNER 538785 
YLLCORNER 5282178.5 
CELLSIZE 0.5 
NODATA_value -3.4e+38 
[rows 20 to 39 of 198, columns 138 to 183 of 199]
0.391000002622604 0.400999993085861 0.837999999523163 1.12699997425079 1.07000005245209 1.11600005626678 0.995999991893768 0.875999987125397 0.755999982357025 0.71399998664856 0.856000006198883 0.33500000834465 0.337000012397766 0.356000006198883 0.354999989271164 2.95099997520447 6.12799978256226 9.69900035858154 10.3769998550415 10.5830001831055 12.7469997406006 12.6059999465942 -3.4e+38 -3.4e+38 -3.4e+38 -3.4e+38 -3.4e+38 -3.4e+38 -3.4e+38 -3.4e+38 -3.4e+38 -3.4e+38 -3.4e+38 -3.4e+38 -3.4e+38 -3.4e+38 -3.4e+38 -3.4e+38 -3.4e+38 -3.4e+38 -3.4e+38 -3.4e+38 -3.4e+38 -3.4e+38 -3.4e+38 -3.4e+38
0.446000009775162 0.513999998569489 1.01499998569489 1.26900005340576 0.897000014781952 0.825999975204468 0.754000008106232 0.647000014781952 0.52700001001358 0.372000008821487 0.324999988079071 0.28999999165535 0.30799999833107 0.326999992132187 0.34400001168251 0.497000008821487 2.1800000667572 4.69000005722046 8.21599960327148 9.45199966430664 10.3870000839233 10.4630002975464 10.2419996261597 -3.4e+38 -3.4e+38 -3.4e+38 -3.4e+38 -3.4e+38 -3.4e+38 -3.4e+38 -3.4e+38 -3.4e+38 -3.4e+38 -3.4e+38 -3.4e+38 -3.4e+38 -3.4e+38 -3.4e+38 -3.4e+38 -3.4e+38 -3.4e+38 -3.4e+38 -3.4e+38 -3.4e+38 -3.4e+38 -3.4e+38
0.712999999523163 0.736000001430511 1.04299998283386 1.02100002765656 0.592999994754791 0.53600001335144 0.479999989271164 0.423000007867813 0.367000013589859 0.305000007152557 0.495999991893768 0.739000022411346 0.296000003814697 0.298000007867813 0.31700000166893 0.324999988079071 0.558000028133392 2.66899991035461 4.88700008392334 8.52499961853027 8.28299999237061 8.02600002288818 7.74900007247925 7.87900018692017 -3.4e+38 -3.4e+38 -3.4e+38 -3.4e+38 -3.4e+38 -3.4e+38 -3.4e+38 -3.4e+38 -3.4e+38 -3.4e+38 -3.4e+38 -3.4e+38 -3.4e+38 -3.4e+38 -3.4e+38 -3.4e+38 -3.4e+38 -3.4e+38 -3.4e+38 -3.4e+38 -3.4e+38 -3.4e+38
1.01300001144409 1.02900004386902 1.30499994754791 1.03299999237061 0.685999989509583 0.629000008106232 0.573000013828278 0.515999972820282 0.458999991416931 0.370999991893768 0.268999993801117 2.52900004386902 2.67300009727478 2.23000001907349 1.78699994087219 1.66400003433228 2.52300000190735 4.78700017929077 7.05100011825562 9.1879997253418 7.55200004577637 7.32600021362305 6.57999992370605 5.93599987030029 5.29199981689453 -3.4e+38 -3.4e+38 -3.4e+38 -3.4e+38 -3.4e+38 -3.4e+38 -3.4e+38 -3.4e+38 -3.4e+38 -3.4e+38 -3.4e+38 -3.4e+38 -3.4e+38 -3.4e+38 -3.4e+38 -3.4e+38 -3.4e+38 -3.4e+38 -3.4e+38 -3.4e+38 -3.4e+38
1.35099995136261 1.4190000295639 1.56700003147125 1.15900003910065 0.778999984264374 0.722000002861023 0.665000021457672 0.609000027179718 0.538999974727631 0.437000006437302 0.33500000834465 0.449000000953674 4.56199979782104 4.60699987411499 4.16400003433228 5.98299980163574 7.01399993896484 9.27799987792969 11.5430002212524 8.45800018310547 6.16200017929077 6.44799995422363 5.65100002288818 4.85300016403198 4.05600023269653 3.44700002670288 -3.4e+38 -3.4e+38 -3.4e+38 -3.4e+38 -3.4e+38 -3.4e+38 -3.4e+38 -3.4e+38 -3.4e+38 -3.4e+38 -3.4e+38 -3.4e+38 -3.4e+38 -3.4e+38 -3.4e+38 -3.4e+38 -3.4e+38 -3.4e+38 -3.4e+38 -3.4e+38
1.68099999427795 1.81900000572205 1.64699995517731 1.2849999666214 0.896000027656555 0.814999997615814 0.758000016212463 0.700999975204468 0.605000019073486 0.503000020980835 0.400000005960464 0.298000007867813 2.48200011253357 6.59499979019165 6.54099988937378 10.3020000457764 11.5050001144409 13.7700004577637 10.8339996337891 6.66200017929077 4.81199979782104 5.26599979400635 4.77299976348877 3.9760000705719 3.17799997329712 2.38100004196167 3.46499991416931 -3.4e+38 -3.4e+38 -3.4e+38 -3.4e+38 -3.4e+38 -3.4e+38 -3.4e+38 -3.4e+38 -3.4e+38 -3.4e+38 -3.4e+38 -3.4e+38 -3.4e+38 -3.4e+38 -3.4e+38 -3.4e+38 -3.4e+38 -3.4e+38 -3.4e+38
1.99399995803833 2.21900010108948 1.74899995326996 1.41199994087219 1.02300000190735 0.907000005245209 0.851000010967255 0.773000001907349 0.671000003814697 0.568000018596649 0.465999990701675 0.363999992609024 0.400999993085861 4.5149998664856 8.62800025939941 14.5679998397827 16.0429992675781 13.2110004425049 9.03899955749512 4.86700010299683 3.6029999256134 4.05600023269653 3.89499998092651 3.09800004959106 2.29999995231628 1.86000001430511 2.80900001525879 4.6710000038147 -3.4e+38 -3.4e+38 -3.4e+38 -3.4e+38 -3.4e+38 -3.4e+38 -3.4e+38 -3.4e+38 -3.4e+38 -3.4e+38 -3.4e+38 -3.4e+38 -3.4e+38 -3.4e+38 -3.4e+38 -3.4e+38 -3.4e+38 -3.4e+38
2.15300011634827 2.4449999332428 1.88100004196167 1.53799998760223 1.14900004863739 1 0.940999984741211 0.83899998664856 0.736000001430511 0.63400000333786 0.532000005245209 0.430000007152557 0.328000009059906 2.43400001525879 8.46199989318848 12.9340000152588 13.9379997253418 11.2709999084473 7.24300003051758 3.07200002670288 2.39299988746643 2.84699988365173 3.01799988746643 2.22000002861023 1.42299997806549 1.52400004863739 2.56299996376038 4.05399990081787 5.66200017929077 -3.4e+38 -3.4e+38 -3.4e+38 -3.4e+38 -3.4e+38 -3.4e+38 -3.4e+38 -3.4e+38 -3.4e+38 -3.4e+38 -3.4e+38 -3.4e+38 -3.4e+38 -3.4e+38 -3.4e+38 -3.4e+38 -3.4e+38
2.39000010490417 2.25799989700317 1.82599997520447 1.60300004482269 1.27499997615814 1.09300005435944 1.00699996948242 0.903999984264374 0.801999986171722 0.699999988079071 0.59799998998642 0.495999991893768 0.39300000667572 0.354000002145767 7.81500005722046 10.7430000305176 10.4069995880127 7.61800003051758 4.78399991989136 1.27600002288818 1.18299996852875 1.63699996471405 2.08999991416931 1.34200000762939 1.06299996376038 1.18799996376038 2.26999998092651 3.55699992179871 5.1100001335144 6.65199995040894 -3.4e+38 -3.4e+38 -3.4e+38 -3.4e+38 -3.4e+38 -3.4e+38 -3.4e+38 -3.4e+38 -3.4e+38 -3.4e+38 -3.4e+38 -3.4e+38 -3.4e+38 -3.4e+38 -3.4e+38 -3.4e+38
2.2260000705719 2.68400001525879 2.08899998664856 1.66100001335144 1.32500004768372 1.17499995231628 1.07200002670288 0.970000028610229 0.867999970912933 0.764999985694885 0.648000001907349 0.486999988555908 0.32600000500679 0.340999990701675 4.37400007247925 7.14699983596802 7.62799978256226 4.77799987792969 2.44400000572205 0.358000010251999 0.275000005960464 0.426999986171722 0.880999982357025 0.591000020503998 0.728999972343445 0.852999985218048 1.97599995136261 3.56900000572205 4.55800008773804 6.09999990463257 7.64200019836426 -3.4e+38 -3.4e+38 -3.4e+38 -3.4e+38 -3.4e+38 -3.4e+38 -3.4e+38 -3.4e+38 -3.4e+38 -3.4e+38 -3.4e+38 -3.4e+38 -3.4e+38 -3.4e+38 -3.4e+38
2.40700006484985 1.90299999713898 1.64100003242493 0.968999981880188 0.834999978542328 1.07000005245209 0.908999979496002 0.748000025749207 0.587000012397766 0.425999999046326 0.381999999284744 0.40200001001358 0.421000003814697 0.441000014543533 3.70900011062622 5.71099996566772 5.71799993515015 4.14900016784668 1.29799997806549 0.430000007152557 0.584999978542328 0.451999992132187 0.40200001001358 0.347000002861023 0.39300000667572 0.517000019550323 1.68299996852875 3.31200003623962 4.30499982833862 5.54899978637695 7.09100008010864 8.63300037384033 -3.4e+38 -3.4e+38 -3.4e+38 -3.4e+38 -3.4e+38 -3.4e+38 -3.4e+38 -3.4e+38 -3.4e+38 -3.4e+38 -3.4e+38 -3.4e+38 -3.4e+38 -3.4e+38
1.23800003528595 1.24100005626678 1.182000041008 0.449999988079071 0.331999987363815 0.760999977588654 0.526000022888184 0.421999990940094 0.44200000166893 0.462000012397766 0.48199999332428 0.501999974250793 0.522000014781952 0.541999995708466 2.53699994087219 3.73900008201599 3.63599991798401 2.37800002098083 0.669000029563904 0.370000004768372 0.722000002861023 0.709999978542328 0.63400000333786 0.614000022411346 0.28600001335144 0.388000011444092 0.726000010967255 2.24300003051758 3.75999999046326 5.05800008773804 7.75799989700317 9.43900012969971 10.4519996643066 -3.4e+38 -3.4e+38 -3.4e+38 -3.4e+38 -3.4e+38 -3.4e+38 -3.4e+38 -3.4e+38 -3.4e+38 -3.4e+38 -3.4e+38 -3.4e+38 -3.4e+38
1.02300000190735 1.00199997425079 1.03900003433228 0.781000018119812 0.388000011444092 0.535000026226044 0.379000008106232 0.377000004053116 0.40599998831749 0.435000002384186 0.462999999523163 0.492000013589859 0.519999980926514 0.555000007152557 0.674000024795532 1.76699995994568 1.55299997329712 0.294999986886978 0.157000005245209 0.305000007152557 0.66100001335144 0.763000011444092 0.672999978065491 0.649999976158142 0.398000001907349 0.702000021934509 0.955999970436096 1.65199995040894 3.16899991035461 4.4520001411438 6.42399978637695 9.02200031280518 10.918999671936 11.8420000076294 -3.4e+38 -3.4e+38 -3.4e+38 -3.4e+38 -3.4e+38 -3.4e+38 -3.4e+38 -3.4e+38 -3.4e+38 -3.4e+38 -3.4e+38 -3.4e+38
0.742999970912933 0.772000014781952 0.809000015258789 0.845000028610229 0.444000005722046 0.449999988079071 0.261999994516373 0.256000012159348 0.284999996423721 0.312999993562698 0.342000007629395 0.375 0.409000009298325 0.467999994754791 0.504000008106232 0.39300000667572 0.321000009775162 0.261000007390976 0.199000000953674 0.143999993801117 0.282000005245209 0.716000020503998 0.749000012874603 0.451999992132187 0.33500000834465 0.869000017642975 1.27300000190735 1.52699995040894 2.57800006866455 3.92899990081787 5.78800010681152 7.78900003433228 9.10799980163574 11.0659999847412 10.8859996795654 -3.4e+38 -3.4e+38 -3.4e+38 -3.4e+38 -3.4e+38 -3.4e+38 -3.4e+38 -3.4e+38 -3.4e+38 -3.4e+38 -3.4e+38
0.317999988794327 0.541000008583069 0.619000017642975 0.621999979019165 0.651000022888184 0.528999984264374 0.287999987602234 0.14300000667572 0.164000004529953 0.196999996900558 0.231000006198883 0.284000009298325 0.328000009059906 0.453000009059906 0.449999988079071 0.344999998807907 0.326999992132187 0.291000008583069 0.238999992609024 0.181999996304512 0.241999998688698 0.976000010967255 1.02699995040894 0.46900001168251 0.272000014781952 0.805999994277954 1.34099996089935 1.84399998188019 2.09800004959106 3.50399994850159 5.15299987792969 6.88500022888184 8.0319995880127 9.19299983978271 9.11900043487549 11.2639999389648 -3.4e+38 -3.4e+38 -3.4e+38 -3.4e+38 -3.4e+38 -3.4e+38 -3.4e+38 -3.4e+38 -3.4e+38 -3.4e+38
0.328000009059906 0.356000006198883 0.384999990463257 0.49099999666214 0.556999981403351 1.52300000190735 1.04900002479553 0.414000004529953 0.172999992966652 0.228000000119209 0.282000005245209 0.337000012397766 0.365000009536743 0.449000000953674 0.381999999284744 0.328000009059906 0.294999986886978 0.266999989748001 0.333000004291534 0.301999986171722 0.774999976158142 1.09500002861023 1.33500003814697 0.584999978542328 0.209000006318092 0.742999970912933 1.27699995040894 1.81200003623962 2.34599995613098 2.91300010681152 4.56099987030029 5.88600015640259 6.68900012969971 6.21700000762939 5.74499988555908 5.30499982833862 -3.4e+38 -3.4e+38 -3.4e+38 -3.4e+38 -3.4e+38 -3.4e+38 -3.4e+38 -3.4e+38 -3.4e+38 -3.4e+38
0.375999987125397 0.404000014066696 0.432000011205673 0.486000001430511 0.745999991893768 1.0900000333786 1.04799997806549 0.342999994754791 0.319000005722046 0.349999994039536 0.379000008106232 0.407000005245209 0.39300000667572 0.486999988555908 0.561999976634979 0.537000000476837 0.601999998092651 0.504999995231628 0.328999996185303 0.360000014305115 1.20700001716614 1.68599998950958 1.36099994182587 0.699999988079071 0.145999997854233 0.680000007152557 1.21399998664856 1.74899995326996 2.28299999237061 2.81699991226196 4.65199995040894 5.79300022125244 3.70499992370605 3.17300009727478 2.70099997520447 2.20799994468689 4.92700004577637 -3.4e+38 -3.4e+38 -3.4e+38 -3.4e+38 -3.4e+38 -3.4e+38 -3.4e+38 -3.4e+38 -3.4e+38
0.423000007867813 0.451999992132187 0.479999989271164 0.647000014781952 0.71399998664856 0.462999999523163 0.32600000500679 0.224999994039536 0.256999999284744 0.421000003814697 0.449000000953674 0.462000012397766 0.448000013828278 0.894999980926514 0.958000004291534 0.787000000476837 0.657000005245209 0.486999988555908 0.312000006437302 0.583999991416931 1.23000001907349 1.80099999904633 1.46899998188019 0.493999987840652 0.0979999974370003 0.616999983787537 1.59399998188019 2.87800002098083 4.16099977493286 5.44399976730347 5.55000019073486 6.25799989700317 9.14400005340576 7.30800008773804 5.21999979019165 2.98799991607666 2.03600001335144 9.52299976348877 -3.4e+38 -3.4e+38 -3.4e+38 -3.4e+38 -3.4e+38 -3.4e+38 -3.4e+38 -3.4e+38
0.479000002145767 0.499000012874603 0.628000020980835 0.578000009059906 0.662999987602234 0.527999997138977 0.393999993801117 0.25900000333786 0.259999990463257 0.379999995231628 0.519999980926514 0.470999985933304 0.39300000667572 0.146999999880791 0.58899998664856 0.602999985218048 0.556999981403351 0.398999989032745 0.264999985694885 0.574000000953674 1.30400002002716 1.81700003147125 1.68900001049042 1.01800000667572 0.36599999666214 2.45300006866455 4.22700023651123 5.51000022888184 6.79300022125244 8.07600021362305 8.48200035095215 9.48099994659424 11.3109998703003 12.4399995803833 10.8400001525879 7.25600004196167 6.45300006866455 1.58700001239777 -3.4e+38 -3.4e+38 -3.4e+38 -3.4e+38 -3.4e+38 -3.4e+38 -3.4e+38 -3.4e+38
0.51800000667572 0.558000028133392 0.229000002145767 1.0110000371933 1.71700000762939 1.00100004673004 0.518999993801117 0.384999990463257 0.405000001192093 0.545000016689301 0.430999994277954 0.330000013113022 0.193000003695488 0.199000000953674 0.225999996066093 0.418999999761581 0.418000012636185 0.340999990701675 0.648999989032745 1.26300001144409 1.76699995994568 1.68299996852875 1.53699994087219 1.02199995517731 0.889999985694885 3.03699994087219 5.13500022888184 7.22200012207031 9.30900001525879 10.7080001831055 11.4460000991821 12.7040004730225 14.048999786377 14.8649997711182 14.08899974823 11.9420003890991 10.6420001983643 5.13800001144409 1.692999958992 -3.4e+38 -3.4e+38 -3.4e+38 -3.4e+38 -3.4e+38 -3.4e+38 -3.4e+38
