01_datasets/03_gis/02_asc_chm-r50m/BR211G.asc
NCOLS 200 
NROWS 201 
XLLCORNER 537766 
YLLCORNER 5307170.5 
CELLSIZE 0.5 
NODATA_value -3.4e+38 
[rows 20 to 39 of 201, columns 92 to 137 of 200]
26.9720001220703 0.78600001335144 0.50900000333786 0.294999986886978 0.180000007152557 0.279000014066696 0.773000001907349 0.864000022411346 1.15299999713898 15.4610004425049 20.6550006866455 23.1959991455078 24.8229999542236 25.7430000305176 26.1889991760254 25.69700050354 25.3819999694824 24.4349994659424 23.7569999694824 24.0830001831055 23.9820003509521 24.1009998321533 25.0970001220703 24.386999130249 24.7609996795654 24.5830001831055 26.7919998168945 28.8320007324219 29.5480003356934 30.0610008239746 29.3929996490479 27.9230003356934 26.0690002441406 24.4009990692139 23.8040008544922 23.1679992675781 17.0170001983643 12.4010000228882 12.0010004043579 8.53499984741211 8.75500011444092 8.0629997253418 8.37100028991699 8.36200046539307 8.57699966430664 9.15999984741211
16.3449993133545 0.611999988555908 0.233999997377396 0.178000003099442 0.238999992609024 0.296000003814697 1.03699994087219 1.34099996089935 3.63100004196167 13.5319995880127 20.3349990844727 22.6480007171631 24.1200008392334 24.878999710083 25.0650005340576 24.7609996795654 24.4209995269775 22.9799995422363 21.2980003356934 21.2590007781982 23.2549991607666 24.0049991607666 24.1720008850098 22.0209999084473 20.0860004425049 23.5820007324219 26.0559997558594 28.0650005340576 28.9820003509521 29.4230003356934 29.1700000762939 28.1079998016357 26.5629997253418 25.5060005187988 23.92799949646 20.7679996490479 12.9169998168945 11.9540004730225 11.7530002593994 1.82000005245209 5.88299989700317 7.68900012969971 7.39499998092651 7.4520001411438 7.51900005340576 10.4350004196167
16.9619998931885 1.65900003910065 0.259999990463257 0.460999995470047 0.573000013828278 0.426999986171722 0.745000004768372 1.23099994659424 2.59599995613098 13.0299997329712 19.4669990539551 21.4220008850098 22.7329998016357 22.8439998626709 23.1560001373291 23.556999206543 23.3349990844727 22.0310001373291 18.80299949646 16.8090000152588 20.4440002441406 20.2509994506836 22.8209991455078 18.4549999237061 13.8039999008179 17.878999710083 24.7919998168945 26.992000579834 27.8080005645752 28.3600006103516 27.7639999389648 26.9790000915527 26.011999130249 25.3309993743896 23.1340007781982 19.5659999847412 12.539999961853 8.3129997253418 7.65100002288818 3.67199993133545 3.17000007629395 5.67799997329712 7.14900016784668 7.30399990081787 8.25599956512451 11.7790002822876
2.23900008201599 1.25399994850159 0.23199999332428 0.587999999523163 0.907000005245209 0.906000018119812 0.833000004291534 1.11600005626678 1.20200002193451 7.13000011444092 18.2770004272461 18.4860000610352 20.6380004882812 21.2959995269775 21.8120002746582 21.6380004882812 21.5809993743896 20.6399993896484 18.7660007476807 13.7250003814697 13.668999671936 11.4370002746582 13.289999961853 14.9619998931885 7.77500009536743 6.48799991607666 5.89400005340576 19.3589992523193 26.3689994812012 26.4050006866455 25.9489994049072 25.0389995574951 24.1259994506836 21.1060009002686 22.1030006408691 18.3530006408691 8.77999973297119 3.28699994087219 1.64800000190735 1.21200001239777 2.88100004196167 4.44700002670288 5.14300012588501 5.56199979782104 5.46799993515015 6.97300004959106
2.75399994850159 1.96599996089935 0.256000012159348 0.551999986171722 0.71399998664856 0.750999987125397 0.42399999499321 0.532000005245209 0.670000016689301 0.73199999332428 15.0389995574951 18.3330001831055 19.2450008392334 20.4309997558594 18.6760005950928 19.0139999389648 19.378999710083 19.4220008850098 16.8250007629395 10.875 9.93000030517578 9.1569995880127 9.53400039672852 6.03599977493286 4.86899995803833 5.37099981307983 5.32399988174438 5.63800001144409 18.0510005950928 17.3360004425049 20.2240009307861 19.1679992675781 14.3500003814697 5.14099979400635 11.2110004425049 14.1920003890991 6.36999988555908 2.16199994087219 1.61099994182587 0.794000029563904 3.07500004768372 3.02800011634827 2.87100005149841 3.17899990081787 3.51099991798401 2.52600002288818
2.63899993896484 0.934000015258789 0.358000010251999 0.388000011444092 0.291000008583069 0.146999999880791 0.193000003695488 0.268999993801117 0.344999998807907 1.23699998855591 7.34000015258789 13.6110000610352 14.0190000534058 14.0010004043579 17.257999420166 17.0930004119873 16.7029991149902 16.6840000152588 13.9670000076294 10.6110000610352 8.70899963378906 8.73600006103516 5.11899995803833 4.5310001373291 4.39499998092651 4.80700016021729 12.1049995422363 10.2040004730225 13.4420003890991 4.47900009155273 4.99499988555908 4.98199987411499 4.22300004959106 1.00899994373322 4.74200010299683 4.57100009918213 4.25299978256226 2.3510000705719 2.45799994468689 2.09599995613098 2.36100006103516 2.22300004959106 2.37199997901917 4.50899982452393 4.62400007247925 2.95499992370605
1.15600001811981 0.301999986171722 0.407999992370605 0.472000002861023 0.321000009775162 0.120999999344349 0.264999985694885 0.96399998664856 6.45300006866455 10.625 7.99200010299683 5.07200002670288 6.31599998474121 6.28599977493286 12.4619998931885 11.2430000305176 9.27099990844727 3.01999998092651 3.03699994087219 4.20900011062622 6.73299980163574 4.25099992752075 5.67899990081787 13.4829998016357 13.1809997558594 15.0550003051758 23.6389999389648 27.113000869751 20.7830009460449 5.79300022125244 2.07299995422363 0.750999987125397 2.45199990272522 5.51900005340576 8.25699996948242 7.43200016021729 5.06500005722046 2.56699991226196 2.68400001525879 2.60899996757507 2.25600004196167 1.97500002384186 2.02800011634827 4.31199979782104 3.73099994659424 2.14400005340576
1.2059999704361 1.34899997711182 0.86599999666214 0.994000017642975 0.395000010728836 3.47199988365173 17.8309993743896 18.5400009155273 19.1219997406006 18.32200050354 17.0429992675781 11.201000213623 8.51500034332275 5.44600009918213 5.42600011825562 3.7590000629425 0.252000004053116 0.187999993562698 0.164000004529953 0.114000000059605 3.41400003433228 5.07000017166138 15.048999786377 23.363000869751 25.8920001983643 27.6849994659424 28.6240005493164 28.5160007476807 9.66600036621094 1.41400003433228 2.07699990272522 1.86099994182587 2.91000008583069 8.94799995422363 9.09000015258789 9.05599975585938 5.37400007247925 2.60800004005432 2.73600006103516 2.79900002479553 2.55100011825562 2.23799991607666 2.62299990653992 3.03900003433228 1.47599995136261 1.56599998474121
3.03399991989136 3.31100010871887 3.1489999294281 2.38800001144409 1.19700002670288 12.9770002365112 19.7259998321533 19.8369998931885 19.2889995574951 19.818000793457 20.0839996337891 19.3619995117188 15.1669998168945 10.6389999389648 7.47599983215332 0.181999996304512 0.112000003457069 0.103000000119209 0.0799999982118607 1.76999998092651 4.18400001525879 13.0579996109009 27.3369998931885 27.5170001983643 28.1350002288818 28.9120006561279 30.4869995117188 30.8889999389648 22.0669994354248 14.9379997253418 6.88899993896484 1.97500002384186 0.907999992370605 6.30200004577637 8.02999973297119 6.9520001411438 3.40000009536743 2.67199993133545 2.81599998474121 2.85599994659424 2.66199994087219 2.28600001335144 2.39000010490417 2.68099999427795 0.370000004768372 0.795000016689301
3.54900002479553 3.86400008201599 3.62100005149841 2.62899994850159 1.17900002002716 12.6770000457764 21.2679996490479 21.5300006866455 20.9440002441406 20.5090007781982 20.8840007781982 19.2070007324219 19.8190002441406 19.5009994506836 18.4890003204346 0.930000007152557 5.33699989318848 2.56200003623962 0.061999998986721 4.49499988555908 18.0650005340576 25.798999786377 28.5960006713867 29.1919994354248 28.7099990844727 30.5820007324219 30.5729999542236 31.4029998779297 31.6720008850098 28.2950000762939 19.2390003204346 8.00899982452393 2.09500002861023 4.58799982070923 4.73699998855591 3.24200010299683 2.24200010299683 2.57699990272522 2.62400007247925 2.19400000572205 2.31299996376038 1.8639999628067 1.45799994468689 0.379000008106232 0.367000013589859 0.39300000667572
3.57299995422363 4.24700021743774 4.81599998474121 3.96000003814697 1.91400003433228 12.6059999465942 21.576000213623 22.3530006408691 22.5219993591309 22.2810001373291 21.5200004577637 22.5510005950928 22.9290008544922 22.9529991149902 22.3269996643066 23.7630004882812 20.7409992218018 19.7649993896484 16.5809993743896 16.1259994506836 25.4699993133545 29.3840007781982 30.0590000152588 30.3899993896484 32.3629989624023 33.2379989624023 32.6769981384277 32.4039993286133 32.1749992370605 29.6299991607666 28.8409996032715 13.128999710083 2.43700003623962 0.570999979972839 0.610000014305115 1.00399994850159 1.34800004959106 0.778999984264374 1.42299997806549 0.871999979019165 1.11500000953674 1.25600004196167 0.861999988555908 0.266000002622604 0.289000004529953 0.467999994754791
3.68799996376038 4.42799997329712 5.01300001144409 4.59000015258789 6.22300004959106 15.0170001983643 20.8819999694824 22.5580005645752 22.7240009307861 22.3379993438721 21.8339996337891 23.5270004272461 25.2849998474121 25.4850006103516 25.201000213623 26.8700008392334 27.17799949646 26.9300003051758 24.8129997253418 24.386999130249 28.4899997711182 29.4529991149902 30.1030006408691 31.9190006256104 33.8030014038086 33.4230003356934 32.9129981994629 32.6710014343262 31.8339996337891 30.3729991912842 28.7080001831055 21.1060009002686 9.73799991607666 0.874000012874603 1.75800001621246 0.180000007152557 0.248999997973442 0.23199999332428 0.381999999284744 0.551999986171722 0.85699999332428 0.892000019550323 0.36599999666214 0.254000008106232 0.321999996900558 0.513999998569489
3.38100004196167 3.8289999961853 4.06400012969971 3.54099988937378 1.02799999713898 13.1169996261597 21.3250007629395 22 22.4419994354248 21.7929992675781 22.0739994049072 23.5669994354248 25.3540000915527 27.4680004119873 28.1749992370605 28.1380004882812 27.7089996337891 27.4409999847412 27.3330001831055 27.8899993896484 28.7029991149902 29.8449993133545 30.3589992523193 33.0449981689453 33.7970008850098 34.0719985961914 33.4119987487793 32.6030006408691 32.2459983825684 31.4500007629395 30.1650009155273 19.1149997711182 5.28200006484985 2.11199998855591 2.90300011634827 2.16100001335144 0.683000028133392 0.219999998807907 0.317999988794327 0.241999998688698 0.444000005722046 0.754000008106232 0.330000013113022 0.303999990224838 0.446000009775162 0.545000016689301
3.1159999370575 6.86600017547607 2.82999992370605 2.13100004196167 2.18700003623962 12.66100025177 20.4699993133545 20.7840003967285 21.5599994659424 21.2250003814697 21.548999786377 24.056999206543 26.8120002746582 28.5830001831055 28.7369995117188 28.7590007781982 28.4400005340576 28.003999710083 27.6229991912842 28.7029991149902 29.2819995880127 29.3799991607666 31.4160003662109 33.6870002746582 34.117000579834 34.4119987487793 34.3419990539551 33.2869987487793 32.1059989929199 31.3080005645752 30.9610004425049 15.923999786377 5.08199977874756 2.82299995422363 7.78399991989136 2.69000005722046 2.07200002670288 1.35500001907349 0.305000007152557 0.187999993562698 0.241999998688698 0.368000000715256 0.217999994754791 0.226999998092651 0.522000014781952 0.522000014781952
7.12599992752075 12.8769998550415 12.4610004425049 1.63999998569489 1.58700001239777 4.93100023269653 19.8360004425049 19.8360004425049 20.7590007781982 20.9150009155273 23.0149993896484 25.9890003204346 28.2530002593994 29.0230007171631 29.7080001831055 29.6660003662109 29.8320007324219 29.6219997406006 27.9969997406006 28.2639999389648 29.1979999542236 29.3799991607666 32.6279983520508 33.5629997253418 34.7039985656738 35.0890007019043 34.9259986877441 33.6440010070801 32.0699996948242 31.0330009460449 30.5540008544922 28.306999206543 20.0779991149902 18.3999996185303 14.2799997329712 2.375 1.94900000095367 0.294999986886978 0.275000005960464 0.238999992609024 0.280000001192093 0.298000007867813 0.275999993085861 0.388000011444092 0.540000021457672 0.430000007152557
14.951000213623 18.1389999389648 18.2840003967285 0.29899999499321 0.503000020980835 4.6100001335144 14.1300001144409 14.6429996490479 15.6789999008179 20.8390007019043 23.2880001068115 26.9729995727539 28.8120002746582 29.6180000305176 30.2530002593994 30.5240001678467 30.423999786377 29.9950008392334 29.4909992218018 27.2210006713867 28.242000579834 29.6490001678467 31.1509990692139 32.7809982299805 34.8730010986328 35.2410011291504 35.0029983520508 33.6450004577637 32.4780006408691 31.0310001373291 29.3229999542236 27.8969993591309 23.6140003204346 18.5259990692139 2.44300007820129 2.16799998283386 1.92900002002716 0.856000006198883 0.223000004887581 0.252999991178513 0.277999997138977 0.296000003814697 0.40599998831749 0.521000027656555 0.510999977588654 0.416000008583069
20.2700004577637 18.5470008850098 18.1480007171631 0.317999988794327 0.321000009775162 4.53000020980835 11.3819999694824 11.7410001754761 10.2259998321533 17.4869995117188 24.4529991149902 26.9270000457764 28.0090007781982 29.4050006866455 30.5359992980957 31.1760005950928 29.9860000610352 29.2119998931885 28.9939994812012 26.8759994506836 29.4090003967285 30.8649997711182 30.9820003509521 32.6980018615723 34.2830009460449 34.6310005187988 34.4259986877441 33.3190002441406 32.8720016479492 30.6399993896484 29.4759998321533 26.9009990692139 24.1200008392334 23.8339996337891 1.79200005531311 1.72800004482269 1.57700002193451 0.202000007033348 0.144999995827675 0.263000011444092 0.266999989748001 0.280000001192093 0.374000012874603 0.550999999046326 0.433999985456467 0.444999992847443
20.1909999847412 18.9109992980957 11.8459997177124 0.324999988079071 0.212999999523163 4.30999994277954 17.6180000305176 21.2320003509521 19.2140007019043 19.0440006256104 23.3150005340576 26.0179996490479 27.2390003204346 28.8379993438721 30.0139999389648 30.298999786377 30.0459995269775 28.6340007781982 27.9349994659424 26.8080005645752 29.0939998626709 30.2040004730225 30.8659992218018 32.7449989318848 32.9889984130859 33.2360000610352 33.0349998474121 32.9420013427734 31.7229995727539 30.6870002746582 30.5179996490479 28.4120006561279 27.2089996337891 20.7679996490479 0.97299998998642 1.02300000190735 0.843999981880188 0.254000008106232 0.214000001549721 0.268999993801117 0.256999999284744 0.314999997615814 0.40200001001358 0.685999989509583 0.757000029087067 0.665000021457672
18.6529998779297 16.9260005950928 10.2530002593994 0.352999985218048 4.87200021743774 18.2810001373291 24.3199996948242 24.4899997711182 23.8810005187988 23.0270004272461 24.5690002441406 25.9060001373291 27.1009998321533 27.9500007629395 28.8649997711182 29.6019992828369 29.3780002593994 28.2870006561279 27.5209999084473 26.3490009307861 28.1310005187988 29.0109996795654 29.9640007019043 30.4050006866455 30.9519996643066 31.5389995574951 31.4160003662109 31.4829998016357 30.2320003509521 30.4349994659424 29.0459995269775 27.1630001068115 26.6529998779297 9.9980001449585 0.685000002384186 0.689999997615814 0.592999994754791 0.27700001001358 0.153999999165535 3.7409999370575 0.241999998688698 0.310000002384186 0.488000005483627 0.842999994754791 0.929000020027161 0.773999989032745
13.1780004501343 14.2869997024536 4.42000007629395 15.0509996414185 22.992000579834 23.5400009155273 25.4050006866455 26.2719993591309 26.0049991607666 24.9950008392334 25.0450000762939 25.0470008850098 25.3770008087158 26.7280006408691 27.6639995574951 28.2919998168945 28.5930004119873 27.6259994506836 26.4930000305176 26.2089996337891 26.0410003662109 27.7019996643066 28.326000213623 28.9080009460449 29.3740005493164 30.1140003204346 29.451000213623 29.8449993133545 29.3859996795654 29.4360008239746 28.3719997406006 25.7689990997314 24.9990005493164 9.3100004196167 0.578999996185303 0.48199999332428 0.367000013589859 0.228000000119209 0.584999978542328 18.3740005493164 10.1909999847412 0.298000007867813 0.51800000667572 0.540000021457672 0.674000024795532 0.740000009536743
