01_datasets/03_gis/02_asc_chm-r50m/BR211Z.asc
NCOLS 199 
NROWS 198 
XLLCORNER 538785 
YLLCORNER 5282178.5 
CELLSIZE 0.5 
NODATA_value -3.4e+38 
[rows 140 to 159 of 198, columns 46 to 91 of 199]
3.55599999427795 3.52999997138977 3.50399994850159 3.25099992752075 3.3659999370575 3.83200001716614 4.26900005340576 4.11199998855591 3.95000004768372 3.69199991226196 3.22000002861023 2.48799991607666 1.625 0.856000006198883 0.827000021934509 1.00699996948242 1.95000004768372 2.21000003814697 2.19400000572205 1.04999995231628 0.597000002861023 0.455000013113022 0.619000017642975 0.896000027656555 1.17400002479553 1.42900002002716 1.50100004673004 7.83099985122681 10.2410001754761 11.664999961853 15.5769996643066 17.7660007476807 17.8999996185303 16.5009994506836 8.61100006103516 4.78000020980835 2.37199997901917 1.01499998569489 1.81400001049042 2.69600009918213 2.78800010681152 2.39599990844727 2.14499998092651 1.95099997520447 1.75800001621246 1.56400001049042
4.23699998855591 4.21099996566772 3.82500004768372 3.26600003242493 3.24900007247925 4.5939998626709 4.90799999237061 4.73099994659424 4.58300018310547 3.99499988555908 3.26399993896484 2.7409999370575 2.27699995040894 1.1139999628067 0.908999979496002 1.32200002670288 1.73599994182587 2.08599996566772 1.78999996185303 1.20099997520447 1.80799996852875 2.65400004386902 3.70600008964539 2.44799995422363 1.19099998474121 0.725000023841858 6.82999992370605 12.4289999008179 13.4530000686646 14.1750001907349 15.8030004501343 16.2490005493164 15.0979995727539 12.0559997558594 9.43099975585938 3.7590000629425 1.40299999713898 1.37600004673004 2.21099996566772 2.54699993133545 2.44199991226196 2.34100008010864 2.1949999332428 1.8639999628067 1.53299999237061 1.2610000371933
4.91900014877319 4.40000009536743 3.82200002670288 3.33599996566772 3.32599997520447 4.53900003433228 5.22499990463257 4.88000011444092 4.40799999237061 4.17199993133545 4.23000001907349 3.58699989318848 2.51900005340576 1.43099999427795 1.06599998474121 1.14999997615814 1.49600005149841 2.2590000629425 1.74600005149841 1.06099998950958 5.23099994659424 5.56899976730347 6.13000011444092 7.21700000762939 8.15299987792969 6.89499998092651 12.7869997024536 14.7440004348755 16.0809993743896 17.6979999542236 17.1760005950928 15.1999998092651 12.4169998168945 10.5349998474121 9.0620002746582 3.24399995803833 0.824000000953674 1.33299994468689 1.88199996948242 1.86800003051758 1.59399998188019 1.83399999141693 1.81299996376038 1.48199999332428 1.10399997234344 1.22000002861023
5.51700019836426 4.91400003433228 4.30299997329712 3.30900001525879 4.0479998588562 7.47499990463257 7.23400020599365 5.06300020217896 4.85300016403198 4.72700023651123 4.50899982452393 3.77900004386902 2.72499990463257 1.67400002479553 0.818000018596649 1.17700004577637 1.4889999628067 1.98300004005432 1.62899994850159 4.61700010299683 8.65499973297119 9.1560001373291 9.00100040435791 9.60400009155273 10.6909999847412 11.7790002822876 12.2810001373291 15.9200000762939 19.0359992980957 20.7229995727539 19.4300003051758 15.5209999084473 12.3690004348755 11.3149995803833 7.33300018310547 2.85899996757507 1.03699994087219 1.07799994945526 1.39800000190735 1.67499995231628 1.28600001335144 1.47000002861023 1.42799997329712 1.09700000286102 1.11500000953674 3.53399991989136
7.67000007629395 10.3929996490479 12.2580003738403 6.67000007629395 3.98900008201599 7.29199981689453 8.74199962615967 6.19500017166138 5.20599985122681 4.94500017166138 4.78499984741211 4.0310001373291 2.97900009155273 1.98000001907349 3.56299996376038 4.26700019836426 6.36299991607666 6.16900014877319 4.78399991989136 8.25500011444092 12.0780000686646 12.7430000305176 12.5880002975464 12.4340000152588 13.0780000686646 12.7510004043579 11.914999961853 16.632999420166 18.8080005645752 20.8680000305176 18.9109992980957 16.2220001220703 12.9610004425049 10.0780000686646 6.12599992752075 2.67300009727478 0.916000008583069 0.519999980926514 1.02999997138977 1.92200005054474 1.59899997711182 1.15799999237061 1.04200005531311 2.07599997520447 3.66899991035461 5.7039999961853
13.6829996109009 16.7700004577637 19.7590007781982 16.6009998321533 5.5149998664856 7.40000009536743 8.63799953460693 7.21700000762939 5.17399978637695 5.23000001907349 4.7350001335144 6.98099994659424 8.5629997253418 10.1450004577637 11.7279996871948 11.628999710083 15.173999786377 13.9020004272461 8.02000045776367 12.0430002212524 15.5019998550415 16.3299999237061 16.1760005950928 16.0209999084473 15.8660001754761 16.4440002441406 17.9330005645752 18.1490001678467 18.1110000610352 19.242000579834 17.8110008239746 16.2600002288818 12.4540004730225 8.75100040435791 6.46000003814697 4.31799983978271 2.17600011825562 0.421999990940094 0.718999981880188 1.58299994468689 3.11299991607666 2.92199993133545 2.74699997901917 4.16599988937378 5.13199996948242 6.63100004196167
15.9169998168945 17.9060001373291 20.6660003662109 19.0270004272461 10.0690002441406 8.09799957275391 8.26200008392334 7.65899991989136 6.28700017929077 5.51000022888184 4.53399991989136 7.88399982452393 13.0129995346069 17.0380001068115 19.8920001983643 20.0830001831055 19.0100002288818 16.3500003814697 11.1330003738403 16.1149997711182 19.3020000457764 17.8129997253418 16.2609996795654 14.7569999694824 17.2409992218018 17.625 18.6590003967285 18.5879993438721 17.0429992675781 17.0709991455078 17.2639999389648 16.7089996337891 11.8489999771118 9.65999984741211 7.47100019454956 5.2810001373291 3.09200000762939 0.90200001001358 0.521000027656555 1.91499996185303 3.74499988555908 4.25500011444092 4.27699995040894 5.86999988555908 6.90399980545044 7.08300018310547
14.4870004653931 15.710000038147 18.0189990997314 13.6709995269775 7.82000017166138 7.56899976730347 7.30100011825562 6.84800004959106 6.99599981307983 12.75 13.1269998550415 13.4840002059937 14.1619997024536 18.757999420166 22.1380004882812 22.1590003967285 20.0979995727539 19.6100006103516 17.1919994354248 19.6620006561279 19.5590000152588 18.0139999389648 15.9449996948242 16.8680000305176 18.7560005187988 19.2959995269775 19.5189990997314 19.3349990844727 17.2660007476807 17.007999420166 17.0429992675781 16.9139995574951 13.1730003356934 9.28999996185303 7.10099983215332 4.91099977493286 2.72199988365173 0.930000007152557 0.879999995231628 1.49399995803833 3.26500010490417 5.25400018692017 6.27899980545044 7.28999996185303 7.39599990844727 7.20699977874756
12.8420000076294 12.6359996795654 12.1630001068115 8.80200004577637 7.55200004577637 7.27799987792969 7.03399991989136 9.11600017547607 9.50699996948242 13.5450000762939 17.2140007019043 17.7019996643066 18.0310001373291 20.5979995727539 22.5610008239746 24.4200000762939 20.67799949646 22.1979999542236 22.5550003051758 21.548999786377 20.2450008392334 20.0869998931885 18.8659992218018 19.8309993743896 20.4069995880127 20.4599990844727 21.9230003356934 21.1940002441406 17.6760005950928 20.2290000915527 18.4680004119873 17.8159999847412 14.5860004425049 9.20600032806396 6.73000001907349 4.54099988937378 2.43300008773804 1.08299994468689 1.05900001525879 1.40699994564056 2.57699990272522 5.00299978256226 6.49900007247925 7.625 7.9689998626709 7.56199979782104
11.5699996948242 11.3240003585815 9.54899978637695 7.37200021743774 6.82299995422363 6.78800010681152 8.03899955749512 13.2200002670288 16.9729995727539 18.9979991912842 19.5909996032715 19.3570003509521 19.5750007629395 20.8090000152588 23.5990009307861 25.0729999542236 25.056999206543 24.7880001068115 25.1009998321533 23.4370002746582 22.4680004119873 21.9099998474121 21.2889995574951 21.7040004730225 23.2040004730225 23.386999130249 23.4610004425049 22.4050006866455 20.6749992370605 21.1380004882812 19.326000213623 18.1140003204346 8.87600040435791 10.6190004348755 6.3600001335144 4.1710000038147 2.58599996566772 1.23500001430511 1.04799997806549 1.46700000762939 2.72199988365173 4.73199987411499 6.36700010299683 7.23199987411499 7.83400011062622 7.28999996185303
12.496000289917 11.4849996566772 10.1929998397827 7.14599990844727 7.02699995040894 7.09700012207031 5.07200002670288 2.84400010108948 3.7590000629425 19.8600006103516 19.6439990997314 19.8120002746582 20.9780006408691 21.9769992828369 24.8610000610352 26.1299991607666 26.0930004119873 25.7910003662109 26.1410007476807 26.2919998168945 24.886999130249 22.8279991149902 22.318000793457 22.3640003204346 23.8840007781982 24.6870002746582 24.3689994812012 23.8419990539551 22.8649997711182 21.806999206543 19.9179992675781 18.5520000457764 8.45499992370605 3.61199998855591 6.65299987792969 4.08900022506714 2.19899988174438 1.62800002098083 1.48399996757507 1.68799996376038 2.19700002670288 4.9229998588562 5.83500003814697 5.81199979782104 6.45499992370605 6.4539999961853
13.46399974823 12.3739995956421 12.1230001449585 8.88500022888184 8.70800018310547 9.32100009918213 9.87899971008301 7.41099977493286 4.77500009536743 12.9320001602173 21.121000289917 21.05299949646 21.8419990539551 23.443000793457 26.7220001220703 26.7779998779297 26.2169990539551 26.2830009460449 26.253999710083 26.2360000610352 25.3910007476807 23.4459991455078 22.7709999084473 24.0750007629395 24.6709995269775 24.7259998321533 24.6049995422363 24.0310001373291 23.4729995727539 22.5419998168945 20.9139995574951 18.8439998626709 14.9390001296997 9.1569995880127 6.53499984741211 6.05299997329712 4.90000009536743 2.87199997901917 1.66100001335144 1.80599999427795 1.70099997520447 4.80100011825562 5.11600017547607 4.37400007247925 4.33500003814697 5.1100001335144
13.28600025177 12.8430004119873 11.7740001678467 9.72299957275391 10.2659997940063 11.5450000762939 12.1579999923706 12.3850002288818 9.21599960327148 14.5270004272461 18.1410007476807 23.3579998016357 25.7220001220703 27.3400001525879 28.6399993896484 27.6730003356934 26.1809997558594 26.3269996643066 26.7220001220703 27.0709991455078 26.8460006713867 24.8040008544922 22.7089996337891 23.3309993743896 24.3540000915527 24.4650001525879 24.2479991912842 23.7110004425049 23.6159992218018 22.8980007171631 21.2959995269775 18.8619995117188 13.7840003967285 10.0430002212524 9.21000003814697 7.80900001525879 6.89099979400635 2.52099990844727 1.0809999704361 1.61199998855591 2.58599996566772 3.15700006484985 3.50699996948242 3.42700004577637 2.99200010299683 3.68799996376038
12.3719997406006 11.9130001068115 10.9130001068115 8.92199993133545 10.6490001678467 12.5520000457764 14.4549999237061 14.5209999084473 16.2719993591309 21.0779991149902 21.003999710083 25.3840007781982 27.6219997406006 27.9220008850098 28.5020008087158 28.1389999389648 26.5839996337891 26.5139999389648 27.7819995880127 28.2999992370605 28.0939998626709 27.0590000152588 25.9209995269775 24.1259994506836 23.1720008850098 23.7819995880127 23.9570007324219 23.8649997711182 23.7840003967285 23.5139999389648 21.0459995269775 19.7759990692139 18.0380001068115 11.4790000915527 11.3229999542236 9.39000034332275 6.98600006103516 4.73099994659424 1.48500001430511 1.76300001144409 2.47000002861023 2.89499998092651 2.91499996185303 2.39299988746643 1.91799998283386 3.28299999237061
10.8430004119873 10.1429996490479 9.88000011444092 9.81099987030029 13.1330003738403 16.3619995117188 18.2649993896484 18.8780002593994 20.1189994812012 24.681999206543 26.5939998626709 27.5830001831055 28.1620006561279 28.0200004577637 28.4440002441406 28.3640003204346 28.6040000915527 28.32200050354 28.4850006103516 28.5949993133545 28.2310009002686 26.7059993743896 25.7560005187988 23.4860000610352 22.7590007781982 23.007999420166 23.375 23.6319999694824 23.1410007476807 22.2950000762939 19.5890007019043 19.0699996948242 15.3549995422363 12.5570001602173 12.4700002670288 10.7220001220703 7.80399990081787 4.72599983215332 2.10899996757507 1.72000002861023 1.87399995326996 1.97000002861023 1.67700004577637 1.26699995994568 1.66999995708466 2.79699993133545
8.76399993896484 8.73700046539307 7.25699996948242 8.17800045013428 11.8570003509521 15.5349998474121 19.4169998168945 21.6240005493164 23.1949996948242 24.4270000457764 26.693000793457 28.4169998168945 29.1919994354248 28.8729991912842 28.9139995574951 28.9570007324219 29.1240005493164 28.9599990844727 28.4540004730225 28.4489994049072 28.0289993286133 25.7099990844727 24.5459995269775 23.2670001983643 22.5599994659424 22.0550003051758 22.0009994506836 22.4150009155273 21.0699996948242 19.2609996795654 17.7880001068115 16.55299949646 11.4870004653931 11.5590000152588 12.1140003204346 8.76000022888184 6.90000009536743 4.56400012969971 2.26200008392334 1.89900004863739 1.51900005340576 1.44799995422363 0.630999982357025 0.63400000333786 1.07500004768372 1.84099996089935
7.66599988937378 6.01599979400635 3.64599990844727 3.76900005340576 7.80999994277954 11.8500003814697 15.8120002746582 19.7520008087158 20.886999130249 23.4440002441406 25.6679992675781 28.0779991149902 29.2509994506836 29.193000793457 28.7560005187988 28.9060001373291 28.9349994659424 28.8649997711182 28.5769996643066 28.6119995117188 28.6889991760254 27.4519996643066 24.5109996795654 23.2880001068115 22.8199996948242 21.8959999084473 21.8169994354248 21.0209999084473 19.8229999542236 19.4559993743896 17.6100006103516 14.9680004119873 8.1540002822876 8.90900039672852 8.94499969482422 6.61199998855591 4.79199981689453 2.41300010681152 2.37299990653992 2.02600002288818 1.6690000295639 1.39100003242493 1.04200005531311 1.12100005149841 1.19500005245209 1.55999994277954
7.83199977874756 5.32299995422363 3.86100006103516 3.58400011062622 4.28399991989136 8.24899959564209 12.1890001296997 16.128999710083 18.7399997711182 22.4169998168945 25.3299999237061 27.746000289917 29.1110000610352 28.5389995574951 26.69700050354 28.3549995422363 29.3279991149902 29.2639999389648 29.1030006408691 29.0480003356934 28.9009990692139 26.8929996490479 24.4699993133545 23.8159999847412 20.3519992828369 18.9890003204346 17.746000289917 18.5990009307861 19.5149993896484 17.867000579834 17.9969997406006 12.3400001525879 5.38100004196167 5.53299999237061 4.78999996185303 4.30999994277954 3.03999996185303 1.92499995231628 2.55200004577637 2.68099999427795 2.40599989891052 1.80900001525879 1.56099998950958 1.56200003623962 1.59599995613098 1.63399994373322
11.1280002593994 5.73299980163574 5.03299999237061 4.54500007629395 4.13199996948242 7.69399976730347 11.2569999694824 14.4739999771118 16.7169990539551 19.1149997711182 23.3990001678467 25.4500007629395 28.0820007324219 28.617000579834 27.4680004119873 29.306999206543 29.6280002593994 29.6079998016357 29.5380001068115 29.2880001068115 28.8700008392334 25.6609992980957 24.3920001983643 24.1909999847412 20.1140003204346 15.7740001678467 15.8739995956421 16.5349998474121 15.8079996109009 15.2770004272461 13.7810001373291 5.03000020980835 3.64000010490417 3.18899989128113 2.8199999332428 2.10400009155273 1.59899997711182 1.87600004673004 2.52500009536743 2.63100004196167 2.33999991416931 1.9559999704361 1.94700002670288 2.09999990463257 2.25399994850159 2.34599995613098
11.831000328064 6.13500022888184 5.87900018692017 4.14900016784668 4.06699991226196 7.2350001335144 10.4040002822876 12.4729995727539 15.7790002822876 19.1900005340576 22.5149993896484 25.8349990844727 26.7119998931885 28.1580009460449 28.4479999542236 29.6480007171631 29.8600006103516 29.8309993743896 29.5270004272461 28.7630004882812 27.4039993286133 25.4249992370605 24.2469997406006 23.1580009460449 18.4640007019043 14.7250003814697 13.9969997406006 14.4060001373291 9.74899959564209 9.31700038909912 5.6399998664856 4.95599985122681 5.19700002670288 3.26600003242493 2.47699999809265 1.93099999427795 0.630999982357025 1.19099998474121 1.79900002479553 1.8400000333786 1.87899994850159 1.82400000095367 1.76900005340576 1.84500002861023 1.99800002574921 2.15199995040894
