01_datasets/03_gis/02_asc_chm-r50m/BR211Z.asc
NCOLS 199 
NROWS 198 
XLLCORNER 538785 
YLLCORNER 5282178.5 
CELLSIZE 0.5 
NODATA_value -3.4e+38 
[rows 80 to 99 of 198, columns 92 to 137 of 199]
1.42299997806549 1.06099998950958 1.07599997520447 1.02400004863739 0.972000002861023 0.922999978065491 1.63399994373322 2.96199989318848 3.11500000953674 2.47000002861023 0.722000002861023 0.679000020027161 1.05299997329712 0.947000026702881 0.490000009536743 2.47499990463257 5.65399980545044 6.05000019073486 2.61400008201599 1.45700001716614 0.365000009536743 0.32600000500679 0.270000010728836 0.270000010728836 0.259999990463257 0.248999997973442 0.238000005483627 0.228000000119209 0.216999992728233 0.208000004291534 0.241999998688698 0.305999994277954 0.455000013113022 0.595000028610229 0.510999977588654 0.430999994277954 0.575999975204468 0.722000002861023 0.867999970912933 1.01400005817413 1.27900004386902 1.4210000038147 1.00499999523163 1.0789999961853 0.317999988794327 0.545000016689301
0.842999994754791 0.787999987602234 0.870000004768372 0.966000020503998 1.06099998950958 1.53199994564056 2.06100010871887 3.22499990463257 3.26200008392334 2.0239999294281 0.470999985933304 0.671000003814697 1.07599997520447 1.14900004863739 0.657999992370605 1.0789999961853 2.99799990653992 4.41099977493286 2.74900007247925 1.42299997806549 0.379999995231628 0.319000005722046 0.301999986171722 0.291999995708466 0.28099998831749 0.270000010728836 0.259999990463257 0.250999987125397 0.24600000679493 0.241999998688698 0.455000013113022 0.554000020027161 0.497999995946884 0.404000014066696 0.425000011920929 0.483000010251999 0.541000008583069 0.598999977111816 0.657000005245209 0.714999973773956 1.12100005149841 1.08700001239777 0.421999990940094 0.289000004529953 0.579999983310699 0.802999973297119
1.09899997711182 0.925999999046326 0.837999999523163 0.915000021457672 0.994000017642975 1.21599996089935 1.28600001335144 2.32500004768372 2.66100001335144 2.08299994468689 0.883000016212463 0.670000016689301 0.939999997615814 1.59500002861023 1.54700005054474 3.63299989700317 4.35200023651123 3.95199990272522 2.29900002479553 1.00800001621246 0.485000014305115 0.446000009775162 0.412000000476837 0.407000005245209 0.40200001001358 0.398000001907349 0.39300000667572 0.388999998569489 0.395999997854233 0.34799998998642 0.564999997615814 1.48300004005432 1.78699994087219 2.09100008010864 1.28199994564056 0.437000006437302 0.39300000667572 0.45100000500679 0.50900000333786 0.550000011920929 0.88400000333786 1.17400002479553 0.695999979972839 0.467999994754791 0.625 0.746999979019165
2.00200009346008 1.79499995708466 1.58800005912781 1.38100004196167 1.17400002479553 0.973999977111816 0.637000024318695 0.479999989271164 1.13199996948242 1.48699998855591 1.87399995326996 1.34399998188019 0.850000023841858 1.50600004196167 2.04900002479553 3.56699991226196 4.23400020599365 4.00600004196167 2.7279999256134 0.912000000476837 0.746999979019165 0.630999982357025 0.537999987602234 0.545000016689301 0.540000021457672 0.53600001335144 0.531000018119812 0.575999975204468 0.389999985694885 0.550999999046326 0.765999972820282 2.55900001525879 3.47399997711182 3.77800011634827 3.00600004196167 2.16000008583069 1.31500005722046 0.46900001168251 0.361999988555908 0.356000006198883 0.628000020980835 0.954999983310699 0.962000012397766 0.717999994754791 0.367000013589859 0.573000013828278
1.85899996757507 1.65199995040894 1.44500005245209 1.23800003528595 1.03100001811981 0.861000001430511 0.524999976158142 0.514999985694885 0.582000017166138 1.5440000295639 2.125 1.87300002574921 0.894999980926514 1.46800005435944 1.88100004196167 2.94600009918213 3.0699999332428 2.82699990272522 1.58200001716614 1.16499996185303 1.02400004863739 0.892000019550323 0.818000018596649 0.610000014305115 0.677999973297119 0.674000024795532 0.755999982357025 0.476999998092651 0.549000024795532 0.755999982357025 0.693000018596649 3.41599988937378 5.16099977493286 5.46500015258789 4.72900009155273 3.8840000629425 3.03800010681152 2.19300007820129 1.08399999141693 0.375 0.666000008583069 0.957000017166138 0.949000000953674 0.555000007152557 0.467000007629395 0.617999970912933
1.56900000572205 1.50999999046326 1.30299997329712 1.09599995613098 0.888999998569489 0.749000012874603 0.521000027656555 0.578999996185303 0.637000024318695 0.708999991416931 1.08599996566772 0.759999990463257 0.922999978065491 1.30200004577637 2.14299988746643 1.63199996948242 1.03299999237061 1.4099999666214 1.81700003147125 1.33500003814697 1.04200005531311 1.22000002861023 1.25600004196167 1.35800004005432 1.25800001621246 0.939999997615814 0.621999979019165 0.592999994754791 0.74099999666214 0.917999982833862 1.23099994659424 4.27199983596802 6.84800004959106 7.15100002288818 6.45300006866455 5.60699987411499 4.76200008392334 3.91599988937378 1.08800005912781 4.92799997329712 0.363000005483627 0.653999984264374 0.759999990463257 0.39300000667572 0.517000019550323 0.662999987602234
1.27699995040894 1.26300001144409 1.16100001335144 0.953999996185303 0.746999979019165 0.635999977588654 0.584999978542328 0.64300000667572 0.700999975204468 0.728999972343445 0.921999990940094 0.885999977588654 1.10300004482269 1.32799994945526 2.80999994277954 1.60800004005432 1.01300001144409 1.29799997806549 1.34599995613098 1.28400003910065 1.04499995708466 1.31599998474121 1.23699998855591 1.13300001621246 1.13699996471405 0.879000008106232 0.731000006198883 0.751999974250793 0.953999996185303 0.845000028610229 2.08699989318848 5.12900018692017 8.17000007629395 8.83800029754639 8.17599964141846 7.33099985122681 6.4850001335144 4.09899997711182 1.09200000762939 9.96199989318848 5.55499982833862 0.351000010967255 0.518999993801117 0.41499999165535 0.579999983310699 0.78600001335144
1.34899997711182 1.067999958992 0.958000004291534 0.811999976634979 0.667999982833862 0.592000007629395 0.648999989032745 0.683000028133392 0.628000020980835 0.753000020980835 0.736999988555908 0.720000028610229 1.15900003910065 2.26799988746643 2.85599994659424 1.89300000667572 1.42900002002716 0.950999975204468 0.76800000667572 0.970000028610229 0.848999977111816 0.78600001335144 0.772000014781952 0.781000018119812 0.751999974250793 0.994000017642975 2.01600003242493 1.49199998378754 1.06900000572205 0.773000001907349 2.94400000572205 5.9850001335144 9.02600002288818 10.5249996185303 9.89999961853027 9.05399990081787 7.1100001335144 4.10300016403198 1.09599995613098 11.75 11.5209999084473 6.18200016021729 1.05299997329712 3.38100004196167 2.09299993515015 0.99099999666214
1.44700002670288 1.16600000858307 0.884999990463257 0.65200001001358 0.596000015735626 0.63400000333786 0.580999970436096 0.526000022888184 0.470999985933304 0.568000018596649 0.551999986171722 0.535000026226044 0.800000011920929 1.27799999713898 2.25399994850159 1.92900002002716 1.39499998092651 1.0460000038147 0.742999970912933 0.90200001001358 0.848999977111816 0.740000009536743 0.630999982357025 0.522000014781952 0.566999971866608 0.785000026226044 1.91299998760223 1.67799997329712 1.09300005435944 0.75900000333786 3.79999995231628 6.84100008010864 9.88300037384033 12.2119998931885 11.6230001449585 10.121000289917 7.11399984359741 4.10699987411499 1.10000002384186 13.5369997024536 17.9200000762939 10.8839998245239 3.39400005340576 10.2150001525879 8.92700004577637 7.63899993896484
1.54499995708466 1.27100002765656 1 0.815999984741211 1.62600004673004 0.898999989032745 0.425000011920929 0.370000004768372 0.400000005960464 0.382999986410141 0.642000019550323 1.02100002765656 1.40100002288818 1.77999997138977 2.15899991989136 1.84800004959106 1.27999997138977 1.00800001621246 0.735000014305115 0.848999977111816 0.787999987602234 0.679000020027161 0.569999992847443 0.551999986171722 0.611999988555908 0.643999993801117 0.63400000333786 0.882000029087067 0.550000011920929 1.79900002479553 4.96000003814697 7.69799995422363 10.7390003204346 13.7799997329712 13.1319999694824 10.125 7.75299978256226 10.1969995498657 16.5310001373291 26.0160007476807 23.5930004119873 15.0550003051758 6.98999977111816 12.621000289917 15.7609996795654 14.3179998397827
1.67900002002716 1.35800004005432 1.14100003242493 1.83299994468689 2.11800003051758 1.53299999237061 0.768999993801117 0.23199999332428 0.479000002145767 0.862999975681305 1.24199998378754 2.08400011062622 3.49900007247925 4.91499996185303 4.10599994659424 2.13599991798401 1.37399995326996 0.999000012874603 0.726999998092651 0.795000016689301 0.726000010967255 0.617999970912933 0.537999987602234 0.597000002861023 0.625 0.435999989509583 0.352999985218048 1.39100003242493 3.25 4.5149998664856 5.81599998474121 9.70199966430664 12.4549999237061 15.0679998397827 17.8470001220703 20.4829998016357 23.1200008392334 25.0139999389648 25.8129997253418 26.4529991149902 26.7450008392334 27.4659996032715 24.1720008850098 23.3680000305176 19.923999786377 14.6219997406006
2.2279999256134 1.55499994754791 1.33800005912781 1.52600002288818 1.82700002193451 1.84899997711182 1.29100000858307 0.741999983787537 2.15799999237061 3.57299995422363 4.98899984359741 6.40500020980835 7.82100009918213 7.14799976348877 5.17899990081787 3.20900011062622 1.56099998950958 0.99099999666214 0.718999981880188 0.741999983787537 0.665000021457672 0.555999994277954 0.582000017166138 0.605000019073486 0.416999995708466 1.07299995422363 2.55699992179871 3.12700009346008 4.03299999237061 6.48699998855591 8.49499988555908 9.86699962615967 13.7519998550415 15.4329996109009 16.3810005187988 22.011999130249 24.988000869751 26.67799949646 27.1259994506836 27.6140003204346 27.0419998168945 27.693000793457 27.9769992828369 25.3090000152588 19.1480007171631 14.2980003356934
6.09000015258789 5.00699996948242 3.92300009727478 3.28900003433228 2.62700009346008 3.59299993515015 4.4850001335144 5.18900012969971 6.47900009155273 7.89499998092651 9.31099987030029 10.7259998321533 10.1909999847412 8.2209997177124 6.25099992752075 4.28200006484985 2.31200003623962 1.08599996566772 0.711000025272369 0.689000010490417 0.603999972343445 0.568000018596649 0.586000025272369 0.397000014781952 1.79299998283386 3.27600002288818 4.83400011062622 4.86299991607666 5.76900005340576 6.67399978637695 8.96199989318848 11.7740001678467 13.9169998168945 15.5839996337891 15.8800001144409 23.0620002746582 28.0769996643066 28.9619998931885 29.0419998168945 28.4930000305176 29.2339992523193 30.1919994354248 29.2509994506836 24.2299995422363 16.1389999389648 14.9949998855591
9.95100021362305 8.86800003051758 7.78499984741211 8.20300006866455 7.56199979782104 7.88899993896484 9.0939998626709 9.82499980926514 10.8000001907349 12.2159996032715 13.6319999694824 13.2329998016357 11.2629995346069 9.29399967193604 7.32399988174438 5.35400009155273 3.38499999046326 1.41499996185303 0.702000021934509 0.635999977588654 0.552999973297119 0.566999971866608 1.02799999713898 2.51200008392334 3.99600005149841 5.48000001907349 7.03900003433228 6.59999990463257 7.50500011444092 8.41100025177002 9.31599998474121 11.4359998703003 14.2489995956421 15.2089996337891 18.6389999389648 23.4370002746582 27.988000869751 30.3430004119873 30.2479991912842 29.9939994812012 31.2360000610352 31.181999206543 29.8490009307861 28.5930004119873 17.9029998779297 14.8909997940063
13.8129997253418 12.7299995422363 12.5389995574951 13.1160001754761 12.6300001144409 12.1840000152588 13.414999961853 14.4340000152588 15.1219997406006 16.5370006561279 16.2749996185303 14.3050003051758 12.3360004425049 10.3660001754761 8.39700031280518 6.42700004577637 4.45699977874756 2.48799991607666 0.732999980449677 0.577000021934509 0.546999990940094 1.74800002574921 3.23200011253357 4.71600008010864 6.19899988174438 7.68300008773804 8.18400001525879 8.33600044250488 9.24100017547607 10.1470003128052 11.0520000457764 11.9580001831055 13.91100025177 13.9580001831055 21.0289993286133 25.2040004730225 28.8040008544922 30.5289993286133 31.1730003356934 31.2439994812012 31.7679996490479 31.6140003204346 31.2259998321533 28.7919998168945 22.0559997558594 17.3290004730225
16.943000793457 16.753999710083 17.5160007476807 18.0300006866455 17.6989994049072 16.4799995422363 17.6849994659424 19.0130004882812 19.5069999694824 19.3169994354248 17.3479995727539 15.3780002593994 13.4079999923706 11.4390001296997 9.46500015258789 7.46600008010864 5.46600008010864 3.36100006103516 1.03299999237061 0.439999997615814 2.46700000762939 3.95099997520447 5.43499994277954 6.91900014877319 8.40299987792969 9.90799999237061 9.32999992370605 10.0719995498657 10.9779996871948 11.8830003738403 12.7889995574951 13.6940002441406 12.2810001373291 14.375 23.6040000915527 25.4360008239746 26.7789993286133 29.746000289917 31.1770000457764 31.693000793457 31.7450008392334 31.867000579834 31.6110000610352 30.9099998474121 27.2399997711182 21.1189994812012
20.0499992370605 21.1420001983643 22.4939994812012 23.0510005950928 22.7679996490479 21.5410003662109 21.8540000915527 21.7490005493164 21.6240005493164 20.0830001831055 17.9529991149902 15.8219995498657 13.6920003890991 11.5609998703003 9.43099975585938 7.21000003814697 4.65299987792969 2.09699988365173 0.412999987602234 0.222000002861023 2.87800002098083 5.50699996948242 7.63899993896484 9.1230001449585 10.6059999465942 12.2720003128052 10.9029998779297 11.8090000152588 12.71399974823 13.2290000915527 11.4750003814697 9.7209997177124 9.42199993133545 14.3420000076294 20.9230003356934 25.4650001525879 25.4559993743896 27.57200050354 29.4780006408691 31.4400005340576 31.4160003662109 31.3449993133545 31.4950008392334 31.3659992218018 28.875 27.1070003509521
21.1509990692139 21.1019992828369 24.0879993438721 24.9850006103516 25.2800006866455 24.0249996185303 22.9720001220703 21.951000213623 21.3740005493164 19.761999130249 17.6310005187988 15.5010004043579 13.3699998855591 10.8299999237061 8.27400016784668 5.71700000762939 3.16100001335144 0.603999972343445 0.239999994635582 0.277999997138977 2.36100006103516 5.33300018310547 8.30599975585938 10.8769998550415 12.8100004196167 14.6350002288818 12.6389999389648 12.5509996414185 10.7969999313354 9.04199981689453 7.28800010681152 5.53399991989136 6.56400012969971 12.835000038147 16.6809997558594 24.5249996185303 25.5900001525879 26.3920001983643 29.0429992675781 30.9850006103516 31.2210006713867 31.1840000152588 31.2639999389648 31.0849990844727 30.1900005340576 28.3239994049072
23.3680000305176 24.4349994659424 24.9950008392334 25.1019992828369 26.0289993286133 25.507999420166 23.3700008392334 21.882999420166 21.1569995880127 19.4400005340576 17.0069999694824 14.451000213623 11.8940000534058 9.33800029754639 6.7810001373291 4.22499990463257 1.66799998283386 0.312999993562698 0.296999990940094 0.333999991416931 1.82400000095367 4.79699993133545 7.76900005340576 10.7410001754761 12.8179998397827 13.4259996414185 10.2489995956421 9.59899997711182 8.00800037384033 5.84999990463257 3.69099998474121 1.53299999237061 3.47300004959106 12.0150003433228 15.8500003814697 22.1539993286133 25.5209999084473 26.9740009307861 29.4459991455078 29.5669994354248 31.0699996948242 31.0960006713867 30.6979999542236 29.9409999847412 28.7999992370605 26.6019992828369
24.9360008239746 27.3479995727539 27.9160003662109 26.4930000305176 26.8349990844727 26.9689998626709 25.5109996795654 24.1490001678467 22.6599998474121 21.7670001983643 16.0559997558594 12.9580001831055 10.4020004272461 7.84499979019165 5.28900003433228 2.73200011253357 0.405000001192093 0.314999997615814 0.352999985218048 0.391000002622604 1.28799998760223 4.26000022888184 7.23199987411499 7.60400009155273 7.53999996185303 7.61700010299683 5.77899980545044 5.18699979782104 4.57999992370605 3.9300000667572 3.20799994468689 1.04999995231628 1.66700005531311 14.3360004425049 14.6099996566772 16.507999420166 24.4740009307861 24.4330005645752 25.1959991455078 26.8640003204346 28.6919994354248 28.9209995269775 29.3929996490479 27.3519992828369 25.2569999694824 23.5090007781982
