01_datasets/03_gis/02_asc_chm-r50m/BR221J.asc
NCOLS 200 
NROWS 200 
XLLCORNER 530457.5 
YLLCORNER 5295419 
CELLSIZE 0.5 
NODATA_value -3.4e+38 
[rows 180 to 199 of 200, columns 46 to 91 of 200]
30.806999206543 30.4500007629395 30.9549999237061 31.2600002288818 32.109001159668 33.5589981079102 33.5040016174316 33.3740005493164 32.625 31.9790000915527 31.007999420166 29.6599998474121 26.6389999389648 24.992000579834 24.7919998168945 24.4549999237061 23.4389991760254 26.5069999694824 28.375 29.8840007781982 28.9080009460449 25.6849994659424 21.488000869751 18.8540000915527 13.7379999160767 14.539999961853 26.6240005493164 31.8439998626709 32.617000579834 33.1720008850098 33.5419998168945 33.7330017089844 33.2569999694824 32.9230003356934 32.6949996948242 32.1469993591309 31.3509998321533 30.4580001831055 28.4379997253418 22.92799949646 20.3910007476807 20.5820007324219 21.3080005645752 21.9160003662109 23.0429992675781 23.7970008850098
31.5230007171631 31.2250003814697 31.7849998474121 31.8570003509521 33.6510009765625 34.3839988708496 34.1119995117188 33.826000213623 32.7220001220703 31.8770008087158 31.0330009460449 30.3659992218018 28.6389999389648 24.7439994812012 24.5380001068115 24.6450004577637 25.0009994506836 26.9120006561279 27.9260005950928 28.3540000915527 27.8330001831055 25.6700000762939 21.2180004119873 21.3010005950928 20.1650009155273 17.636999130249 23.8269996643066 30.0179996490479 32.4459991455078 32.7550010681152 33.0390014648438 33.1800003051758 32.9939994812012 32.640998840332 32.2389984130859 31.9169998168945 31.503999710083 29.9449996948242 27.5739994049072 20.6949996948242 20.1949996948242 20.3570003509521 20.363000869751 21.0279998779297 22.5510005950928 23.3980007171631
31.4489994049072 31.6030006408691 32.0379981994629 32.0410003662109 34.1020011901855 34.7070007324219 34.859001159668 34.0069999694824 32.9830017089844 31.7140007019043 31.1650009155273 30.3309993743896 29.3099994659424 27.8250007629395 25.4559993743896 24.7210006713867 25.7749996185303 27.4780006408691 28.0259990692139 29.2320003509521 30.1959991455078 26.121000289917 20.2299995422363 26.6149997711182 22.3400001525879 13.3290004730225 13.0979995727539 18.2569999694824 31.8159999847412 32.1279983520508 32.6319999694824 32.6339988708496 32.4550018310547 32.0449981689453 31.7199993133545 31.7919998168945 31.1730003356934 28.7369995117188 25.0440006256104 20.0709991455078 20.4780006408691 20.6270008087158 20.7269992828369 20.9780006408691 21.8299999237061 22.6620006561279
31.7530002593994 32.0670013427734 32.2410011291504 31.9139995574951 33.4379997253418 34.6020011901855 34.7840003967285 34.0480003356934 33.7080001831055 32.382999420166 31.5830001831055 30.9330005645752 30.2390003204346 29.4340000152588 27.5799999237061 26.6959991455078 27.1219997406006 27.7549991607666 29.1280002593994 30.1700000762939 30.3330001831055 26.7940006256104 24.4200000762939 29.2910003662109 21.3449993133545 10.8739995956421 10.6440000534058 11.4919996261597 20.9389991760254 31.4659996032715 30.742000579834 32.0540008544922 31.7310009002686 31.3199996948242 31.1079998016357 31.2080001831055 26.8150005340576 25.871000289917 23.8920001983643 20.863000869751 20.9899997711182 21.2670001983643 21.5219993591309 21.8530006408691 21.3470001220703 21.3990001678467
-3.4e+38 32.2270011901855 32.8479995727539 32.7140007019043 33.3050003051758 33.7550010681152 33.8190002441406 33.4970016479492 33.4469985961914 32.5999984741211 31.5389995574951 30.9179992675781 30.8309993743896 30.2940006256104 30.2450008392334 27.5380001068115 27.2730007171631 27.8470001220703 29.3649997711182 30.4570007324219 29.8320007324219 29.2049999237061 29.3959999084473 30.257999420166 26.4150009155273 22.9270000457764 24.3810005187988 25.1319999694824 30.6550006866455 30.5939998626709 28.7259998321533 29.7339992523193 30.5610008239746 30.693000793457 30.3840007781982 27.8780002593994 24.8509998321533 23.8560009002686 23.6350002288818 21.2250003814697 21.1830005645752 21.4220008850098 22.2329998016357 22.57200050354 22.1949996948242 22.4360008239746
-3.4e+38 -3.4e+38 -3.4e+38 32.0400009155273 31.9169998168945 32.4300003051758 32.7970008850098 32.3219985961914 32.257999420166 31.9370002746582 31.2129993438721 30.9610004425049 30.882999420166 30.2849998474121 29.488000869751 25.8530006408691 27.9729995727539 29.7590007781982 30.5820007324219 31.0610008239746 30.5020008087158 31.1340007781982 31.7490005493164 32.2760009765625 31.94700050354 30.3419990539551 32.1940002441406 31.7810001373291 29.67799949646 29.1569995880127 28.0790004730225 29.4150009155273 29.5389995574951 29.4379997253418 28.1599998474121 23.7560005187988 23.1730003356934 21.761999130249 20.753999710083 21.503999710083 21.4939994812012 20.3449993133545 22.7189998626709 23.261999130249 23.2329998016357 23.3950004577637
-3.4e+38 -3.4e+38 -3.4e+38 -3.4e+38 -3.4e+38 31.3519992828369 32.0429992675781 31.798999786377 31.7189998626709 31.5960006713867 30.7880001068115 30.5900001525879 30.5370006561279 29.6800003051758 28.1019992828369 25.8500003814697 28.6319999694824 31.8430004119873 32.439998626709 33.0229988098145 32.1199989318848 31.7310009002686 32.9539985656738 33.8170013427734 34.7290000915527 34.5989990234375 34.1720008850098 34.023998260498 32.5709991455078 32.3419990539551 31.2759990692139 26.3080005645752 26.5 27.4409999847412 25.2199993133545 24.3850002288818 25.2600002288818 22.8899993896484 22.7329998016357 23.0939998626709 23.1450004577637 22.1119995117188 23.0200004577637 23.5949993133545 23.6870002746582 23.6019992828369
-3.4e+38 -3.4e+38 -3.4e+38 -3.4e+38 -3.4e+38 -3.4e+38 -3.4e+38 30.7369995117188 30.5580005645752 29.6709995269775 29.6200008392334 30.0049991607666 29.4169998168945 29.011999130249 29.0470008850098 29.117000579834 29.5459995269775 31.3819999694824 32.7430000305176 33.3219985961914 33.6240005493164 33.5830001831055 33.4300003051758 33.992000579834 35.1759986877441 35.423999786377 35.6590003967285 35.4059982299805 34.5509986877441 34.4199981689453 32.1539993286133 27.5809993743896 23.4389991760254 26.4220008850098 27.6560001373291 30.306999206543 29.1380004882812 25.1240005493164 24.7730007171631 23.9409999847412 23.42799949646 21.5869998931885 22.2670001983643 22.8610000610352 23.0429992675781 22.6420001983643
-3.4e+38 -3.4e+38 -3.4e+38 -3.4e+38 -3.4e+38 -3.4e+38 -3.4e+38 -3.4e+38 -3.4e+38 29.2099990844727 28.636999130249 29.4050006866455 28.9629993438721 27.1879997253418 29.4150009155273 29.5799999237061 30.7290000915527 31.5799999237061 33.0629997253418 34.0530014038086 34.0979995727539 33.8129997253418 33.5349998474121 34.2190017700195 35.1290016174316 35.7459983825684 36.0660018920898 36.484001159668 36.1049995422363 34.9650001525879 31.9699993133545 27.2840003967285 27.4020004272461 27.7649993896484 29.9009990692139 31.818000793457 32.390998840332 29.5790004730225 26.8740005493164 23.1119995117188 22.306999206543 21.0130004882812 21.25 22.8360004425049 22.6849994659424 22.6870002746582
-3.4e+38 -3.4e+38 -3.4e+38 -3.4e+38 -3.4e+38 -3.4e+38 -3.4e+38 -3.4e+38 -3.4e+38 -3.4e+38 -3.4e+38 28.5659999847412 28.7549991607666 27.3799991607666 28.1480007171631 30.3330001831055 31.0330009460449 32.2159996032715 33.3279991149902 34.6389999389648 35.0629997253418 34.9199981689453 35.1370010375977 35.8209991455078 36.4620018005371 36.7229995727539 36.8409996032715 36.6559982299805 35.8779983520508 35.5190010070801 33.1829986572266 27.9790000915527 27.9629993438721 27.9850006103516 32.0149993896484 34.3650016784668 33.2750015258789 32.9679985046387 28.1469993591309 22.0240001678467 20.8460006713867 20.3150005340576 22.1949996948242 23.3579998016357 23.636999130249 24.2240009307861
-3.4e+38 -3.4e+38 -3.4e+38 -3.4e+38 -3.4e+38 -3.4e+38 -3.4e+38 -3.4e+38 -3.4e+38 -3.4e+38 -3.4e+38 -3.4e+38 -3.4e+38 29.7430000305176 28.0709991455078 29.6940002441406 31.0750007629395 32.507999420166 33.931999206543 33.8860015869141 34.2719993591309 34.8409996032715 35.8330001831055 36.4589996337891 36.773998260498 37.1580009460449 37.2470016479492 36.6180000305176 35.943000793457 35.3409996032715 33.8120002746582 31.2770004272461 31.261999130249 33.1769981384277 35.5110015869141 35.2099990844727 33.3400001525879 32.7760009765625 28.0270004272461 22.4759998321533 20.6840000152588 22.238000869751 23.5750007629395 23.3490009307861 26.0389995574951 30.2040004730225
-3.4e+38 -3.4e+38 -3.4e+38 -3.4e+38 -3.4e+38 -3.4e+38 -3.4e+38 -3.4e+38 -3.4e+38 -3.4e+38 -3.4e+38 -3.4e+38 -3.4e+38 -3.4e+38 -3.4e+38 30.9200000762939 31.0970001220703 33.2150001525879 33.851001739502 33.7910003662109 34.1399993896484 34.7910003662109 35.8349990844727 36.7019996643066 37.1619987487793 37.8429985046387 37.4529991149902 36.8540000915527 36.1230010986328 35.8219985961914 34.9529991149902 34.0060005187988 35.068000793457 34.7290000915527 35.3170013427734 34.4529991149902 33.6660003662109 33.1800003051758 31.67799949646 25.7080001831055 23.3299999237061 23.6259994506836 24.6060009002686 26.9810009002686 31.5919990539551 34.7169990539551
-3.4e+38 -3.4e+38 -3.4e+38 -3.4e+38 -3.4e+38 -3.4e+38 -3.4e+38 -3.4e+38 -3.4e+38 -3.4e+38 -3.4e+38 -3.4e+38 -3.4e+38 -3.4e+38 -3.4e+38 -3.4e+38 -3.4e+38 33.0390014648438 33.5219993591309 33.7900009155273 33.9059982299805 35.181999206543 35.8610000610352 36.7120018005371 37.6440010070801 38.1969985961914 37.6710014343262 37.2089996337891 36.5130004882812 35.9830017089844 35.2239990234375 35.0019989013672 32.6879997253418 32.0229988098145 31.4580001831055 30.451000213623 31.9780006408691 33.1240005493164 32.1110000610352 26.7220001220703 24.5 24.0170001983643 27.4200000762939 32.1510009765625 33.7190017700195 34.9459991455078
-3.4e+38 -3.4e+38 -3.4e+38 -3.4e+38 -3.4e+38 -3.4e+38 -3.4e+38 -3.4e+38 -3.4e+38 -3.4e+38 -3.4e+38 -3.4e+38 -3.4e+38 -3.4e+38 -3.4e+38 -3.4e+38 -3.4e+38 -3.4e+38 -3.4e+38 33.6860008239746 33.9269981384277 35.4879989624023 36.0270004272461 37.060001373291 37.4939994812012 37.7169990539551 37.2509994506836 37.0449981689453 36.5989990234375 35.7589988708496 34.9249992370605 32.6360015869141 28.1270008087158 28.363000869751 29.4029998779297 29.0289993286133 31.4029998779297 32.4099998474121 29.0629997253418 24.0739994049072 26.5849990844727 26.7479991912842 31.6749992370605 35.4519996643066 36.0400009155273 36.060001373291
-3.4e+38 -3.4e+38 -3.4e+38 -3.4e+38 -3.4e+38 -3.4e+38 -3.4e+38 -3.4e+38 -3.4e+38 -3.4e+38 -3.4e+38 -3.4e+38 -3.4e+38 -3.4e+38 -3.4e+38 -3.4e+38 -3.4e+38 -3.4e+38 -3.4e+38 -3.4e+38 -3.4e+38 34.6710014343262 35.4860000610352 36.4109992980957 36.9970016479492 37.1030006408691 36.7690010070801 36.7120018005371 36.0940017700195 35.3950004577637 34.6990013122559 33.4440002441406 29.7530002593994 29.8700008392334 29.8570003509521 29.3419990539551 30.9969997406006 32.3059997558594 28.4179992675781 24.6840000152588 27.8449993133545 30.6830005645752 35.5639991760254 36.5279998779297 37.1769981384277 37.3009986877441
-3.4e+38 -3.4e+38 -3.4e+38 -3.4e+38 -3.4e+38 -3.4e+38 -3.4e+38 -3.4e+38 -3.4e+38 -3.4e+38 -3.4e+38 -3.4e+38 -3.4e+38 -3.4e+38 -3.4e+38 -3.4e+38 -3.4e+38 -3.4e+38 -3.4e+38 -3.4e+38 -3.4e+38 -3.4e+38 -3.4e+38 -3.4e+38 36.3530006408691 36.5960006713867 36.375 36.2130012512207 35.3800010681152 34.5929985046387 34.0110015869141 33.148998260498 31.132999420166 28.1900005340576 28.6900005340576 28.1219997406006 27.4360008239746 29.9689998626709 24.7980003356934 24.1270008087158 28.136999130249 30.9780006408691 34.5449981689453 37.0730018615723 37.8059997558594 38.1920013427734
-3.4e+38 -3.4e+38 -3.4e+38 -3.4e+38 -3.4e+38 -3.4e+38 -3.4e+38 -3.4e+38 -3.4e+38 -3.4e+38 -3.4e+38 -3.4e+38 -3.4e+38 -3.4e+38 -3.4e+38 -3.4e+38 -3.4e+38 -3.4e+38 -3.4e+38 -3.4e+38 -3.4e+38 -3.4e+38 -3.4e+38 -3.4e+38 -3.4e+38 -3.4e+38 -3.4e+38 -3.4e+38 -3.4e+38 35.4029998779297 31.6149997711182 31.6550006866455 31.3980007171631 24.8199996948242 26.6660003662109 25.6620006561279 23.6690006256104 24.1480007171631 27.6800003051758 29.6420001983643 29.9669990539551 33.2210006713867 35.515998840332 36.8730010986328 37.4809989929199 38.1720008850098
-3.4e+38 -3.4e+38 -3.4e+38 -3.4e+38 -3.4e+38 -3.4e+38 -3.4e+38 -3.4e+38 -3.4e+38 -3.4e+38 -3.4e+38 -3.4e+38 -3.4e+38 -3.4e+38 -3.4e+38 -3.4e+38 -3.4e+38 -3.4e+38 -3.4e+38 -3.4e+38 -3.4e+38 -3.4e+38 -3.4e+38 -3.4e+38 -3.4e+38 -3.4e+38 -3.4e+38 -3.4e+38 -3.4e+38 -3.4e+38 -3.4e+38 -3.4e+38 -3.4e+38 -3.4e+38 -3.4e+38 -3.4e+38 34.3219985961914 31.8390007019043 31.6429996490479 31.6189994812012 31.5209999084473 32.306999206543 34.3230018615723 36.0709991455078 37.3370018005371 37.8450012207031
-3.4e+38 -3.4e+38 -3.4e+38 -3.4e+38 -3.4e+38 -3.4e+38 -3.4e+38 -3.4e+38 -3.4e+38 -3.4e+38 -3.4e+38 -3.4e+38 -3.4e+38 -3.4e+38 -3.4e+38 -3.4e+38 -3.4e+38 -3.4e+38 -3.4e+38 -3.4e+38 -3.4e+38 -3.4e+38 -3.4e+38 -3.4e+38 -3.4e+38 -3.4e+38 -3.4e+38 -3.4e+38 -3.4e+38 -3.4e+38 -3.4e+38 -3.4e+38 -3.4e+38 -3.4e+38 -3.4e+38 -3.4e+38 -3.4e+38 -3.4e+38 -3.4e+38 -3.4e+38 -3.4e+38 -3.4e+38 -3.4e+38 34.7120018005371 37.064998626709 38.7319984436035
-3.4e+38 -3.4e+38 -3.4e+38 -3.4e+38 -3.4e+38 -3.4e+38 -3.4e+38 -3.4e+38 -3.4e+38 -3.4e+38 -3.4e+38 -3.4e+38 -3.4e+38 -3.4e+38 -3.4e+38 -3.4e+38 -3.4e+38 -3.4e+38 -3.4e+38 -3.4e+38 -3.4e+38 -3.4e+38 -3.4e+38 -3.4e+38 -3.4e+38 -3.4e+38 -3.4e+38 -3.4e+38 -3.4e+38 -3.4e+38 -3.4e+38 -3.4e+38 -3.4e+38 -3.4e+38 -3.4e+38 -3.4e+38 -3.4e+38 -3.4e+38 -3.4e+38 -3.4e+38 -3.4e+38 -3.4e+38 -3.4e+38 -3.4e+38 -3.4e+38 -3.4e+38
