01_datasets/03_gis/02_asc_chm-r50m/BR22X2.asc
NCOLS 200 
NROWS 200 
XLLCORNER 533416 
YLLCORNER 5281591 
CELLSIZE 0.5 
NODATA_value -3.4e+38 
[rows 40 to 59 of 200, columns 138 to 183 of 200]
29.7469997406006 12.2760000228882 8.03899955749512 6.28800010681152 5.5770001411438 3.94199991226196 4.91599988937378 7.3600001335144 8.1899995803833 9.2810001373291 18.4130001068115 24.4109992980957 23.8939990997314 19.1650009155273 21.5100002288818 18.9109992980957 14.2650003433228 12.793999671936 10.4820003509521 11.1470003128052 25.4759998321533 25.6849994659424 25.6550006866455 25.8199996948242 21.8159999847412 17.3110008239746 12.4589996337891 10.1870002746582 10.8699998855591 29.9650001525879 30.1630001068115 32.7680015563965 33.3190002441406 37.8079986572266 39.6920013427734 40.1870002746582 40.8940010070801 42.2200012207031 43.4830017089844 44.0940017700195 44.2760009765625 44.3559989929199 44.0349998474121 -3.4e+38 -3.4e+38 -3.4e+38
29.2689990997314 26.7049999237061 6.75 8.60700035095215 4.74399995803833 5.57200002670288 6.75799989700317 7.21199989318848 8.44200038909912 18.0069999694824 25.4050006866455 26.1000003814697 25.1119995117188 23.6580009460449 21.9190006256104 22.5049991607666 23.1000003814697 22.3400001525879 19.2870006561279 16.9640007019043 23.7870006561279 24.4810009002686 25.4419994354248 24.257999420166 14.2799997329712 13.4849996566772 11.8039999008179 10.8020000457764 9.2180004119873 19.4659996032715 29.7530002593994 33.3160018920898 33.9080009460449 36.185001373291 38.5130004882812 39.6209983825684 39.7999992370605 41.5309982299805 43.4099998474121 43.318000793457 43.5870018005371 43.7159996032715 43.7719993591309 -3.4e+38 -3.4e+38 -3.4e+38
30.0200004577637 27.746000289917 27.3099994659424 22.7339992523193 10.0100002288818 6.52199983596802 6.97800016403198 8.05500030517578 9.20400047302246 19.2399997711182 25.8939990997314 26.9109992980957 28.4930000305176 29.0849990844727 27.5410003662109 27.8729991912842 27.0429992675781 26.5580005645752 25.3470001220703 23.3540000915527 23.2730007171631 21.4950008392334 24.3309993743896 23.5349998474121 14.1929998397827 12.7510004043579 11.2869997024536 11.2279996871948 11.0170001983643 9.65799999237061 10.6420001983643 28.0970001220703 33.390998840332 34.0620002746582 36.8689994812012 38.6139984130859 38.1949996948242 40.2159996032715 42.2459983825684 42.8059997558594 42.3889999389648 43.4879989624023 43.476001739502 44.2290000915527 -3.4e+38 -3.4e+38
29.9080009460449 28.2940006256104 27.6590003967285 27.2129993438721 6.68900012969971 6.63600015640259 7.24599981307983 8.50100040435791 15.3210000991821 22.7439994812012 26.3379993438721 29.0279998779297 29.6700000762939 29.7320003509521 30.3430004119873 31.7940006256104 30.0879993438721 28.6669998168945 27.6529998779297 27.4150009155273 26.3110008239746 23.8360004425049 21.4979991912842 20.625 14.960000038147 15.3360004425049 14.1450004577637 12.3369998931885 11.2670001983643 9.95100021362305 9.40100002288818 14.8620004653931 33.3400001525879 33.9949989318848 35.9379997253418 38.226001739502 38.7540016174316 40.2270011901855 41.2239990234375 42.4679985046387 41.6020011901855 41.601001739502 43.0730018615723 43.7900009155273 43.7970008850098 -3.4e+38
27.6119995117188 26.2080001831055 25.632999420166 20.6280002593994 8.17399978637695 7.09700012207031 8.83300018310547 10.9099998474121 19.9969997406006 26.3110008239746 29.503999710083 30.8309993743896 31.0860004425049 30.261999130249 31.0659999847412 32.4710006713867 33.0250015258789 31.1180000305176 29.4160003662109 29.0979995727539 27.4589996337891 25.8010005950928 19.9850006103516 19.2679996490479 15.9440002441406 16.1189994812012 16.1630001068115 14.3240003585815 8.08500003814697 7.00500011444092 11.8850002288818 15.8009996414185 31.1119995117188 31.7749996185303 34.9339981079102 37.4580001831055 38.5779991149902 39.2929992675781 40.273998260498 41.9000015258789 42.7939987182617 42.6469993591309 42.1500015258789 42.3899993896484 43.3120002746582 -3.4e+38
25.6140003204346 23.761999130249 17.7399997711182 12.1339998245239 8.91300010681152 11.6269998550415 18.0919990539551 23.8530006408691 28.048999786377 29.0450000762939 31.2980003356934 32.3380012512207 32.4099998474121 32.8489990234375 33.8759994506836 34.5880012512207 34.0110015869141 33.4809989929199 31.8570003509521 30.6989994049072 29.0069999694824 26.5259990692139 24.0300006866455 19.0820007324219 16.5170001983643 16.8050003051758 16.0160007476807 12.53600025177 4.5019998550415 5.65299987792969 15.0500001907349 24.113000869751 27.5459995269775 27.6620006561279 32.7729988098145 36.8170013427734 38.9729995727539 40.132999420166 43.2109985351562 43.8779983520508 43.6910018920898 43.2280006408691 41.7319984436035 41.7719993591309 42.7830009460449 42.7309989929199
24.9810009002686 19.8610000610352 9.72799968719482 8.77099990844727 9.06099987030029 11.5319995880127 19.6730003356934 24 26.3810005187988 28.5939998626709 31.2880001068115 32.9790000915527 33.5369987487793 34.298999786377 35.5369987487793 35.3019981384277 35.3190002441406 35.1119995117188 33.5970001220703 32.0460014343262 30.7959995269775 28.4479999542236 26.0330009460449 25.5669994354248 17.7199993133545 16.3920001983643 15.4580001831055 12.4750003814697 6.09299993515015 2.86400008201599 8.50500011444092 18.8419990539551 25.0960006713867 27.1889991760254 29.8689994812012 35.0289993286133 39.8730010986328 42.2900009155273 44.5429992675781 45.0320014953613 44.9539985656738 44.6980018615723 42.4070014953613 42.1139984130859 42.4850006103516 40.1160011291504
29.2549991607666 12.753999710083 8.60700035095215 8.91300010681152 9.06999969482422 13.4879999160767 21.556999206543 22.80299949646 26.2940006256104 28.6940002441406 29.9580001831055 32.898998260498 34.7840003967285 35.7929992675781 36.3450012207031 36.3139991760254 36.0260009765625 35.1370010375977 34.6020011901855 32.023998260498 31.4220008850098 28.0090007781982 23.7800006866455 20.4440002441406 19.1590003967285 15.5459995269775 14.9270000457764 13.0139999389648 8.18000030517578 4.03299999237061 3.03800010681152 9.56900024414062 19.8400001525879 24.8330001831055 32.4199981689453 40.7319984436035 43.0429992675781 44.1949996948242 45.0769996643066 45.6949996948242 46.2379989624023 46.0789985656738 44.5709991455078 42.5629997253418 42.8139991760254 41.1640014648438
30.4200000762939 18.2450008392334 11.0349998474121 8.92199993133545 9.36800003051758 16.992000579834 24.6989994049072 27.8120002746582 28.1240005493164 28.1940002441406 29.1720008850098 32.0429992675781 35.0779991149902 35.9519996643066 36.5130004882812 36.798999786377 36.5390014648438 35.3930015563965 33.6040000915527 31.201000213623 29.1700000762939 27.07200050354 23.2299995422363 19.4309997558594 15.5369997024536 14.7080001831055 14.3529996871948 15.3839998245239 11.3420000076294 6.82399988174438 3.50099992752075 21.4979991912842 27.3490009307861 30.8209991455078 40.2490005493164 41.9939994812012 43.6959991455078 45.2929992675781 46.0260009765625 46.3919982910156 46.9070014953613 46.5429992675781 46.2159996032715 44.4799995422363 44.2459983825684 42.9500007629395
29.1310005187988 22.1420001983643 13.2469997406006 8.68400001525879 8.98499965667725 11.3819999694824 24.6599998474121 27.2280006408691 27.3959999084473 29.2129993438721 30.82200050354 32.1920013427734 34.8129997253418 35.9389991760254 36.2039985656738 36.4010009765625 36.0060005187988 35.6590003967285 34.7789993286133 32.2290000915527 29.4790000915527 27.6229991912842 27.0130004882812 25.431999206543 15.5930004119873 15.5699996948242 16.0139999389648 16.9169998168945 16.3719997406006 12.4720001220703 8.16600036621094 28.7469997406006 28.875 33.6780014038086 40.6209983825684 44.1679992675781 45.7000007629395 46.3950004577637 46.7830009460449 47.2630004882812 47.7239990234375 47.4070014953613 47.1829986572266 46.4249992370605 45.1030006408691 44.1180000305176
29.3680000305176 24.2509994506836 19.0470008850098 13.0930004119873 14.1809997558594 9.24899959564209 15.1680002212524 22.9409999847412 28.2110004425049 30.4290008544922 31.9820003509521 33.5849990844727 34.6189994812012 35.3289985656738 35.3919982910156 35.3779983520508 35.298999786377 35.0110015869141 33.9150009155273 32.0419998168945 29.871000289917 28.8199996948242 29.7210006713867 29.9150009155273 18.5279998779297 23.0709991455078 24.011999130249 19.9379997253418 16.80299949646 15.5109996795654 15.3690004348755 28.4619998931885 29.636999130249 30.0279998779297 37.4389991760254 43.9199981689453 45.6720008850098 46.8429985046387 47.6539993286133 48.3409996032715 48.6710014343262 48.3450012207031 48.0849990844727 46.9749984741211 45.3810005187988 45.0449981689453
30.0109996795654 24.5319995880127 23.0109996795654 10.4180002212524 21.7110004425049 22.8500003814697 12.2530002593994 19.7110004425049 26.5090007781982 30.193000793457 31.2670001983643 31.6100006103516 32.568000793457 34.1430015563965 34.1629981994629 34.0260009765625 33.9500007629395 33.7809982299805 33.1349983215332 30.9370002746582 31.121000289917 32.2239990234375 33.0589981079102 31.632999420166 28.253999710083 26.8229999542236 27.1809997558594 23.9930000305176 19.4209995269775 16.628999710083 15.5640001296997 21.9479999542236 30.1049995422363 37.1570014953613 38.6030006408691 44.6110000610352 45.6870002746582 46.7000007629395 47.851001739502 49.0960006713867 49.6150016784668 49.2649993896484 49.3790016174316 48.3440017700195 46.3860015869141 45.5099983215332
26.7080001831055 24.2840003967285 24.3619995117188 21.8799991607666 26.3649997711182 26.5400009155273 22.3439998626709 24.2189998626709 28.9440002441406 28.7689990997314 29.4580001831055 30.1560001373291 31.4969997406006 33.2400016784668 33.4970016479492 32.8950004577637 32.8120002746582 32.7639999389648 31.4710006713867 32.3600006103516 34.068000793457 34.3300018310547 36.2910003662109 37.1879997253418 36.0740013122559 29.6560001373291 29.0219993591309 26.2430000305176 21.82200050354 18.753999710083 16.3199996948242 25.8349990844727 31.378999710083 33.6479988098145 39.0789985656738 45.0610008239746 45.5670013427734 46.5999984741211 48.3209991455078 49.492000579834 49.923999786377 49.8470001220703 49.306999206543 48.0250015258789 46.8860015869141 46.0480003356934
29.8290004730225 30.3540000915527 30.3659992218018 30.4020004272461 30.0429992675781 28.1979999542236 26.8929996490479 27.1389999389648 28.4799995422363 27.7870006561279 28.2479991912842 30.0939998626709 30.5520000457764 32.2599983215332 32.6300010681152 31.5919990539551 31.6650009155273 32.3899993896484 33.132999420166 34.3059997558594 36.4879989624023 37.1559982299805 37.3689994812012 39.0890007019043 39.5929985046387 35.2449989318848 32.7900009155273 28.1439990997314 25.5909996032715 22.4449996948242 20.0459995269775 27.6539993286133 32.6570014953613 35.3549995422363 41.5530014038086 44.2130012512207 45.1469993591309 46.8969993591309 48.1380004882812 48.742000579834 49.5149993896484 49.4850006103516 48.9259986877441 48.4070014953613 46.923999786377 45.9169998168945
32.3580017089844 34.8030014038086 34.3009986877441 32.9280014038086 34.1969985961914 33.6730003356934 33.2309989929199 31.121000289917 28.2409992218018 27.5550003051758 27.5279998779297 29.4090003967285 29.7970008850098 29.7719993591309 29.8159999847412 29.8740005493164 30.451000213623 31.9160003662109 33.8860015869141 35.8819999694824 38.5130004882812 40.6069984436035 41.6959991455078 40.8079986572266 40.9080009460449 39.1809997558594 36.8860015869141 31.0790004730225 29.007999420166 27.621000289917 29.0209999084473 28.9839992523193 32.6619987487793 36.9039993286133 41.0139999389648 44.2159996032715 44.6160011291504 46.0270004272461 46.9459991455078 47.6959991455078 48.3779983520508 48.5789985656738 48.0550003051758 47.2849998474121 46.2519989013672 44.1139984130859
35.6160011291504 37.060001373291 37.4049987792969 36.0740013122559 36.4850006103516 35.976001739502 34.9189987182617 32.0369987487793 29.2569999694824 28.738000869751 27.2959995269775 25.2819995880127 26.6560001373291 28.7450008392334 28.242000579834 27.6620006561279 31.2049999237061 32.6829986572266 36.1650009155273 39.556999206543 41.4669990539551 41.9300003051758 42.564998626709 42.6440010070801 42.6380004882812 40.9259986877441 35.7309989929199 33.6679992675781 29.82200050354 25.6049995422363 22.2339992523193 21.7450008392334 29.3880004882812 34.7000007629395 39.2470016479492 43.4370002746582 44.3450012207031 45.423999786377 46.5929985046387 46.9150009155273 46.9329986572266 46.9099998474121 46.6240005493164 46.1500015258789 45.931999206543 43.5149993896484
36.189998626709 37.2410011291504 38.1030006408691 39.0919990539551 38.3059997558594 35.5499992370605 34.9300003051758 34.6119995117188 33.4609985351562 31.8619995117188 27.7870006561279 23.8279991149902 19.2719993591309 23.0470008850098 26.2409992218018 26.2870006561279 30.2469997406006 33.9570007324219 38.3120002746582 38.640998840332 41.0750007629395 42.6959991455078 43.5789985656738 43.5950012207031 43.0750007629395 41.5260009765625 40.9500007629395 35.9469985961914 29.2259998321533 24.4629993438721 20.6140003204346 17.0450000762939 25.2320003509521 37.0709991455078 40.0890007019043 43.1920013427734 44.3870010375977 44.6580009460449 45.7859992980957 45.8230018615723 45.6839981079102 46.1500015258789 45.9029998779297 45.2249984741211 44.523998260498 43.4700012207031
37.2719993591309 38.1990013122559 39.3139991760254 39.423999786377 39.0390014648438 37.9869995117188 37.0130004882812 35.7179985046387 34.8440017700195 31.3549995422363 23.2980003356934 15.9490003585815 7.75799989700317 16.0470008850098 19.7129993438721 24.6299991607666 28.951000213623 31.9850006103516 36.2039985656738 40.1980018615723 41.8219985961914 43.3629989624023 44.1259994506836 44.234001159668 43.9169998168945 42.6800003051758 41.5779991149902 36.1419982910156 31.0620002746582 27.7819995880127 17.4640007019043 13.8439998626709 21.4230003356934 35.6720008850098 40.5999984741211 42.9939994812012 43.048999786377 44.1450004577637 44.2700004577637 43.8870010375977 43.8019981384277 44.1399993896484 44.6660003662109 44.398998260498 42.4490013122559 40.9690017700195
40.1990013122559 40.0970001220703 41.1459999084473 41.5940017700195 40.9160003662109 39.7999992370605 39.0289993286133 39.1599998474121 36.4609985351562 21.5440006256104 9.99600028991699 10.9469995498657 9.95899963378906 13.8059997558594 15.2530002593994 24.4200000762939 28.4990005493164 31.3659992218018 36.640998840332 40.8819999694824 41.8190002441406 42.9959983825684 44.0139999389648 43.9169998168945 43.3110008239746 41.9640007019043 40.5579986572266 38.4900016784668 31.1280002593994 14.581000328064 9.80900001525879 9.41899967193604 17.8129997253418 36.1080017089844 40.3839988708496 37.8530006408691 39.601001739502 41.9150009155273 43.181999206543 43.4570007324219 43.875 44.0060005187988 44.2550010681152 43.2430000305176 40.8310012817383 40.5099983215332
41.5970001220703 42.1689987182617 42.0219993591309 42.4290008544922 42.1279983520508 41.2200012207031 40.0460014343262 39.6679992675781 30.7740001678467 14.7709999084473 18.1909999847412 18.3229999542236 10.076000213623 11.8140001296997 14.2410001754761 20.0020008087158 27.4179992675781 30.4699993133545 38.9420013427734 40.4379997253418 42.1529998779297 42.9249992370605 43.2150001525879 42.6440010070801 42.0320014953613 41.8129997253418 40.4860000610352 36.4379997253418 27.1609992980957 17.503999710083 7.92600011825562 3.12899994850159 22.3619995117188 37.8689994812012 35.2999992370605 31.3250007629395 34.5890007019043 39.7859992980957 42.2379989624023 42.7589988708496 43.9459991455078 44.1949996948242 43.7999992370605 41.5029983520508 40.0970001220703 39.9690017700195
