01_datasets/03_gis/02_asc_chm-r50m/BR221J.asc
NCOLS 200 
NROWS 200 
XLLCORNER 530457.5 
YLLCORNER 5295419 
CELLSIZE 0.5 
NODATA_value -3.4e+38 
[rows 60 to 79 of 200, columns 0 to 45 of 200]
-3.4e+38 -3.4e+38 -3.4e+38 -3.4e+38 -3.4e+38 -3.4e+38 -3.4e+38 -3.4e+38 -3.4e+38 22.1690006256104 22.4349994659424 22.0650005340576 23.1690006256104 24.7029991149902 25.4029998779297 25.6480007171631 26.5219993591309 27.632999420166 28.6009998321533 29.2399997711182 28.8910007476807 26.8279991149902 24.7719993591309 21.6450004577637 22.4529991149902 24.3500003814697 17.9249992370605 12.7510004043579 12.3629999160767 10.1789999008179 10.0590000152588 14.298999786377 18.4230003356934 18.5389995574951 20.3250007629395 19.6700000762939 17.1229991912842 16.1889991760254 19.9479999542236 27.1870002746582 29.7830009460449 30.4009990692139 29.8939990997314 29.6219997406006 29.4810009002686 26.6679992675781
-3.4e+38 -3.4e+38 -3.4e+38 -3.4e+38 -3.4e+38 -3.4e+38 -3.4e+38 -3.4e+38 23.1159992218018 22.2049999237061 22.2150001525879 21.6529998779297 21.757999420166 22.5970001220703 23.5389995574951 25.378999710083 26.3129997253418 26.94700050354 27.5669994354248 28.2290000915527 27.3040008544922 26.4839992523193 25.9050006866455 22.1529998779297 20.2450008392334 19.5410003662109 17.3479995727539 13.8559999465942 14.0249996185303 13.0030002593994 13.9989995956421 16.9220008850098 17.4099998474121 17.2240009307861 16.9780006408691 16.9650001525879 15.9890003204346 14.7829999923706 16.943000793457 20.9619998931885 28.5179996490479 29.1049995422363 29.0650005340576 28.701000213623 26.7910003662109 24.0389995574951
-3.4e+38 -3.4e+38 -3.4e+38 -3.4e+38 -3.4e+38 -3.4e+38 -3.4e+38 -3.4e+38 23.3390007019043 23.5739994049072 23.2770004272461 22.0919990539551 22.257999420166 20.3360004425049 18.7399997711182 17.1959991455078 25.0510005950928 25.9109992980957 26.6200008392334 27.2800006866455 27.1840000152588 26.9950008392334 27.5060005187988 27.3129997253418 20.7439994812012 18.4160003662109 17.7590007781982 15.5830001831055 15.0229997634888 14.6070003509521 14.9409999847412 17.2360000610352 17.5729999542236 17.4249992370605 17.3600006103516 20.8050003051758 20.7259998321533 15.5469999313354 11.7950000762939 7.87099981307983 16.3729991912842 25.201000213623 27.8570003509521 27.5849990844727 25.0790004730225 20.4260005950928
-3.4e+38 -3.4e+38 -3.4e+38 -3.4e+38 -3.4e+38 -3.4e+38 -3.4e+38 28.931999206543 27.3150005340576 26.0860004425049 26.5149993896484 25.8680000305176 20.4300003051758 17.3810005187988 16.5990009307861 19.201000213623 21.636999130249 25.3239994049072 27.4080009460449 27.6580009460449 27.9220008850098 28.1529998779297 28.423999786377 27.8339996337891 23.0349998474121 20.4899997711182 19.6809997558594 18.7360000610352 16.9689998626709 16.0270004272461 16.2819995880127 18.1259994506836 18.5300006866455 17.8939990997314 19.0209999084473 24.201000213623 23.451000213623 21.2310009002686 13.4420003890991 3.88899993896484 9.73799991607666 20.0510005950928 20.4370002746582 20.7469997406006 20.4300003051758 13.7510004043579
-3.4e+38 -3.4e+38 -3.4e+38 -3.4e+38 -3.4e+38 -3.4e+38 -3.4e+38 31.3560009002686 31.1599998474121 30.4680004119873 28.8430004119873 28.2390003204346 22.9009990692139 22.2520008087158 18.2049999237061 20.3010005950928 22.048999786377 26.2269992828369 27.9440002441406 28.30299949646 28.9710006713867 29.056999206543 28.882999420166 26.9290008544922 23.173999786377 21.7490005493164 20.2600002288818 19.5109996795654 17.6310005187988 17.3250007629395 16.7639999389648 17.7530002593994 17.9669990539551 22.32200050354 25.431999206543 25.4130001068115 24.3379993438721 24.4500007629395 22.1359996795654 6.19099998474121 15.6459999084473 22.121000289917 11.6929998397827 7.64200019836426 4.94999980926514 8.5959997177124
-3.4e+38 -3.4e+38 -3.4e+38 -3.4e+38 -3.4e+38 -3.4e+38 31.6000003814697 32.6839981079102 32.4309997558594 32.0149993896484 30.8400001525879 29.5820007324219 27.0349998474121 22.42799949646 23.378999710083 21.9080009460449 24.4540004730225 27.568000793457 28.2169990539551 28.931999206543 29.4950008392334 29.4440002441406 29.0249996185303 28.9759998321533 27.9150009155273 25.1270008087158 21.173999786377 20.4440002441406 17.4139995574951 16.7450008392334 15.9420003890991 17.3290004730225 17.5200004577637 23.2709999084473 26.0799999237061 26.5319995880127 26.0419998168945 25.3269996643066 26.2789993286133 24.9379997253418 22.3400001525879 20.8169994354248 16.4899997711182 7.11999988555908 5.9980001449585 5.34299993515015
-3.4e+38 -3.4e+38 -3.4e+38 -3.4e+38 -3.4e+38 -3.4e+38 32.1539993286133 33.1080017089844 33.125 32.0449981689453 31.19700050354 30.0340003967285 27.5249996185303 20.9120006561279 20.4419994354248 23.636999130249 24.2670001983643 26.5939998626709 28.3150005340576 29.3050003051758 29.8490009307861 30.0189990997314 29.5839996337891 29.3299999237061 28.7390003204346 27.613000869751 22.548999786377 21.121000289917 18.1399993896484 16.7530002593994 15.1230001449585 18.621000289917 22.0830001831055 24.7530002593994 26.4489994049072 27.0189990997314 27.011999130249 26.4200000762939 25.8560009002686 26.0149993896484 24.5769996643066 22.3330001831055 10.7469997406006 8.00899982452393 7.85099983215332 7.5460000038147
-3.4e+38 -3.4e+38 -3.4e+38 -3.4e+38 -3.4e+38 30.3110008239746 31.7409992218018 32.9220008850098 32.7879981994629 31.5419998168945 30.2740001678467 29.7129993438721 27.7070007324219 20.9799995422363 21.2059993743896 22.431999206543 23.8279991149902 25.7840003967285 28.3190002441406 29.6569995880127 30.3250007629395 30.5370006561279 30.0750007629395 29.511999130249 28.8519992828369 27.6919994354248 20.136999130249 19.117000579834 17.6749992370605 16.7450008392334 15.1000003814697 17.9440002441406 20.4440002441406 24.2299995422363 26.636999130249 27.8209991455078 28.1070003509521 27.6359996795654 26.7709999084473 26.30299949646 25.6450004577637 24.8759994506836 19.1009998321533 13.3219995498657 11.7299995422363 9.58800029754639
-3.4e+38 -3.4e+38 -3.4e+38 -3.4e+38 -3.4e+38 29.8479995727539 30.2059993743896 31.7759990692139 31.742000579834 30.7089996337891 28.4080009460449 27.6420001983643 22.9150009155273 21.4209995269775 20.9780006408691 21.8579998016357 24.2919998168945 26.7070007324219 28.5060005187988 29.3239994049072 30.2080001831055 30.3250007629395 30.0300006866455 29.1420001983643 28.2450008392334 26.806999206543 19.5659999847412 18.6550006866455 18.5809993743896 16.6690006256104 14.6709995269775 19.9150009155273 23.1219997406006 25.9160003662109 27.3099994659424 28.6070003509521 28.7220001220703 28.2789993286133 27.451000213623 27.0030002593994 26.1110000610352 25.1439990997314 18.3589992523193 13.6339998245239 12.6560001373291 10.2189998626709
-3.4e+38 -3.4e+38 -3.4e+38 -3.4e+38 27.2800006866455 29.19700050354 29.5809993743896 29.3899993896484 29.8080005645752 28.2719993591309 26.6909999847412 25.7770004272461 23.4570007324219 21.6669998168945 21.2350006103516 23.6469993591309 25.6790008544922 26.4640007019043 27.7590007781982 28.7959995269775 29.4160003662109 29.4689998626709 29.0149993896484 28.7140007019043 28.2150001525879 27.2520008087158 18.9370002746582 18.7199993133545 17.2970008850098 16.3330001831055 19.3939990997314 22.3279991149902 25.5949993133545 26.8449993133545 28.07200050354 28.871000289917 29.0270004272461 28.6270008087158 27.5380001068115 27.0499992370605 26.113000869751 22.488000869751 14.8629999160767 13.9340000152588 11.4169998168945 9.54899978637695
-3.4e+38 -3.4e+38 -3.4e+38 -3.4e+38 24.3050003051758 27.7269992828369 27.0729999542236 25.6840000152588 26.1259994506836 25.5909996032715 24.1480007171631 25.1599998474121 25.1229991912842 23.5890007019043 22.1359996795654 24.9869995117188 25.246000289917 25.3910007476807 26.0209999084473 27.1940002441406 28.3880004882812 28.7110004425049 28.5520000457764 28.3500003814697 27.6180000305176 26.6979999542236 20.1340007781982 17.2789993286133 15.1909999847412 15.6040000915527 15.9029998779297 16.076000213623 23.4680004119873 26.1590003967285 27.5170001983643 28.4179992675781 28.6919994354248 28.5400009155273 27.4360008239746 26.8279991149902 25.5839996337891 21.3470001220703 15.9130001068115 14.6719999313354 12.5139999389648 11.6490001678467
-3.4e+38 -3.4e+38 -3.4e+38 -3.4e+38 23.3050003051758 22.9909992218018 24.2169990539551 22.9629993438721 22.8339996337891 24.0970001220703 23.2770004272461 23.4440002441406 23.8229999542236 23.9699993133545 23.5690002441406 24.0209999084473 24.5219993591309 24.5729999542236 24.6700000762939 26.488000869751 27.5400009155273 27.7019996643066 27.7229995727539 27.1200008392334 25.871000289917 22.3349990844727 16.4899997711182 15.4759998321533 14.4340000152588 14.6429996490479 14.4770002365112 14.6520004272461 19.7779998779297 24.4710006713867 26.8889999389648 27.5860004425049 27.9740009307861 27.3990001678467 26.6100006103516 26.0779991149902 24.9109992980957 17.9500007629395 16.7689990997314 15.3339996337891 13.2229995727539 12.3360004425049
-3.4e+38 -3.4e+38 -3.4e+38 -3.4e+38 24.0629997253418 24.7560005187988 23.4419994354248 22.5 22.0300006866455 21.7770004272461 22.3080005645752 23.2889995574951 23.7980003356934 24.2189998626709 23.6849994659424 23.992000579834 23.7600002288818 23.7320003509521 24.5820007324219 25.9869995117188 26.3850002288818 26.257999420166 25.9740009307861 25.5349998474121 24.2439994812012 19.0979995727539 14.0740003585815 13.4169998168945 13.6339998245239 13.1459999084473 12.6190004348755 13.3920001983643 19.4060001373291 24.3360004425049 26.2649993896484 26.8090000152588 27.1560001373291 26.6030006408691 25.9640007019043 25.2980003356934 23.8759994506836 21.2150001525879 17.4729995727539 16.1119995117188 13.2629995346069 12.1120004653931
-3.4e+38 -3.4e+38 -3.4e+38 -3.4e+38 24.7810001373291 25.2900009155273 24.621000289917 22.4080009460449 22.0240001678467 22.1149997711182 22.3859996795654 23.5359992980957 24.3199996948242 24.3689994812012 23.80299949646 23.7569999694824 23.507999420166 23.2940006256104 22.4669990539551 24.2049999237061 24.92799949646 25.0240001678467 25.1389999389648 24.8980007171631 24.3090000152588 15.1840000152588 12.9289999008179 13.1940002441406 12.798999786377 12.1840000152588 12.9230003356934 13.9340000152588 19.4349994659424 24.3400001525879 25.4090003967285 25.92799949646 26.2220001220703 25.8600006103516 25.9440002441406 25.3570003509521 23.9820003509521 23.3819999694824 17.3999996185303 16.2140007019043 13.4670000076294 12.6180000305176
-3.4e+38 -3.4e+38 -3.4e+38 24.0970001220703 25.4570007324219 25.1940002441406 24.9169998168945 23.8799991607666 22.9589996337891 23.0429992675781 23.0470008850098 23.4799995422363 24.1070003509521 23.8279991149902 23.3530006408691 23.496000289917 23.4139995574951 22.931999206543 22.0909996032715 21.5200004577637 22.5160007476807 17.94700050354 21.7959995269775 20.4710006713867 19.0690002441406 13.1059999465942 12.6990003585815 13.0190000534058 12.7559995651245 11.9840002059937 13.3699998855591 14.1599998474121 18.7169990539551 22.3999996185303 23.4270000457764 23.6000003814697 24.0930004119873 24.4489994049072 22.4449996948242 22.9150009155273 20.4449996948242 20.8369998931885 17.4750003814697 15.8629999160767 13.6859998703003 13.1890001296997
-3.4e+38 -3.4e+38 -3.4e+38 23.7689990997314 25.5300006866455 25.1770000457764 25.136999130249 25.4549999237061 24.6520004272461 22.9559993743896 22.9710006713867 23.6060009002686 23.1389999389648 22.9899997711182 22.7019996643066 23.1119995117188 22.7999992370605 21.9740009307861 20.69700050354 20.576000213623 18.2549991607666 17.2339992523193 16.7250003814697 14.8830003738403 13.4549999237061 12.3950004577637 11.3620004653931 12.3290004730225 12.8459997177124 12.2650003433228 13.3559999465942 13.8109998703003 14.3540000915527 17.9069995880127 18.9659996032715 19.5909996032715 19.1809997558594 19.32200050354 16.0249996185303 16.8309993743896 17.8519992828369 17.7409992218018 15.951000213623 15.9040002822876 14.4130001068115 13.2220001220703
-3.4e+38 -3.4e+38 -3.4e+38 23.3959999084473 25.8099994659424 26.6140003204346 26.3530006408691 25.8159999847412 25.3549995422363 23.8159999847412 24.0919990539551 24.1030006408691 22.3610000610352 22.1019992828369 21.9340000152588 22.2870006561279 21.496000289917 20.9930000305176 20.1450004577637 18.2019996643066 16.9270000457764 16.4899997711182 15.4079999923706 11.6319999694824 10.0570001602173 9.88500022888184 9.49300003051758 10.1929998397827 12.5229997634888 12.3380002975464 12.6400003433228 13.1909999847412 13.8129997253418 13.8529996871948 13.6800003051758 13.9420003890991 14.9409999847412 15.0690002441406 15.831000328064 16.3490009307861 17.3430004119873 17.2310009002686 16.0240001678467 15.3889999389648 14.210000038147 12.4779996871948
-3.4e+38 -3.4e+38 -3.4e+38 22.988000869751 25.7210006713867 27.1149997711182 27.1580009460449 26.1410007476807 25.3579998016357 24.4780006408691 24.5130004882812 22.5849990844727 20.871000289917 21.1070003509521 21.2940006256104 21.1539993286133 19.55299949646 19.1669998168945 18.4969997406006 18.9619998931885 17.6720008850098 16.2609996795654 14.3489999771118 10.2340002059937 8.45600032806396 8.20600032806396 8.01299953460693 8.04699993133545 10.1789999008179 12.5209999084473 12.8179998397827 13.1579999923706 13.3570003509521 13.2279996871948 12.4849996566772 12.8249998092651 14.1140003204346 14.66100025177 14.9759998321533 15.8470001220703 15.8669996261597 16.1060009002686 14.3000001907349 13.701000213623 12.0830001831055 10.8129997253418
-3.4e+38 -3.4e+38 -3.4e+38 20.9680004119873 24.7360000610352 27.0200004577637 26.3339996337891 25.742000579834 24.9029998779297 23.7080001831055 22.617000579834 20.1770000457764 19.3540000915527 19.8910007476807 20.5550003051758 18.8040008544922 17.2840003967285 17.1119995117188 19.7970008850098 20.7600002288818 18.6809997558594 16.6079998016357 15.33899974823 11.2489995956421 8.69299983978271 9.2209997177124 9.24199962615967 10.0100002288818 11.3940000534058 12.4099998474121 12.8500003814697 13.1940002441406 13.4709997177124 13.1389999389648 11.8549995422363 11.6999998092651 12.0030002593994 14.3599996566772 14.8190002441406 14.2709999084473 13.1190004348755 12.08899974823 12.414999961853 11.0089998245239 11.1000003814697 12.8819999694824
-3.4e+38 -3.4e+38 -3.4e+38 18.0259990692139 23.1730003356934 25.3859996795654 25.2169990539551 24.3269996643066 22.6509990692139 22.2919998168945 18.3910007476807 18.5909996032715 18.0170001983643 18.367000579834 17.5419998168945 17.173999786377 15.8479995727539 16.568000793457 19.5580005645752 20.7150001525879 21.5650005340576 22.1509990692139 19.2759990692139 14.0530004501343 11.3100004196167 10.8179998397827 11.7550001144409 10.6029996871948 11.3030004501343 11.7629995346069 12.5270004272461 13.2320003509521 13.2530002593994 12.5430002212524 11.3780002593994 11.1000003814697 11.2329998016357 11.5389995574951 13.7720003128052 13.1029996871948 11.9090003967285 8.26599979400635 9.20499992370605 8.94099998474121 9.19200038909912 10.4610004425049
