01_datasets/03_gis/02_asc_chm-r50m/BR221J.asc
NCOLS 200 
NROWS 200 
XLLCORNER 530457.5 
YLLCORNER 5295419 
CELLSIZE 0.5 
NODATA_value -3.4e+38 
[rows 40 to 59 of 200, columns 92 to 137 of 200]
28.1119995117188 29.5289993286133 31.0669994354248 30.7140007019043 29.4979991912842 23.3470001220703 19.6340007781982 18.7299995422363 18.363000869751 18.1359996795654 18.1380004882812 18.0189990997314 17.2240009307861 16.2320003509521 15.4569997787476 16.371000289917 12.4359998703003 13.6929998397827 14.8430004119873 15.7189998626709 19.0030002593994 20.9260005950928 22.621000289917 23.0659999847412 23.2040004730225 23.1439990997314 22.7360000610352 22.5580005645752 22.3449993133545 21.7199993133545 17.9479999542236 14.6510000228882 13.3330001831055 15.0410003662109 15.3979997634888 16.4680004119873 17.7929992675781 16.2119998931885 14.8859996795654 18.363000869751 19.5659999847412 26.1900005340576 29.2140007019043 29.8500003814697 31.181999206543 31.9330005645752
27.5400009155273 28.2609996795654 30.0389995574951 30.0170001983643 28.693000793457 23.7880001068115 19.9409999847412 18.2859992980957 17.9020004272461 17.8680000305176 17.8740005493164 17.9090003967285 14.2790002822876 11.5179996490479 12.3030004501343 13.4650001525879 12.0979995727539 13.0480003356934 16.6480007171631 18.125 18.9009990692139 18.9069995880127 20.3439998626709 21.7999992370605 21.3519992828369 20.30299949646 19.4619998931885 18.4759998321533 20.1180000305176 19.4370002746582 15.2790002822876 13.1110000610352 13.3159999847412 13.7180004119873 14.2720003128052 14.9119997024536 17.5100002288818 15.164999961853 15.46399974823 17.9330005645752 16.8470001220703 25.048999786377 27.1189994812012 29.5779991149902 30.7959995269775 32.4700012207031
27.4200000762939 27.5729999542236 28.3279991149902 28.6800003051758 22.55299949646 20.9200000762939 18.7250003814697 17.6389999389648 17.5779991149902 17.5750007629395 17.6420001983643 17.0240001678467 12.8319997787476 12.2069997787476 12.1190004348755 12.1359996795654 11.8579998016357 12.2580003738403 15.6759996414185 17.9810009002686 18.1599998474121 17.9549999237061 19.4190006256104 19.2649993896484 18.9459991455078 19.1539993286133 18.2759990692139 17.8939990997314 17.9230003356934 15.5059995651245 12.9709997177124 13.0159997940063 13.1750001907349 14.0179996490479 14.6059999465942 14.58899974823 16.6200008392334 16.8379993438721 17.4440002441406 17.3549995422363 16.6919994354248 19.136999130249 23.0739994049072 29.4969997406006 30.3490009307861 31.9769992828369
25.242000579834 26.8129997253418 27.2530002593994 23.0380001068115 18.1499996185303 18.1119995117188 17.3290004730225 17.3470001220703 17.3390007019043 17.0650005340576 16.8959999084473 13.4390001296997 12.3870000839233 12.2550001144409 12.3760004043579 12.2019996643066 11.8319997787476 10.8439998626709 15.2609996795654 16.0729999542236 17.5319995880127 17.1380004882812 17.9120006561279 18.0629997253418 18.4950008392334 17.2929992675781 15.8719997406006 17.0349998474121 15.5430002212524 12.6059999465942 12.875 12.6929998397827 12.5819997787476 12.7589998245239 13.5279998779297 13.71399974823 16.4619998931885 17.701000213623 17.7609996795654 17.2350006103516 16.3969993591309 26.2549991607666 29.5100002288818 30.5639991760254 31.6849994659424 32.984001159668
19.2549991607666 21.193000793457 23.6420001983643 18.9839992523193 18.5650005340576 19.5750007629395 18.92799949646 18.2900009155273 16.8279991149902 15.8509998321533 15.6059999465942 13.8009996414185 12.1429996490479 11.173999786377 11.8039999008179 11.7290000915527 11.4949998855591 10.4980001449585 12.5109996795654 11.9479999542236 13.1009998321533 16.9109992980957 17.503999710083 17.8129997253418 16.0440006256104 14.6780004501343 14.8100004196167 13.4619998931885 12.2530002593994 12.7250003814697 13.0970001220703 12.7200002670288 12.4729995727539 12.5459995269775 12.5089998245239 12.6260004043579 15.3190002441406 17.4860000610352 17.6060009002686 17.3279991149902 16.9680004119873 24.2859992980957 28.1949996948242 30.1459999084473 31.8369998931885 32.7480010986328
11.7690000534058 13.4919996261597 20.0100002288818 17.3880004882812 19.556999206543 21.7719993591309 21.8509998321533 20.4759998321533 17.2399997711182 15.9379997253418 17.5769996643066 16.3929996490479 12.8850002288818 11.0710000991821 10.9340000152588 11.0480003356934 11.1409997940063 11.0080003738403 10.7040004730225 9.62100028991699 10.1979999542236 14.5100002288818 14.7290000915527 14.1979999542236 14.0719995498657 11.9519996643066 11.7620000839233 12.0410003662109 13.0679998397827 13.3950004577637 13.3540000915527 12.8760004043579 12.7430000305176 13.8479995727539 12.6049995422363 12.753999710083 15.2659997940063 17.4360008239746 17.2180004119873 17.1569995880127 18.7749996185303 21.4479999542236 24.8020000457764 29.8780002593994 31.3640003204346 31.8229999542236
12.2480001449585 13.3540000915527 16.8250007629395 20.1420001983643 22.2210006713867 22.4200000762939 22.5219993591309 22.3290004730225 22.2530002593994 21.5009994506836 20.2609996795654 19.1270008087158 15.7220001220703 11.8990001678467 10.7279996871948 10.96399974823 10.918999671936 10.6949996948242 9.97200012207031 8.97399997711182 8.26599979400635 8.5959997177124 9.22900009155273 8.7790002822876 11.3850002288818 12.0909996032715 12.0170001983643 12.8950004577637 13.456000328064 13.6829996109009 13.7340002059937 13.4160003662109 12.9910001754761 14.914999961853 15.6379995346069 17.2830009460449 18.7169990539551 18.556999206543 20.068000793457 20.6469993591309 24.4050006866455 27.0330009460449 27.3150005340576 29.0919990539551 29.4290008544922 31.0520000457764
14.8900003433228 14.96399974823 17.8010005950928 21.2870006561279 23.3840007781982 24.2859992980957 25.0189990997314 25.0230007171631 24.7759990692139 24.3360004425049 23.5890007019043 21.5330009460449 15.414999961853 13.3579998016357 10.5229997634888 11.081000328064 11.1660003662109 10.3129997253418 9.69699954986572 9.25100040435791 8.85400009155273 8.63199996948242 8.73600006103516 8.80900001525879 10.6339998245239 11.6979999542236 12.1479997634888 12.3280000686646 13.4519996643066 13.7799997329712 13.8680000305176 13.4079999923706 14.5590000152588 18.0139999389648 18.8840007781982 19.2749996185303 25.6280002593994 26.2679996490479 27.6200008392334 28.0919990539551 30.9930000305176 31.1189994812012 30.3269996643066 29.3400001525879 28.056999206543 29.7320003509521
17.1609992980957 16.4890003204346 19.5709991455078 22.6070003509521 24.4099998474121 25.3360004425049 26.9009990692139 26.9220008850098 26.136999130249 25.7509994506836 24.7350006103516 23.5930004119873 16.8589992523193 12.7209997177124 10.0640001296997 10.6750001907349 8.66899967193604 9.11400032043457 7.86999988555908 3.84400010108948 4.99900007247925 8.12600040435791 8.7189998626709 9.08600044250488 9.05300045013428 10.9829998016357 12.0959997177124 12.7659997940063 13.8219995498657 14.0609998703003 13.9930000305176 14.0600004196167 15.2600002288818 18.556999206543 19.8610000610352 23.0179996490479 28.4120006561279 30.2180004119873 30.7940006256104 31.5639991760254 32.1730003356934 32.1539993286133 31.5230007171631 30.6380004882812 29.298999786377 27.7840003967285
16.8579998016357 18.0599994659424 20.8770008087158 23.2549991607666 25.6180000305176 27.4650001525879 28.3999996185303 28.3050003051758 27.8229999542236 26.7660007476807 25.2150001525879 23.6730003356934 22.3969993591309 15.5880002975464 11.8599996566772 8.79100036621094 7.26300001144409 7.36399984359741 7.55000019073486 5.54300022125244 4.85900020599365 5.88199996948242 7.64400005340576 9.20100021362305 9.2810001373291 10.8699998855591 12.3369998931885 12.951000213623 14.293999671936 14.8299999237061 17.3899993896484 15.53600025177 16.5130004882812 19.4260005950928 20.0179996490479 25.5699996948242 28.4290008544922 30.8010005950928 31.4459991455078 32.492000579834 32.9970016479492 32.7050018310547 32.1240005493164 30.6860008239746 29.8239994049072 28.6650009155273
16.6849994659424 19.8859996795654 22.0879993438721 23.4750003814697 25.7689990997314 27.6650009155273 28.7150001525879 28.9120006561279 28.4759998321533 27.1580009460449 24.7740001678467 22.3419990539551 21.701000213623 17.6889991760254 12.9049997329712 9.56400012969971 8.09799957275391 7.59800004959106 7.40199995040894 7.01100015640259 5.43499994277954 5.96700000762939 7.89099979400635 9.24499988555908 9.52600002288818 10.0869998931885 12.289999961853 13.6579999923706 15.3780002593994 15.9930000305176 19.8980007171631 21.2830009460449 20.113000869751 21.3990001678467 21.3020000457764 24.3190002441406 28.5380001068115 31.0849990844727 31.9640007019043 32.9519996643066 33.5190010070801 33.2770004272461 32.5139999389648 30.9629993438721 29.0540008544922 26.6870002746582
18.9330005645752 21.8209991455078 22.4640007019043 23.5849990844727 25.7509994506836 26.8889999389648 28.181999206543 28.5909996032715 28.0429992675781 26.1469993591309 24.7029991149902 21.82200050354 21.7059993743896 21.1630001068115 16.2029991149902 10.7040004730225 8.65499973297119 8.82699966430664 8.69400024414062 7.75600004196167 6.56300020217896 6.84299993515015 8.39099979400635 9.25500011444092 10.4799995422363 11.9320001602173 13.3889999389648 14.0030002593994 18.0690002441406 19.6280002593994 21.4260005950928 21.7110004425049 21.6229991912842 21.8229999542236 24.2029991149902 24.681999206543 28.0429992675781 30.1539993286133 31.9629993438721 32.9889984130859 33.5390014648438 33.0929985046387 32.7700004577637 31.5699996948242 29.0410003662109 24.8770008087158
20.5069999694824 21.6219997406006 22.5990009307861 23.2859992980957 25.0739994049072 25.9890003204346 27.0729999542236 27.5310001373291 26.9220008850098 25.4379997253418 23.6550006866455 22.1429996490479 21.2520008087158 19.9060001373291 14.8360004425049 9.14299964904785 8.99300003051758 9.14999961853027 8.99499988555908 8.58500003814697 6.84100008010864 6.53599977493286 8.15799999237061 9.22799968719482 11.0799999237061 11.3199996948242 12.9160003662109 13.7390003204346 19.8390007019043 22.4440002441406 22.8929996490479 23.2049999237061 22.9419994354248 25.5370006561279 26.1079998016357 25.7929992675781 27.2970008850098 29.9029998779297 31.4230003356934 32.2430000305176 32.8059997558594 32.6030006408691 32.0400009155273 31.2350006103516 29.7119998931885 24.7630004882812
21.5599994659424 20.9699993133545 20.8190002441406 21.3059997558594 23.0230007171631 24.7290000915527 25.6560001373291 25.7660007476807 25.8770008087158 23.9120006561279 22.8889999389648 21.3080005645752 19.7759990692139 18.0400009155273 13.8819999694824 9.17899990081787 9.31400012969971 9.39200019836426 8.92099952697754 8.92399978637695 7.55100011825562 6.5460000038147 7.12200021743774 9.49400043487549 10.6560001373291 11.4580001831055 11.9989995956421 14.3879995346069 20.5599994659424 22.8600006103516 23.4080009460449 25.2919998168945 26.05299949646 27.1310005187988 27.1959991455078 27.003999710083 27.7749996185303 29.0170001983643 30.1380004882812 31.507999420166 31.6959991455078 31.2660007476807 31.0860004425049 29.6399993896484 28.8330001831055 25.6690006256104
21.9360008239746 21.5060005187988 20.3239994049072 20.2649993896484 21.7220001220703 23.3610000610352 23.5230007171631 23.1439990997314 23.3969993591309 22.6790008544922 21.2670001983643 20.5130004882812 19.2719993591309 16.257999420166 14.0839996337891 10.1009998321533 9.59200000762939 9.4060001373291 9.10999965667725 8.97299957275391 8.07400035858154 6.42500019073486 8.0019998550415 9.63099956512451 10.4270000457764 11.0369997024536 11.5310001373291 15.4200000762939 18.6940002441406 21.9939994812012 25.4729995727539 26.7919998168945 28.1840000152588 28.6110000610352 28.0869998931885 27.3299999237061 27.2880001068115 28.6979999542236 29.4270000457764 30.3999996185303 30.3239994049072 29.2630004882812 29.3719997406006 28.3320007324219 27.9720001220703 24.6180000305176
22.011999130249 22.6270008087158 22.0440006256104 20.2900009155273 21.2059993743896 21.6800003051758 21.6089992523193 21.5370006561279 20.9570007324219 20.1280002593994 19.7350006103516 19.4050006866455 17.1520004272461 13.6479997634888 11.0469999313354 10.9770002365112 9.07400035858154 9.21300029754639 8.88300037384033 8.7819995880127 8.02099990844727 7.51900005340576 8.62600040435791 9.38799953460693 9.55200004577637 10.5970001220703 10.8669996261597 15.7620000839233 18.5030002593994 21.9860000610352 25.7889995574951 27.0659999847412 28.4400005340576 29.3729991912842 29.2749996185303 28.6630001068115 28.6079998016357 28.4540004730225 29.2779998779297 29.4029998779297 28.9139995574951 28.4139995574951 27.3850002288818 26.2310009002686 26.0060005187988 23.7310009002686
22.3600006103516 23.068000793457 21.6569995880127 19.617000579834 20.7119998931885 20.5410003662109 20.4090003967285 20.1809997558594 20.2549991607666 19.6180000305176 19.068000793457 18.1979999542236 15.9079999923706 14.0640001296997 16.8999996185303 17.6490001678467 13.1719999313354 8.3439998626709 8.08300018310547 8.33500003814697 7.29500007629395 7.01100015640259 7.46199989318848 6.99900007247925 8.76799964904785 10.0150003433228 10.3470001220703 16.5879993438721 19.8050003051758 21.8859996795654 24.9500007629395 26.6879997253418 28.2999992370605 30.0200004577637 30.8099994659424 30.3759994506836 29.6469993591309 29.3439998626709 29.1840000152588 28.5890007019043 28.1480007171631 26.5729999542236 23.7719993591309 21.4260005950928 22.1049995422363 22.988000869751
23.4419994354248 22.3129997253418 19.8010005950928 19.173999786377 19.2910003662109 18.9260005950928 18.6070003509521 18.7549991607666 18.5620002746582 16.3600006103516 17.3239994049072 17.2259998321533 14.4720001220703 16.8330001831055 21.5380001068115 20.9950008392334 18.5009994506836 12.4759998321533 7.63100004196167 7.67500019073486 6.80499982833862 6.19399976730347 5.89900016784668 3.3510000705719 5.60300016403198 7.51999998092651 9.13500022888184 13.6909999847412 19.9529991149902 20.1389999389648 23.451000213623 25.9689998626709 27.746000289917 29.7639999389648 31.0949993133545 31.4810009002686 31.1959991455078 29.9349994659424 29.2749996185303 30.4169998168945 30.2730007171631 28.201000213623 24.5869998931885 21.488000869751 22.9689998626709 23.2159996032715
23.5279998779297 22.7919998168945 19.7299995422363 18.7089996337891 18.6469993591309 18.3439998626709 16.4610004425049 16.9529991149902 16.3719997406006 18.2180004119873 14.1169996261597 13.668999671936 13.2030000686646 20.5209999084473 24.0450000762939 23.0060005187988 21.5510005950928 17.2730007171631 9.3100004196167 6.51800012588501 5.45900011062622 4.77199983596802 4.10500001907349 1.86600005626678 2.61199998855591 3.25300002098083 4.76900005340576 5.89400005340576 15.6420001983643 20.136999130249 22.7679996490479 25.1989994049072 29.0849990844727 30.4839992523193 31.4160003662109 31.9069995880127 32.0740013122559 31.7819995880127 30.6620006561279 31.6720008850098 31.6580009460449 30.632999420166 26.0440006256104 23.0839996337891 24.9890003204346 23.367000579834
23.7000007629395 23.548999786377 19.318000793457 18.6079998016357 18.636999130249 18.4790000915527 20.2509994506836 25.5699996948242 24.80299949646 25.0370006561279 16.988000869751 23.1630001068115 24.7730007171631 25.8349990844727 25.6119995117188 25.2220001220703 23.4029998779297 16.9689998626709 12.4829998016357 7.93800020217896 6.73999977111816 2.85400009155273 1.44700002670288 0.103000000119209 1.39100003242493 3.58299994468689 4.13899993896484 4.96700000762939 13.4720001220703 20.4699993133545 22.9930000305176 24.7490005493164 29.0200004577637 31.1270008087158 31.9659996032715 32.0740013122559 32.8790016174316 33.640998840332 33.3040008544922 34.2480010986328 32.9970016479492 31.8500003814697 30.7830009460449 28.6399993896484 28.5090007781982 24.3610000610352
