01_datasets/03_gis/02_asc_chm-r50m/BR22X2.asc
NCOLS 200 
NROWS 200 
XLLCORNER 533416 
YLLCORNER 5281591 
CELLSIZE 0.5 
NODATA_value -3.4e+38 
[rows 100 to 119 of 200, columns 0 to 45 of 200]
-339999999999999996123846586046231871488.000000000000000 8.99100017547607 9.42300033569336 8.80500030517578 8.77200031280518 13.4890003204346 16.25 16.4290008544922 17.7999992370605 22.2609996795654 26.826000213623 31.7700004577637 34.5620002746582 35.6370010375977 36.6809997558594 36.8810005187988 38.1220016479492 38.0419998168945 36.9420013427734 37.181999206543 37.0789985656738 32.4939994812012 17.2430000305176 17.1000003814697 17.4710006713867 17.5499992370605 15.1090002059937 14.5679998397827 18.0540008544922 23.3309993743896 27.9340000152588 30.0090007781982 30.4899997711182 31.4130001068115 32.5219993591309 33.5449981689453 33.7120018005371 32.8660011291504 31.3090000152588 30.3279991149902 28.8619995117188 27.7080001831055 26.4589996337891 26.9080009460449 26.576000213623 25.7360000610352
-3.4e+38 6.82200002670288 7.06099987030029 7.0939998626709 7.07600021362305 13.7709999084473 14.1370000839233 15.576000213623 16.7199993133545 17.4370002746582 17.7180004119873 26.9559993743896 32.2410011291504 32.8819999694824 34.6290016174316 36.3499984741211 36.3240013122559 34.7360000610352 33.6689987182617 34.5499992370605 34.9210014343262 33.2290000915527 20.1180000305176 16.9890003204346 15.8210000991821 15.8529996871948 14.3999996185303 11.8819999694824 15.2410001754761 22.0189990997314 26.5739994049072 28.0540008544922 28.5699996948242 30.1870002746582 32.0400009155273 32.3889999389648 32.6269989013672 32.0250015258789 31.3400001525879 30.6219997406006 29.3050003051758 28.3390007019043 28.1350002288818 27.9850006103516 27.1870002746582 27.5330009460449
-3.4e+38 7.10300016403198 7.15100002288818 6.98899984359741 6.67199993133545 10.6719999313354 13.125 14.8120002746582 15.4010000228882 15.7080001831055 16.7129993438721 25.5930004119873 31.875 31.92799949646 34.0509986877441 35.0019989013672 30.3320007324219 27.496000289917 33.2050018310547 33.7280006408691 34.2910003662109 34.2779998779297 22.6159992218018 16.7220001220703 13.4630002975464 12.08899974823 12.5299997329712 9.99400043487549 9.65499973297119 14.9580001831055 20.681999206543 23.8840007781982 24.8610000610352 28.1669998168945 29.6620006561279 29.3239994049072 29.693000793457 30.3309993743896 29.1229991912842 30.1019992828369 29.2350006103516 29.1009998321533 29.3330001831055 29.7910003662109 29.4270000457764 28.5909996032715
-3.4e+38 8.64700031280518 8.15100002288818 6.96099996566772 6.38299989700317 7.70300006866455 10.0260000228882 13.8809995651245 13.7390003204346 14.0649995803833 14.2480001449585 24.5860004425049 30.4459991455078 31.9780006408691 30.6700000762939 26.2229995727539 18.2719993591309 15.4680004119873 24.7339992523193 31.1940002441406 34.5830001831055 22.9249992370605 14.1660003662109 14.2200002670288 9.67500019073486 9.57600021362305 10.41100025177 9.05000019073486 8.25500011444092 7.94199991226196 14.0729999542236 19.8479995727539 20.7950000762939 23.7819995880127 25.1019992828369 27.8279991149902 27.5540008544922 27.2490005493164 25.7970008850098 25.4190006256104 28.7129993438721 29.6800003051758 30.1590003967285 30.2770004272461 29.8560009002686 29.375
-3.4e+38 9.39299964904785 9.78600025177002 8.48200035095215 6.59000015258789 6.63600015640259 6.46199989318848 9.5620002746582 10.789999961853 11.1129999160767 11.9890003204346 23.3120002746582 28.2959995269775 29.4459991455078 24.4400005340576 16.6809997558594 14.5920000076294 13.7480001449585 14.8269996643066 13.0329999923706 9.40999984741211 9.14200019836426 8.64500045776367 8.97500038146973 9.03299999237061 8.99199962615967 8.99699974060059 9.01399993896484 8.80399990081787 8.42099952697754 14.1370000839233 16.7430000305176 18.1879997253418 19.503999710083 20.4150009155273 24.4090003967285 24.8560009002686 25.1420001983643 25.8799991607666 28.1580009460449 29.2150001525879 29.7159996032715 30.3509998321533 30.4740009307861 30.1399993896484 29.7220001220703
-3.4e+38 8.5600004196167 9.6870002746582 9.32999992370605 7.35900020599365 7.04899978637695 7.18499994277954 9.30700016021729 9.79899978637695 9.68900012969971 9.58399963378906 9.30500030517578 22.4979991912842 23.1469993591309 15.96399974823 11.5299997329712 10.9270000457764 11.4969997406006 9.67399978637695 6.68800020217896 6.30900001525879 6.14799976348877 7.01599979400635 8.3430004119873 8.9370002746582 8.85400009155273 8.94099998474121 9.28600025177002 8.85499954223633 7.8439998626709 8.0600004196167 12.7110004425049 16.7959995269775 16.9740009307861 17.2900009155273 19.068000793457 19.5879993438721 21.3409996032715 25.3850002288818 27.0909996032715 28.4930000305176 29.75 30.318000793457 29.8759994506836 29.6609992980957 29.0139999389648
-3.4e+38 8.17099952697754 9.06099987030029 8.8129997253418 7.79199981689453 7.41300010681152 7.31300020217896 7.09700012207031 7.53999996185303 6.625 6.70300006866455 7.68699979782104 9.94799995422363 14.5690002441406 12.5459995269775 10.2819995880127 10.6780004501343 9.47599983215332 7.21799993515015 6.40199995040894 6.10799980163574 6.46199989318848 6.57800006866455 6.88700008392334 8.63099956512451 8.54800033569336 8.97000026702881 9.05000019073486 9.38599967956543 8.52099990844727 7.64799976348877 9.25599956512451 12.9849996566772 16.9080009460449 17.451000213623 17.9009990692139 19.0790004730225 21.5839996337891 25.3339996337891 26.4409999847412 28.382999420166 29.1879997253418 29.8680000305176 29.2080001831055 28.9769992828369 28.2080001831055
-3.4e+38 7.35900020599365 8.16699981689453 8.21599960327148 8.1269998550415 7.74300003051758 7.03299999237061 6.64900016784668 6.51100015640259 6.36999988555908 6.16300010681152 6.34299993515015 8.82299995422363 10.0939998626709 8.48099994659424 8.0310001373291 8.10700035095215 5.84899997711182 5.64499998092651 5.84600019454956 5.95499992370605 6.51999998092651 6.80100011825562 7.31599998474121 7.89900016784668 8.23299980163574 8.80599975585938 8.21599960327148 9.19200038909912 9.52700042724609 8.84700012207031 8.83600044250488 7.59700012207031 13.2220001220703 16.0319995880127 15.4440002441406 19.0160007476807 22.3379993438721 24.0300006866455 25.0860004425049 27.378999710083 28.3150005340576 28.80299949646 28.8969993591309 28.298999786377 27.3110008239746
-3.4e+38 7.06099987030029 7.53399991989136 7.58300018310547 8.34000015258789 8.11900043487549 7.25899982452393 6.43100023269653 7.96299982070923 9.45100021362305 9.02999973297119 8.61800003051758 9.35599994659424 7.26000022888184 6.15399980545044 4.98799991607666 5.18200016021729 4.14400005340576 4.2649998664856 5.3289999961853 5.22100019454956 6.21099996566772 6.07299995422363 6.74900007247925 6.88600015640259 7.28900003433228 8.3120002746582 7.46500015258789 9.60599994659424 10.246000289917 10.1619997024536 10.0220003128052 9.0620002746582 9.33600044250488 9.77400016784668 8.52299976348877 14.1669998168945 21.3460006713867 23.4990005493164 24.9360008239746 26.2609996795654 26.6060009002686 27.7870006561279 27.1979999542236 28.1299991607666 27.1609992980957
-3.4e+38 11.5450000762939 8.4060001373291 9.9980001449585 10.5710000991821 7.95900011062622 7.27299976348877 7.9539999961853 8.68099975585938 11.1180000305176 11.0989999771118 11.121000289917 9.60000038146973 8.01099967956543 7.20699977874756 5.73099994659424 4.1399998664856 2.56500005722046 3.3529999256134 4.21000003814697 4.53700017929077 4.74900007247925 4.26800012588501 5.16099977493286 5.76800012588501 5.98299980163574 6.60400009155273 8.05500030517578 13.2229995727539 13.4099998474121 12.9029998779297 9.9069995880127 9.73499965667725 9.77700042724609 9.4370002746582 8.95800018310547 9.77600002288818 18.2299995422363 20.3719997406006 21.6049995422363 24.0559997558594 25.1730003356934 26.2719993591309 23.3719997406006 25.7269992828369 24.6529998779297
-3.4e+38 -3.4e+38 13.9160003662109 15.5620002746582 15.0129995346069 7.47100019454956 6.4060001373291 7.53999996185303 10.7220001220703 11.8140001296997 11.7580003738403 11.8769998550415 10.2709999084473 8.38700008392334 6.97800016403198 6.0479998588562 3.50999999046326 2.52300000190735 2.58500003814697 2.31100010871887 2.79800009727478 2.63700008392334 3.24300003051758 3.71600008010864 5.36999988555908 5.85599994659424 7.13299989700317 15.1079998016357 22.1940002441406 23.7089996337891 21.9829998016357 13.8699998855591 9.67899990081787 9.17399978637695 8.09000015258789 8.20300006866455 8.41699981689453 12.2150001525879 13.1969995498657 16.5669994354248 19.5890007019043 22.2830009460449 23.6709995269775 22.4290008544922 23.3530006408691 20.2759990692139
-3.4e+38 -3.4e+38 15.9490003585815 16.5939998626709 11.5419998168945 6.7960000038147 6.21799993515015 6.93800020217896 9.28499984741211 11.4139995574951 11.2889995574951 10.5389995574951 9.39700031280518 6.7979998588562 6.56500005722046 5.64400005340576 2.88299989700317 2.77600002288818 1.86300003528595 1.36699998378754 1.90499997138977 2.20900011062622 2.94099998474121 3.3199999332428 6.98699998855591 7.96999979019165 14.1400003433228 25.1790008544922 26.9479999542236 28.1790008544922 28.2940006256104 23.6140003204346 12.6859998703003 8.94499969482422 8.40799999237061 8.35400009155273 6.67899990081787 5.19299983978271 6.94999980926514 11.9169998168945 17.5149993896484 20.0499992370605 19.4090003967285 17.6030006408691 13.8529996871948 11.8330001831055
-3.4e+38 -3.4e+38 11.2919998168945 13.2410001754761 6.1729998588562 5.06699991226196 6.04500007629395 6.2960000038147 8.47799968719482 10.2670001983643 10.3009996414185 9.73400020599365 9.10000038146973 6.6269998550415 6.18200016021729 5.53000020980835 4.21500015258789 4.24700021743774 3.02300000190735 1.23599994182587 1.86199998855591 2.1470000743866 2.98799991607666 3.72300004959106 6.16200017929077 9.57499980926514 16.5189990997314 27.2999992370605 29.4969997406006 30.3150005340576 30.6049995422363 28.3759994506836 22.4220008850098 16.673999786377 13.8660001754761 9.77099990844727 5.73299980163574 4.51800012588501 5.16400003433228 8.32400035858154 12.2740001678467 14.0920000076294 15.6709995269775 11.7679996490479 11.3000001907349 9.2180004119873
-3.4e+38 -3.4e+38 5.32100009918213 14.2740001678467 7.15700006484985 4.64799976348877 5.72300004959106 6.30499982833862 7.49499988555908 8.6569995880127 8.81999969482422 8.0959997177124 7.60500001907349 6.2480001449585 5.80499982833862 4.35799980163574 4.01000022888184 4.30000019073486 3.48000001907349 2.15000009536743 2.31599998474121 2.28600001335144 3.35199999809265 5.36100006103516 7.85099983215332 9.05599975585938 12.4359998703003 28.6979999542236 31.5209999084473 33.564998626709 32.4220008850098 29.6030006408691 27.5939998626709 22.1989994049072 19.2940006256104 16.1149997711182 9.45899963378906 7.54300022125244 6.79400014877319 7.66499996185303 8.99100017547607 10.1579999923706 11.2419996261597 11.5260000228882 11.3430004119873 9.62899971008301
-3.4e+38 -3.4e+38 9.50500011444092 10.2270002365112 11.7410001754761 4.95699977874756 6.44700002670288 5.07800006866455 5.88000011444092 6.9520001411438 7.77500009536743 7.1560001373291 6.46999979019165 5.43499994277954 4.8769998550415 4.05900001525879 4.11600017547607 4.34000015258789 4.00799989700317 3.31599998474121 2.90199995040894 3.01699995994568 4.55299997329712 6.46999979019165 7.45100021362305 9.29800033569336 21.9820003509521 29.6089992523193 31.4409999847412 33.2919998168945 32.6319999694824 28.82200050354 25.7900009155273 24.201000213623 19.693000793457 17.5389995574951 14.8950004577637 14.378999710083 10.503999710083 8.27299976348877 5.57800006866455 8.46700000762939 10.7229995727539 11.2349996566772 8.99499988555908 8.67800045013428
-3.4e+38 -3.4e+38 16.0300006866455 13.0939998626709 17.0830001831055 14.9770002365112 14.6470003128052 4.69500017166138 5.55499982833862 6.36499977111816 7.13399982452393 7 5.67199993133545 6.15700006484985 3.74300003051758 2.62199997901917 3.30100011825562 4.01599979400635 3.70799994468689 2.92000007629395 2.74699997901917 3.09100008010864 5.08099985122681 6.71400022506714 7.5479998588562 14.4530000686646 18.9540004730225 25.8010005950928 30.9120006561279 31.6270008087158 30.4599990844727 28.5639991760254 25.7840003967285 20.2779998779297 17.9540004730225 17.5739994049072 17.9419994354248 15.0550003051758 14.1090002059937 10.5380001068115 7.55299997329712 6.38299989700317 8.49300003051758 8.13199996948242 4.61999988555908 3.48200011253357
-3.4e+38 -3.4e+38 20.2889995574951 17.5869998931885 17.6979999542236 17.9930000305176 10.4989995956421 3.92400002479553 4.48999977111816 6.48099994659424 8.87199974060059 9.05200004577637 9.30200004577637 9.47000026702881 7.15000009536743 3.75200009346008 3.87599992752075 3.08299994468689 3.3050000667572 2.84599995613098 2.92300009727478 3.78999996185303 5.17700004577637 7.1230001449585 7.80399990081787 14.1990003585815 20.0480003356934 24.0370006561279 28.0559997558594 29.7719993591309 27.9400005340576 25.576000213623 25.386999130249 21.6529998779297 19.0380001068115 19.431999206543 20.5419998168945 18.0769996643066 17.0930004119873 15.0150003433228 8.88599967956543 6.36600017547607 5.22700023651123 4.46799993515015 4.41599988937378 3.47199988365173
-3.4e+38 -3.4e+38 -3.4e+38 18.9839992523193 17.7670001983643 17.7689990997314 11.5500001907349 8.36299991607666 7.45699977874756 9.4399995803833 11.2629995346069 10.4670000076294 11.1230001449585 11.6840000152588 10.4479999542236 8.78899955749512 7.2480001449585 6.24399995803833 3.75399994850159 3.00600004196167 2.74000000953674 2.70300006866455 2.64299988746643 6.91699981689453 7.65799999237061 13.0509996414185 17.1809997558594 19.4950008392334 23.9799995422363 25.8199996948242 21.9969997406006 19.9599990844727 19.7679996490479 20.0069999694824 20.5349998474121 21.0830001831055 21.7390003204346 19.8969993591309 18.6089992523193 18.5179996490479 10.6529998779297 4.53599977493286 4.07800006866455 4.41499996185303 6.59499979019165 7.94399976730347
-3.4e+38 -3.4e+38 -3.4e+38 22.3379993438721 17.6110000610352 17.3449993133545 17.2870006561279 17.4710006713867 17.6270008087158 14.1409997940063 12.1180000305176 11.378999710083 14.0520000457764 14.1300001144409 12.7600002288818 12.7430000305176 9.43599987030029 5.85099983215332 3.26699995994568 3.08800005912781 2.58200001716614 2.26500010490417 1.67400002479553 4.92799997329712 7.0019998550415 7.97700023651123 11.5290002822876 14.706000328064 15.0659999847412 19.181999206543 17.6499996185303 18.0259990692139 19.2560005187988 20.4969997406006 21.363000869751 22.3640003204346 22.6380004882812 21.4270000457764 19.4899997711182 18.4839992523193 13.5369997024536 4.5789999961853 1.92400002479553 2.42799997329712 12.8290004730225 17.5149993896484
-3.4e+38 -3.4e+38 -3.4e+38 25.3589992523193 23.9080009460449 20.4340000152588 18.1870002746582 18.7089996337891 16.875 14.6099996566772 12.6429996490479 13.9779996871948 15.6429996490479 15.125 14.1350002288818 14.0959997177124 10.0520000457764 7.82499980926514 3.27800011634827 2.34999990463257 2.43799996376038 2.12700009346008 0.976999998092651 2.92300009727478 6.20499992370605 7.79300022125244 8.82600021362305 10.0200004577637 10.2779998779297 15.7019996643066 15.0830001831055 17.9710006713867 19.7059993743896 20.4979991912842 21.7029991149902 22.8010005950928 22.9419994354248 21.8719997406006 19.9130001068115 17.9300003051758 17.6979999542236 16.8110008239746 16.9829998016357 15.0019998550415 18.9740009307861 18.0979995727539
