01_datasets/03_gis/02_asc_chm-r50m/BR221J.asc
NCOLS 200 
NROWS 200 
XLLCORNER 530457.5 
YLLCORNER 5295419 
CELLSIZE 0.5 
NODATA_value -3.4e+38 
[rows 20 to 39 of 200, columns 138 to 183 of 200]
27.7180004119873 27.2280006408691 25.8449993133545 24.1609992980957 26.3400001525879 27.6639995574951 28.2609996795654 28.4549999237061 28.6959991455078 28.8129997253418 28.4740009307861 28.0419998168945 26.4969997406006 21.4710006713867 18.2399997711182 18.6909999847412 19.2880001068115 19.7049999237061 21.2339992523193 21.1189994812012 24.8339996337891 24.0359992980957 -3.4e+38 -3.4e+38 -3.4e+38 -3.4e+38 -3.4e+38 -3.4e+38 -3.4e+38 -3.4e+38 -3.4e+38 -3.4e+38 -3.4e+38 -3.4e+38 -3.4e+38 -3.4e+38 -3.4e+38 -3.4e+38 -3.4e+38 -3.4e+38 -3.4e+38 -3.4e+38 -3.4e+38 -3.4e+38 -3.4e+38 -3.4e+38
27.2779998779297 26.5370006561279 23.55299949646 21.3920001983643 23.0030002593994 27.1450004577637 27.7609996795654 27.8509998321533 27.9580001831055 27.7830009460449 27.4710006713867 27.2950000762939 25.6720008850098 24.1189994812012 19.9419994354248 17.3229999542236 18.2189998626709 19.6110000610352 20.2469997406006 20.0669994354248 20.4419994354248 19.3479995727539 17.7430000305176 -3.4e+38 -3.4e+38 -3.4e+38 -3.4e+38 -3.4e+38 -3.4e+38 -3.4e+38 -3.4e+38 -3.4e+38 -3.4e+38 -3.4e+38 -3.4e+38 -3.4e+38 -3.4e+38 -3.4e+38 -3.4e+38 -3.4e+38 -3.4e+38 -3.4e+38 -3.4e+38 -3.4e+38 -3.4e+38 -3.4e+38
26.246000289917 26.3020000457764 17.863000869751 17.0200004577637 17.1410007476807 23.4589996337891 27.1410007476807 27.2569999694824 27.5009994506836 27.2469997406006 27.0459995269775 25.576000213623 24.6800003051758 22.0830001831055 16.9349994659424 16.0599994659424 17.4419994354248 19.0109996795654 19.5300006866455 19.8729991912842 19.9260005950928 18.4109992980957 17.5620002746582 24.0699996948242 -3.4e+38 -3.4e+38 -3.4e+38 -3.4e+38 -3.4e+38 -3.4e+38 -3.4e+38 -3.4e+38 -3.4e+38 -3.4e+38 -3.4e+38 -3.4e+38 -3.4e+38 -3.4e+38 -3.4e+38 -3.4e+38 -3.4e+38 -3.4e+38 -3.4e+38 -3.4e+38 -3.4e+38 -3.4e+38
26.2369995117188 26.2830009460449 18.1580009460449 17.0060005187988 17.2689990997314 22.4340000152588 26.0319995880127 25.7700004577637 23.6180000305176 24.7070007324219 24.6359996795654 21.1439990997314 21.2919998168945 19.2980003356934 15.5989999771118 14.7869997024536 16.1459999084473 19.1889991760254 20.3570003509521 20.8969993591309 20.8950004577637 18.1650009155273 17.3379993438721 23.6079998016357 23.6310005187988 -3.4e+38 -3.4e+38 -3.4e+38 -3.4e+38 -3.4e+38 -3.4e+38 -3.4e+38 -3.4e+38 -3.4e+38 -3.4e+38 -3.4e+38 -3.4e+38 -3.4e+38 -3.4e+38 -3.4e+38 -3.4e+38 -3.4e+38 -3.4e+38 -3.4e+38 -3.4e+38 -3.4e+38
26.0510005950928 23.5170001983643 17.8290004730225 16.6900005340576 17.1590003967285 16.9139995574951 22.7569999694824 22.2740001678467 18.0389995574951 20.923999786377 21.2040004730225 16.6879997253418 14.4429998397827 14.9619998931885 15.1809997558594 15.0740003585815 15.3760004043579 18.3770008087158 20.7569999694824 21.4309997558594 21.8040008544922 21.8770008087158 20.2000007629395 19.3430004119873 19.2059993743896 19.5990009307861 -3.4e+38 -3.4e+38 -3.4e+38 -3.4e+38 -3.4e+38 -3.4e+38 -3.4e+38 -3.4e+38 -3.4e+38 -3.4e+38 -3.4e+38 -3.4e+38 -3.4e+38 -3.4e+38 -3.4e+38 -3.4e+38 -3.4e+38 -3.4e+38 -3.4e+38 -3.4e+38
24.3390007019043 21.5069999694824 16.6620006561279 15.7770004272461 16.7229995727539 18.0709991455078 20.5709991455078 19.9099998474121 18.076000213623 18.871000289917 16.4340000152588 14.21399974823 14.2150001525879 15.1490001678467 15.75 15.8430004119873 16.5249996185303 19.8349990844727 22.1919994354248 22.9220008850098 22.386999130249 22.5650005340576 22.32200050354 20.1520004272461 21.2639999389648 22.0639991760254 22.7959995269775 -3.4e+38 -3.4e+38 -3.4e+38 -3.4e+38 -3.4e+38 -3.4e+38 -3.4e+38 -3.4e+38 -3.4e+38 -3.4e+38 -3.4e+38 -3.4e+38 -3.4e+38 -3.4e+38 -3.4e+38 -3.4e+38 -3.4e+38 -3.4e+38 -3.4e+38
18.2210006713867 17.4759998321533 17.257999420166 16.9790000915527 16.2019996643066 19.1690006256104 20.6159992218018 20.5699996948242 19.6690006256104 19.3819999694824 16.3999996185303 15.3170003890991 14.6450004577637 15.1400003433228 16.5380001068115 20.7700004577637 21.2560005187988 22.7059993743896 23.2980003356934 23.4150009155273 23.2929992675781 22.6630001068115 22.9120006561279 23.3929996490479 23.9799995422363 23.9939994812012 23.6490001678467 22.9209995269775 -3.4e+38 -3.4e+38 -3.4e+38 -3.4e+38 -3.4e+38 -3.4e+38 -3.4e+38 -3.4e+38 -3.4e+38 -3.4e+38 -3.4e+38 -3.4e+38 -3.4e+38 -3.4e+38 -3.4e+38 -3.4e+38 -3.4e+38 -3.4e+38
20.0310001373291 17.3540000915527 18.4950008392334 17.8430004119873 18.9400005340576 21.1200008392334 20.2129993438721 19.4540004730225 19.5809993743896 19.4290008544922 16.1110000610352 15.3190002441406 15.8520002365112 17.3309993743896 18.0949993133545 21.5189990997314 22.9629993438721 22.867000579834 23.0179996490479 23.2950000762939 23.2140007019043 25.0779991149902 25.5410003662109 24.5459995269775 24.1420001983643 23.9909992218018 23.8959999084473 23.1410007476807 23.2520008087158 -3.4e+38 -3.4e+38 -3.4e+38 -3.4e+38 -3.4e+38 -3.4e+38 -3.4e+38 -3.4e+38 -3.4e+38 -3.4e+38 -3.4e+38 -3.4e+38 -3.4e+38 -3.4e+38 -3.4e+38 -3.4e+38 -3.4e+38
18.8439998626709 20.1550006866455 23.2630004882812 23.1919994354248 23.6450004577637 24.0249996185303 19.9489994049072 19.2840003967285 20.2140007019043 17.878999710083 16.8169994354248 16.1879997253418 18.6270008087158 18.5109996795654 19.1110000610352 21.5289993286133 22.2210006713867 22.3850002288818 22.423999786377 22.931999206543 23.0590000152588 25.5540008544922 26.6100006103516 25.753999710083 25.2169990539551 24.5160007476807 24.3740005493164 25.2339992523193 25.076000213623 24.3010005950928 -3.4e+38 -3.4e+38 -3.4e+38 -3.4e+38 -3.4e+38 -3.4e+38 -3.4e+38 -3.4e+38 -3.4e+38 -3.4e+38 -3.4e+38 -3.4e+38 -3.4e+38 -3.4e+38 -3.4e+38 -3.4e+38
19.4160003662109 18.9179992675781 25.3390007019043 25.3439998626709 25.2689990997314 25.3610000610352 24.2609996795654 25.6870002746582 24.9160003662109 19.2810001373291 19.1900005340576 18.6499996185303 19.1049995422363 18.9869995117188 19.4680004119873 21.0289993286133 21.4050006866455 21.8680000305176 22.4139995574951 24.003999710083 24.3400001525879 26.3999996185303 26.8509998321533 26.4200000762939 26.0319995880127 25.9029998779297 25.6959991455078 26.3190002441406 26.6070003509521 25.8910007476807 24.5480003356934 -3.4e+38 -3.4e+38 -3.4e+38 -3.4e+38 -3.4e+38 -3.4e+38 -3.4e+38 -3.4e+38 -3.4e+38 -3.4e+38 -3.4e+38 -3.4e+38 -3.4e+38 -3.4e+38 -3.4e+38
21.5550003051758 21.8689994812012 25.1599998474121 25.2469997406006 25.488000869751 25.8139991760254 25.8969993591309 25.5209999084473 25.1399993896484 22.6580009460449 20.2970008850098 19.5610008239746 19.2360000610352 18.8519992828369 20.3129997253418 21.0380001068115 21.4699993133545 22.7089996337891 23.5919990539551 24.3269996643066 25.4459991455078 26.7089996337891 27.7919998168945 27.0429992675781 26.7229995727539 26.9379997253418 27.0750007629395 27.2490005493164 27.4790000915527 27.0949993133545 24.5650005340576 22.4689998626709 -3.4e+38 -3.4e+38 -3.4e+38 -3.4e+38 -3.4e+38 -3.4e+38 -3.4e+38 -3.4e+38 -3.4e+38 -3.4e+38 -3.4e+38 -3.4e+38 -3.4e+38 -3.4e+38
22.9540004730225 24.7399997711182 25.1539993286133 25.2350006103516 25.4409999847412 25.923999786377 26.1229991912842 25.8169994354248 24.8159999847412 23.6180000305176 20.4169998168945 20.0669994354248 19.7870006561279 18.863000869751 19.875 20.8999996185303 20.8880004882812 23.173999786377 25.2670001983643 25.6580009460449 26.6900005340576 28.6299991607666 28.8360004425049 27.6299991607666 27.4519996643066 27.0139999389648 27.2849998474121 27.5849990844727 27.488000869751 26.82200050354 24.6650009155273 21.4629993438721 21.4979991912842 -3.4e+38 -3.4e+38 -3.4e+38 -3.4e+38 -3.4e+38 -3.4e+38 -3.4e+38 -3.4e+38 -3.4e+38 -3.4e+38 -3.4e+38 -3.4e+38 -3.4e+38
23.4540004730225 24.3799991607666 25.1040000915527 25.2660007476807 25.6870002746582 26.1259994506836 26.0790004730225 25.8379993438721 24.701000213623 23.5559997558594 21.1730003356934 20.2040004730225 21.6429996490479 21.6450004577637 18.9050006866455 19.8479995727539 22.056999206543 24.5960006713867 26.1219997406006 27.4500007629395 28.011999130249 29.0540008544922 28.6539993286133 27.318000793457 26.5990009307861 25.3969993591309 26.4680004119873 27.3649997711182 26.9759998321533 26.242000579834 23.8939990997314 20.8509998321533 21.1149997711182 21.0849990844727 -3.4e+38 -3.4e+38 -3.4e+38 -3.4e+38 -3.4e+38 -3.4e+38 -3.4e+38 -3.4e+38 -3.4e+38 -3.4e+38 -3.4e+38 -3.4e+38
23.0599994659424 23.5979995727539 24.6410007476807 25.1450004577637 25.761999130249 26.423999786377 25.8689994812012 25.7259998321533 24.2590007781982 21.2749996185303 20.3129997253418 20.2959995269775 21.3010005950928 22.3169994354248 19.556999206543 18.4309997558594 22.3689994812012 25.7929992675781 26.4610004425049 27.1499996185303 27.9589996337891 28.1949996948242 27.8010005950928 26.9599990844727 25.9680004119873 25.5699996948242 26.367000579834 26.6399993896484 25.992000579834 25.4720001220703 24.5289993286133 23.3570003509521 21.0209999084473 21.1690006256104 19.3950004577637 -3.4e+38 -3.4e+38 -3.4e+38 -3.4e+38 -3.4e+38 -3.4e+38 -3.4e+38 -3.4e+38 -3.4e+38 -3.4e+38 -3.4e+38
22.9449996948242 23.9659996032715 24.5939998626709 24.742000579834 25.0970001220703 25.3980007171631 25.7450008392334 25.32200050354 25.011999130249 24.246000289917 21.9300003051758 21.9290008544922 22.5639991760254 22.238000869751 21.7280006408691 19.8889999389648 23.378999710083 25.4109992980957 25.2509994506836 25.5100002288818 26.7609996795654 26.9559993743896 26.8309993743896 26.7049999237061 25.9190006256104 25.7919998168945 25.1509990692139 25.2600002288818 24.8339996337891 24.011999130249 23.9939994812012 23.7110004425049 22.8190002441406 21.6830005645752 21.6490001678467 20.9580001831055 -3.4e+38 -3.4e+38 -3.4e+38 -3.4e+38 -3.4e+38 -3.4e+38 -3.4e+38 -3.4e+38 -3.4e+38 -3.4e+38
24.0170001983643 25.1469993591309 25.7040004730225 24.7490005493164 24.4829998016357 24.7369995117188 25.3239994049072 24.8519992828369 24.8320007324219 24.7469997406006 23.673999786377 23.3020000457764 22.5340003967285 22.386999130249 22.261999130249 20.6849994659424 21.3250007629395 22.4799995422363 22.30299949646 23.2290000915527 26.2269992828369 26.8509998321533 25.7959995269775 26.3059997558594 26.5970001220703 29.4850006103516 27.9120006561279 24.1760005950928 23.6019992828369 22.003999710083 21.7479991912842 22.2110004425049 22.3209991455078 21.3840007781982 21.4729995727539 22.5769996643066 23.4890003204346 -3.4e+38 -3.4e+38 -3.4e+38 -3.4e+38 -3.4e+38 -3.4e+38 -3.4e+38 -3.4e+38 -3.4e+38
28.0130004882812 28.3939990997314 27.4640007019043 26.2299995422363 23.8740005493164 23.4699993133545 24.1280002593994 24.8099994659424 24.6569995880127 24.4580001831055 23.3379993438721 23.7919998168945 23.6359996795654 22.8799991607666 22.4500007629395 21.9360008239746 22.0090007781982 21.2730007171631 20.0659999847412 20.3939990997314 24.0319995880127 25.6350002288818 24.5709991455078 28.7700004577637 31.2740001678467 31.3239994049072 29.0349998474121 23.7290000915527 20.3920001983643 18.5400009155273 17.8519992828369 19.6830005645752 20.3229999542236 20.0139999389648 20.1870002746582 22.673999786377 24.0580005645752 24.5060005187988 -3.4e+38 -3.4e+38 -3.4e+38 -3.4e+38 -3.4e+38 -3.4e+38 -3.4e+38 -3.4e+38
29.4699993133545 30.0249996185303 28.3110008239746 26.4740009307861 24.0200004577637 23.8229999542236 24.3920001983643 24.7940006256104 24.568000793457 23.4799995422363 23.3659992218018 24.128999710083 24.5590000152588 23.6590003967285 23.3020000457764 21.8419990539551 21.2520008087158 20.3339996337891 19.5400009155273 18.5849990844727 22.75 22.8409996032715 23.6229991912842 27.7889995574951 30.7719993591309 31.0200004577637 27.5860004425049 26.0830001831055 17.6679992675781 17.632999420166 17.3810005187988 18.5279998779297 18.7490005493164 18.0839996337891 17.8990001678467 22.2490005493164 23.488000869751 24.2639999389648 24.7210006713867 -3.4e+38 -3.4e+38 -3.4e+38 -3.4e+38 -3.4e+38 -3.4e+38 -3.4e+38
30.0419998168945 30.6420001983643 29.4300003051758 29.2250003814697 29.3439998626709 28.4330005645752 26.0179996490479 25.0909996032715 24.0849990844727 23.2059993743896 23.5779991149902 24.8470001220703 25.2600002288818 25.0109996795654 24.6690006256104 21.6060009002686 20.4349994659424 19.2600002288818 18.8910007476807 18.9799995422363 21.0699996948242 21.0249996185303 21.1450004577637 25.3040008544922 28.9930000305176 27.7789993286133 24.125 23.9379997253418 19.6410007476807 17.3460006713867 17.5419998168945 18.3990001678467 18.80299949646 20.0830001831055 20.4479999542236 22.8349990844727 22.9540004730225 23.9220008850098 23.8889999389648 23.3320007324219 -3.4e+38 -3.4e+38 -3.4e+38 -3.4e+38 -3.4e+38 -3.4e+38
31.7900009155273 30.6720008850098 26.4370002746582 28.2779998779297 29.2409992218018 28.8549995422363 27.3999996185303 26.6669998168945 24.2819995880127 23.8229999542236 23.8269996643066 24.8649997711182 25.2259998321533 24.7689990997314 23.1800003051758 21.1100006103516 19.6959991455078 19.3700008392334 18.9009990692139 18.8729991912842 19.923999786377 20.3290004730225 20.5779991149902 20.2259998321533 26.2409992218018 26.0230007171631 24.2520008087158 21.5580005645752 17.0389995574951 17.3810005187988 17.4899997711182 18.2089996337891 19.7250003814697 21.0960006713867 21.8640003204346 22.318000793457 22.4769992828369 22.5109996795654 22.4720001220703 22.3470001220703 22.4790000915527 -3.4e+38 -3.4e+38 -3.4e+38 -3.4e+38 -3.4e+38
