01_datasets/03_gis/02_asc_chm-r50m/BR22X2.asc
NCOLS 200 
NROWS 200 
XLLCORNER 533416 
YLLCORNER 5281591 
CELLSIZE 0.5 
NODATA_value -3.4e+38 
[rows 120 to 139 of 200, columns 92 to 137 of 200]
19.5270004272461 16.6639995574951 13.0860004425049 21.798999786377 25.2029991149902 25.2520008087158 23.113000869751 24.3309993743896 25.5249996185303 25.9519996643066 27.5100002288818 28.6749992370605 29.2490005493164 29.318000793457 29.4669990539551 33.0629997253418 34.9690017700195 35.7879981994629 35.6040000915527 37.5979995727539 38.2179985046387 38.5369987487793 38.7540016174316 38.7050018310547 37.6829986572266 37.685001373291 35.023998260498 30.67799949646 29.431999206543 10.9259996414185 8.42899990081787 7.92199993133545 7.26700019836426 7.93800020217896 9.09000015258789 9.46500015258789 9.11100006103516 9.79199981689453 11.7290000915527 12.6379995346069 13.0699996948242 14.3140001296997 15.496000289917 18.806999206543 19.6319999694824 18.4689998626709
17.375 8.07199954986572 11.6389999389648 20.753999710083 21.05299949646 13.0019998550415 21.6310005187988 24.4090003967285 25.3850002288818 25.75 27.2679996490479 28.2089996337891 28.628999710083 28.9650001525879 29.2800006866455 31.9099998474121 35.1990013122559 36.0340003967285 36.5270004272461 37.5499992370605 38.7480010986328 39.2130012512207 39.6800003051758 39.2140007019043 38.0979995727539 37.6759986877441 36.7900009155273 33.1949996948242 13.9449996948242 8.25500011444092 7.96000003814697 6.96099996566772 6.77799987792969 8.28999996185303 9.42199993133545 9.35099983215332 9.23999977111816 12.168999671936 9.27200031280518 10.7659997940063 12.3540000915527 12.9119997024536 14.5649995803833 17.1340007781982 17.2980003356934 15.0520000457764
10.6990003585815 6.53700017929077 14.3039999008179 23.242000579834 26.3959999084473 20.55299949646 24.0319995880127 25.125 27.007999420166 27.2250003814697 27.4020004272461 28.0599994659424 28.5240001678467 28.7189998626709 28.9459991455078 30.6919994354248 34.2019996643066 35.7529983520508 36.773998260498 37.7709999084473 38.8129997253418 39.8009986877441 39.9119987487793 39.3079986572266 38.4440002441406 37.6269989013672 37.0139999389648 36.1629981994629 15.4119997024536 8.34799957275391 8.06799983978271 7.14099979400635 6.15799999237061 7.7979998588562 8.11600017547607 8.01200008392334 14.7200002670288 24.7129993438721 25.3619995117188 29.9930000305176 18.5030002593994 12.4750003814697 12.9270000457764 13.831000328064 14.1020002365112 10.9499998092651
4.28399991989136 4.9210000038147 16.2569999694824 25.2360000610352 26.9899997711182 25.9169998168945 25.8330001831055 27.2740001678467 31.0049991607666 30.1590003967285 28.2259998321533 29.1380004882812 29.1520004272461 29.1550006866455 29.0170001983643 31.238000869751 33.7900009155273 36.1520004272461 36.9020004272461 37.8349990844727 38.5880012512207 39.6189994812012 39.6650009155273 38.7350006103516 37.4710006713867 37.4160003662109 36.8779983520508 34.8209991455078 27.8050003051758 28.1560001373291 8.11400032043457 7.04199981689453 6.44199991226196 5.69199991226196 4.94000005722046 5.03800010681152 18.8059997558594 35.0660018920898 36.4949989318848 36.7060012817383 27.82200050354 16.4360008239746 11.7080001831055 11.9309997558594 11.4980001449585 10.7829999923706
3.91799998283386 4.12900018692017 18.4909992218018 25.1030006408691 27.3269996643066 27.7310009002686 29.3080005645752 32.601001739502 32.6020011901855 32.4210014343262 31.0200004577637 30.621000289917 29.4459991455078 27.8330001831055 24.2240009307861 32.5740013122559 34.1440010070801 35.8120002746582 35.9020004272461 37.4949989318848 37.7729988098145 38.5410003662109 38.7820014953613 38.9809989929199 38.1040000915527 37.1319999694824 36.5400009155273 34.4039993286133 32.8870010375977 12.5050001144409 8.06400012969971 7.64499998092651 7.0149998664856 6.15899991989136 25.4759998321533 34.4109992980957 35.2290000915527 36.4440002441406 36.484001159668 36.7939987182617 36.0120010375977 12.7399997711182 10.2589998245239 10.4969997406006 10.6520004272461 10.83899974823
4.30800008773804 3.61899995803833 16.6870002746582 25.3099994659424 28.4409999847412 29.5550003051758 31.9740009307861 33.6920013427734 33.4140014648438 32.6790008544922 32.2190017700195 31.2479991912842 28.1959991455078 21.6499996185303 20.3020000457764 31.0300006866455 33.9339981079102 35.0229988098145 36.3740005493164 37.1209983825684 37.443000793457 37.7140007019043 38.2000007629395 38.125 37.234001159668 36.8540000915527 36.2369995117188 35.1209983825684 31.5869998931885 25.3500003814697 8.51900005340576 7.91599988937378 7.15999984741211 11.6809997558594 34.4269981384277 36.867000579834 37.7789993286133 36.6080017089844 36.6889991760254 37.0260009765625 35.9329986572266 30.8419990539551 15.5950002670288 14.3369998931885 8.38899993896484 8.34000015258789
3.00799989700317 3.26699995994568 22.4370002746582 28.3819999694824 29.1070003509521 31.0590000152588 32.435001373291 33.0810012817383 34.7639999389648 34.1710014343262 35.5740013122559 32.1629981994629 32.7389984130859 27.2530002593994 26.2199993133545 30.7660007476807 32.6660003662109 34.9070014953613 35.9580001831055 36.9440002441406 37.298999786377 37.5859985351562 37.6230010986328 37.5909996032715 37.0769996643066 36.6380004882812 35.1980018615723 32.8810005187988 29.4619998931885 19.9759998321533 12.7390003204346 10.8500003814697 7.92700004577637 23.8290004730225 36.8009986877441 38.6180000305176 39.2210006713867 38.0800018310547 37.9259986877441 37.2130012512207 36.9230003356934 37.6419982910156 30.9559993743896 24.8439998626709 11.2279996871948 3.58599996566772
3.3840000629425 5.01800012588501 27.6639995574951 29.625 30.1229991912842 31.1539993286133 32.1119995117188 34.3400001525879 36.109001159668 36.1689987182617 37.2109985351562 36.8289985656738 35.9749984741211 32.2750015258789 32.0050010681152 30.4589996337891 30.1520004272461 32.3800010681152 35.3709983825684 35.9589996337891 36.7249984741211 36.7019996643066 36.6150016784668 35.0019989013672 36.0940017700195 35.1790008544922 31.9629993438721 31.621000289917 29.7049999237061 27.8729991912842 25.6529998779297 15.4700002670288 9.08600044250488 26.4610004425049 37.7019996643066 39.1430015563965 39.4860000610352 39.7890014648438 40.2770004272461 40.1559982299805 38.0289993286133 37.6749992370605 37.734001159668 35.5089988708496 24.7819995880127 17.576000213623
8.79199981689453 21.7479991912842 27.5349998474121 28.7840003967285 29.6800003051758 32.1660003662109 34.2299995422363 36.242000579834 37.1669998168945 37.4160003662109 38.1510009765625 37.9249992370605 37.8849983215332 36.359001159668 35.1800003051758 32.6040000915527 30.6259994506836 30.3920001983643 32.5989990234375 33.8429985046387 33.9700012207031 34.2879981994629 35.1829986572266 35.0670013427734 35.2130012512207 33.4570007324219 31.451000213623 31.0069999694824 30.7719993591309 31.1159992218018 30.9599990844727 28.5060005187988 20.5090007781982 33.5390014648438 36.8450012207031 38.6549987792969 40.0639991760254 41.0779991149902 41.3320007324219 40.8709983825684 40.5970001220703 38.4280014038086 37.7389984130859 35.8639984130859 31.3920001983643 31.0249996185303
9.7810001373291 24.4190006256104 27.19700050354 28.8159999847412 29.8020000457764 32.689998626709 34.851001739502 36.2130012512207 37.7179985046387 38.6020011901855 39.2669982910156 38.757999420166 38.1990013122559 37.1080017089844 35.5639991760254 33.4280014038086 31.0249996185303 31.8460006713867 33.0219993591309 33.4959983825684 33.9029998779297 34.4710006713867 35.2680015563965 35.9309997558594 35.7849998474121 34.0419998168945 32.8279991149902 32.5289993286133 32.7919998168945 32.0589981079102 32.0439987182617 32.1139984130859 33.0730018615723 36.2130012512207 38.7029991149902 40.576000213623 41.2430000305176 42.0880012512207 42.5429992675781 41.7270011901855 41.2070007324219 41.2330017089844 39.4850006103516 38.0050010681152 32.9020004272461 31.4839992523193
14.4099998474121 25.4300003051758 27.3330001831055 29.3819999694824 31.7250003814697 33.6500015258789 34.7210006713867 36.4360008239746 38.443000793457 39.5690002441406 39.8230018615723 39.3769989013672 38.9039993286133 37.7200012207031 36.1800003051758 33.132999420166 31.9260005950928 32.2799987792969 33.4519996643066 33.9529991149902 34.0040016174316 34.9879989624023 35.9169998168945 36.548999786377 36.265998840332 35.3269996643066 34.0279998779297 34.2210006713867 34.1069984436035 32.6139984130859 32.701000213623 32.3269996643066 33.0349998474121 36.1230010986328 39.2459983825684 40.6910018920898 41.6319999694824 42.6640014648438 43.1220016479492 42.6450004577637 41.5849990844727 41.390998840332 40.6279983520508 39.7029991149902 34.2700004577637 30.4950008392334
23.9039993286133 25.0820007324219 25.8010005950928 29.1749992370605 32.2249984741211 33.0730018615723 34.2190017700195 35.9710006713867 38.2770004272461 39.189998626709 39.4169998168945 39.1119995117188 38.3779983520508 37.8610000610352 36.1059989929199 34.5769996643066 33.1110000610352 32.2309989929199 33.6549987792969 34.6809997558594 36.1570014953613 36.5299987792969 37.1749992370605 37.2849998474121 36.6609992980957 36.4059982299805 35.492000579834 35.2060012817383 34.9990005493164 32.4879989624023 32.5390014648438 32.3650016784668 32.8889999389648 36.8969993591309 39.976001739502 41.734001159668 42.4280014038086 42.9449996948242 43.1669998168945 42.8440017700195 42.0509986877441 41.3950004577637 40.4770011901855 39.3889999389648 36.2200012207031 32.7949981689453
19.4650001525879 25.3910007476807 27.9990005493164 30.6709995269775 32.193000793457 32.826000213623 33.2400016784668 35.265998840332 37.3470001220703 38.3110008239746 38.4560012817383 38.0820007324219 37.9889984130859 37.8520011901855 36.9500007629395 36.5019989013672 36.2299995422363 34.234001159668 35.1839981079102 35.007999420166 36.4199981689453 37.2569999694824 37.8889999389648 38.1910018920898 37.193000793457 36.7949981689453 35.4150009155273 35.1910018920898 34.4669990539551 32.5229988098145 31.996000289917 32.6230010986328 34.5149993896484 39.2620010375977 40.1059989929199 41.1230010986328 42.3979988098145 42.9119987487793 43.0789985656738 42.9210014343262 42.3950004577637 41.8160018920898 40.0470008850098 38.4189987182617 35.5730018615723 35.6889991760254
19.2469997406006 26.4209995269775 28.6509990692139 29.4860000610352 31.2630004882812 32.5810012817383 32.7820014953613 35.4230003356934 37.2459983825684 37.9259986877441 37.7970008850098 37.7130012512207 37.4189987182617 36.6430015563965 36.4410018920898 36.9410018920898 36.7589988708496 36.0149993896484 35.8489990234375 35.8050003051758 36.7200012207031 37.4519996643066 37.9959983825684 38.0789985656738 37.3209991455078 36.3569984436035 35.2680015563965 34.5890007019043 34.1580009460449 32.5620002746582 31.6159992218018 34.8600006103516 38.0909996032715 39.1650009155273 40.0120010375977 40.9889984130859 42.060001373291 42.4659996032715 42.5639991760254 42.6769981384277 41.6150016784668 40.5400009155273 39.6759986877441 37.9300003051758 35.6209983825684 35.5069999694824
10.6800003051758 22.69700050354 28.9740009307861 29.5559997558594 30.4529991149902 31.6429996490479 33.5340003967285 35.1319999694824 36.5309982299805 36.6879997253418 37.068000793457 37.0200004577637 36.6189994812012 36.6570014953613 37.3629989624023 37.8380012512207 37.9010009765625 36.3170013427734 36.6269989013672 35.976001739502 36.3759994506836 36.7669982910156 37.3460006713867 37.4519996643066 37.1640014648438 36.6139984130859 35.3979988098145 35.0050010681152 34.1380004882812 32.3860015869141 30.8880004882812 34.5209999084473 37.4230003356934 39.1419982910156 39.6710014343262 40.8580017089844 41.5970001220703 41.7919998168945 41.7690010070801 40.9990005493164 40.4140014648438 40.3969993591309 39.4710006713867 38.6730003356934 35.5810012817383 34.5750007629395
7.46799993515015 21.4190006256104 28.0610008239746 28.6410007476807 29.7689990997314 31.8840007781982 32.2299995422363 33.3810005187988 34.2859992980957 35.9049987792969 36.8930015563965 36.9259986877441 37.4860000610352 38.4160003662109 38.9389991760254 38.9990005493164 38.7560005187988 38.6800003051758 38.0699996948242 37.4189987182617 36.0579986572266 35.7519989013672 36.5540008544922 37.1049995422363 37.0089988708496 36.6839981079102 35.6949996948242 34.5009994506836 33.1650009155273 32.5559997558594 31.4969997406006 34.3699989318848 36.3549995422363 38.3019981384277 39.4910011291504 40.4469985961914 40.4119987487793 40.2900009155273 40.7999992370605 40.3660011291504 39.8899993896484 39.7529983520508 39.3880004882812 39.1290016174316 36.8160018920898 34.0900001525879
7.70900011062622 19.7299995422363 26.3929996490479 27.4099998474121 28.0659999847412 30.3059997558594 32.3160018920898 33.0130004882812 33.4830017089844 35.7470016479492 37.4049987792969 37.8520011901855 38.8660011291504 39.3740005493164 39.5709991455078 39.4869995117188 39.3089981079102 38.5209999084473 38.4370002746582 37.4119987487793 35.6310005187988 34.7809982299805 34.4589996337891 35.201000213623 35.5019989013672 35.9010009765625 35.6040000915527 32.1809997558594 31.7169990539551 33.1370010375977 34.2050018310547 35.7939987182617 36.6590003967285 38.3339996337891 38.6030006408691 38.9420013427734 38.5940017700195 38.3849983215332 38.8699989318848 38.9529991149902 39.1269989013672 39.3709983825684 37.9189987182617 38.1030006408691 36.0629997253418 33.8450012207031
12.5520000457764 23.9370002746582 26.996000289917 27.7889995574951 28.2639999389648 29.6849994659424 31.0359992980957 31.7639999389648 32.1749992370605 35.1940002441406 37.3559989929199 38.3339996337891 39.5320014953613 40.7319984436035 40.5589981079102 40.1290016174316 39.6440010070801 38.6990013122559 38.5369987487793 37.5200004577637 36.5320014953613 35.9119987487793 34.2900009155273 33.5690002441406 33.3400001525879 34.6479988098145 34.242000579834 31.9309997558594 31.4160003662109 31.5879993438721 34.4970016479492 32.4659996032715 32.1160011291504 36.7299995422363 36.685001373291 37.2060012817383 37.9690017700195 37.4580001831055 38.0839996337891 38.2150001525879 37.6230010986328 37.3740005493164 34.75 35.6870002746582 35.7869987487793 26.6599998474121
20.3080005645752 23.1189994812012 26.7180004119873 27.9519996643066 27.9769992828369 29.8449993133545 30.9029998779297 31.0739994049072 33.3839988708496 35.3870010375977 37.6069984436035 38.6860008239746 39.5289993286133 40.818000793457 40.9589996337891 40.3740005493164 39.9140014648438 39.3419990539551 37.9830017089844 36.6290016174316 35.6990013122559 35.6349983215332 34.3059997558594 33.3880004882812 33.1160011291504 33.8050003051758 33.7089996337891 32.173999786377 31.3349990844727 29.1049995422363 29.5359992980957 31.8449993133545 27.7609996795654 34.3380012512207 36.5870018005371 36.6990013122559 36.9220008850098 36.9640007019043 36.5589981079102 35.4630012512207 34.1269989013672 33.701000213623 32.1529998779297 34.4790000915527 27.7509994506836 17.1420001983643
21.0230007171631 23.3549995422363 26.3500003814697 27.4169998168945 27.6790008544922 30.1389999389648 31.2880001068115 33.0419998168945 34.0979995727539 36.1349983215332 37.5120010375977 38.2430000305176 39.515998840332 40.2620010375977 40.4720001220703 40.0279998779297 39.8810005187988 39.431999206543 38.2050018310547 36.7150001525879 33.7840003967285 34.5320014953613 33.9790000915527 33.2869987487793 33.2569999694824 33.3680000305176 32.6160011291504 31.1520004272461 31.4540004730225 30.1679992675781 30.3129997253418 32.1269989013672 30 34.2859992980957 35.4630012512207 34.5449981689453 34.0950012207031 31.7749996185303 32.3359985351562 32.7999992370605 34.3380012512207 34.7610015869141 32.7270011901855 32.064998626709 28.2670001983643 15.8439998626709
