01_datasets/03_gis/02_asc_chm-r50m/BR220P.asc
NCOLS 201 
NROWS 200 
XLLCORNER 531151 
YLLCORNER 5295054.5 
CELLSIZE 0.5 
NODATA_value -3.4e+38 
[rows 100 to 119 of 200, columns 92 to 137 of 201]
18.9720001220703 17.8980007171631 15.8450002670288 14.8319997787476 13.0559997558594 12.8579998016357 14.91100025177 15.4099998474121 15.2170000076294 15.1510000228882 15.2650003433228 17.6100006103516 21.6299991607666 22.9349994659424 26.1480007171631 26.3250007629395 30.693000793457 32.5550003051758 33.6150016784668 34.0229988098145 34.9609985351562 35.492000579834 34.7239990234375 34.3370018005371 32.8849983215332 31.3439998626709 29.1009998321533 29.0450000762939 28.2819995880127 27.5359992980957 26.92799949646 20.0939998626709 19.3040008544922 19.67799949646 17.742000579834 18.0429992675781 19.0200004577637 23.3099994659424 25.6830005645752 27.5979995727539 29.4400005340576 30.1079998016357 30.2689990997314 27.7049999237061 25.5990009307861 29.1749992370605
19.3099994659424 17.7810001373291 15.3140001296997 12.8109998703003 13.2489995956421 14.581000328064 15.201000213623 15.4040002822876 15.1389999389648 15.5539999008179 16.8939990997314 20.2740001678467 24.0359992980957 25.3150005340576 28.5259990692139 30.306999206543 32.4150009155273 34.1370010375977 34.3400001525879 35.814998626709 36.5429992675781 36.326000213623 35.8380012512207 34.8460006713867 32.7190017700195 32.3650016784668 30.8279991149902 29.0990009307861 28.2220001220703 27.7469997406006 26.3099994659424 24.4699993133545 22.0620002746582 22.1989994049072 19.7660007476807 18.9519996643066 19.2910003662109 22.798999786377 26.298999786377 28.1319999694824 29.5709991455078 30.1450004577637 30.3799991607666 27.7649993896484 25.5669994354248 32.3720016479492
18.9750003814697 17.5629997253418 16.9500007629395 12.6020002365112 12.9139995574951 14.3859996795654 15.7760000228882 15.2489995956421 16.238000869751 16.5160007476807 16.5599994659424 21.4570007324219 24.3980007171631 25.4710006713867 28.0520000457764 28.9909992218018 33.314998626709 34.5229988098145 35.1619987487793 36.8199996948242 37.2190017700195 36.7840003967285 35.6459999084473 34.4039993286133 32.7690010070801 32.1910018920898 31.4379997253418 30.007999420166 29 28.1599998474121 27.3889999389648 27.2870006561279 20.5809993743896 17.7789993286133 18.2040004730225 18.5599994659424 20.0919990539551 21.0400009155273 25.4449996948242 27.4699993133545 28.5349998474121 29.681999206543 29.2220001220703 26.4829998016357 23.9139995574951 30.5639991760254
18.2250003814697 17.6270008087158 16.1800003051758 13.8929996490479 13.3999996185303 15.6330003738403 17.7870006561279 17.7660007476807 18.5459995269775 18.4389991760254 18.201000213623 22.5170001983643 23.8320007324219 24.5809993743896 26.5179996490479 27.1380004882812 32.6269989013672 34.523998260498 36.2169990539551 37.693000793457 37.6370010375977 37.0219993591309 35.6199989318848 34.3030014038086 32.5250015258789 31.617000579834 31.2269992828369 30.5179996490479 29.1809997558594 27.6499996185303 27.2709999084473 25.8390007019043 22.0440006256104 17.8680000305176 18.496000289917 16.9409999847412 19.8840007781982 21.9419994354248 24.1259994506836 26.4090003967285 27.0639991760254 27.4150009155273 27.261999130249 25.2210006713867 23.6410007476807 28.4349994659424
17.7430000305176 16.2830009460449 15.1639995574951 18.3920001983643 17.2409992218018 17.7029991149902 18.8929996490479 18.0520000457764 22.826000213623 23.6340007781982 22.2070007324219 24.2439994812012 24.0860004425049 24.8439998626709 27.9200000762939 28.0440006256104 32.1650009155273 33.3499984741211 34.9199981689453 36.8849983215332 36.9830017089844 35.9970016479492 35.4220008850098 33.9659996032715 32.2369995117188 31.3929996490479 31.1569995880127 29.8959999084473 29.4729995727539 28.1119995117188 27.9890003204346 26.6200008392334 19.7609996795654 18.8659992218018 17.9689998626709 16.003999710083 22.6800003051758 23.8309993743896 24.7049999237061 24.0499992370605 24.1879997253418 25.113000869751 25.2259998321533 26.1180000305176 24.5130004882812 27.4220008850098
15.7919998168945 14.3900003433228 15.3870000839233 20.386999130249 22.8129997253418 22.9419994354248 22.1529998779297 20.306999206543 22.6350002288818 25.5860004425049 25.3360004425049 25.943000793457 24.8199996948242 23.7730007171631 26.7530002593994 26.2150001525879 28.2520008087158 29.9939994812012 33.0579986572266 34.9819984436035 35.3899993896484 34.4119987487793 34.2980003356934 33.923999786377 31.8080005645752 30.5709991455078 29.9669990539551 28.7169990539551 29.1049995422363 28.6469993591309 28.3700008392334 27.67799949646 27.7469997406006 24.0109996795654 20.5319995880127 24.5699996948242 26.9009990692139 26.3990001678467 26.5219993591309 22.6340007781982 23.1480007171631 24.1070003509521 24.0629997253418 25.7490005493164 27.3439998626709 30.2759990692139
14.0979995727539 15.0310001373291 14.1700000762939 13.9479999542236 19.2999992370605 23.7999992370605 25.4629993438721 25.5149993896484 25.6410007476807 26.4419994354248 26.5919990539551 26.3120002746582 25.0389995574951 22.9309997558594 23.4720001220703 23.136999130249 27.886999130249 30.0629997253418 31.0349998474121 32.9679985046387 33.875 32.8499984741211 31.4589996337891 31.3490009307861 31.0349998474121 29.1229991912842 28.5499992370605 28.9349994659424 29.3330001831055 29.3719997406006 28.5990009307861 28.8229999542236 28.7290000915527 28.5709991455078 27.5559997558594 29.2390003204346 29.1350002288818 27.8099994659424 28.5459995269775 26.7740001678467 25.9939994812012 23.2779998779297 22.7070007324219 24.882999420166 27.6770000457764 28.4740009307861
16.5580005645752 18.2889995574951 17.4829998016357 17.7889995574951 21.5 24.9270000457764 26.4599990844727 26.9050006866455 27.5879993438721 27.632999420166 27.3099994659424 26.1439990997314 25.201000213623 24.6189994812012 23.7229995727539 24.8080005645752 26.2070007324219 29.9899997711182 30.7649993896484 31.8810005187988 32.3730010986328 30.0189990997314 29.2070007324219 29.3880004882812 29.6319999694824 29.0960006713867 29.3439998626709 29.9479999542236 30.0540008544922 30.068000793457 30.3840007781982 29.7700004577637 29.7749996185303 29.5160007476807 29.451000213623 29.8159999847412 30.1919994354248 29.875 29.6580009460449 29.2019996643066 28.0270004272461 25.3530006408691 21.7719993591309 23.6399993896484 25.2229995727539 26.7299995422363
17.5030002593994 18.5310001373291 18.826000213623 19.5300006866455 22.7609996795654 23.9209995269775 25.4799995422363 27.2530002593994 27.9349994659424 28.0259990692139 27.9179992675781 27.3239994049072 26.923999786377 26.69700050354 25.2590007781982 24.2880001068115 24.1299991607666 26.0559997558594 29.0090007781982 29.5100002288818 29.8729991912842 29.1200008392334 29.0020008087158 28.4479999542236 27.8850002288818 29.0900001525879 29.5909996032715 29.9890003204346 30.8770008087158 31.7000007629395 31.7040004730225 30.7520008087158 30.753999710083 30.5919990539551 30.3560009002686 30.818000793457 30.9190006256104 30.9190006256104 30.0629997253418 29.4039993286133 28.5060005187988 23.5139999389648 20.8090000152588 22.6599998474121 22.4309997558594 23.4750003814697
17.1040000915527 19.6359996795654 20.6889991760254 21.0659999847412 19.6509990692139 26.0470008850098 25.0230007171631 27.6639995574951 28.2439994812012 27.9379997253418 27.7479991912842 27.5510005950928 27.1429996490479 27.2210006713867 25.3150005340576 23.0480003356934 21.9780006408691 21.9260005950928 26.3880004882812 28.048999786377 28.3549995422363 27.8419990539551 27.5179996490479 26.5979995727539 26.3570003509521 26.5769996643066 27.9230003356934 29.3279991149902 31.5480003356934 31.7029991149902 31.7560005187988 31.2999992370605 31.242000579834 30.7709999084473 30.9729995727539 31.113000869751 31.1909999847412 31.0639991760254 30.5359992980957 29.5090007781982 28.871000289917 24.8799991607666 20.4699993133545 19.818000793457 19.886999130249 21.5170001983643
20.8449993133545 22.6359996795654 22.7560005187988 23.1590003967285 25.5470008850098 26.5639991760254 27.1509990692139 28.0510005950928 28.1809997558594 27.7700004577637 27.3449993133545 27.1100006103516 26.5930004119873 24.9370002746582 22.8229999542236 22.0149993896484 19.3470001220703 21.2409992218018 24.8479995727539 26.2530002593994 26.6630001068115 26.056999206543 27.0200004577637 26.9810009002686 26.8920001983643 26.5610008239746 27.9050006866455 29.6900005340576 31.3640003204346 32.0660018920898 32.2410011291504 31.8700008392334 31.5900001525879 31.1049995422363 30.753999710083 31.0380001068115 31.1100006103516 30.9720001220703 30.5179996490479 29.4860000610352 28.3320007324219 27.0009994506836 22.2649993896484 19.5240001678467 19.4290008544922 19.8309993743896
19.4169998168945 22.5580005645752 22.7439994812012 23.8700008392334 25.0319995880127 25.7940006256104 26.7220001220703 27.2770004272461 27.8589992523193 27.7709999084473 27.4409999847412 26.9349994659424 25.3880004882812 22.5659999847412 24.0300006866455 21.746000289917 19.0930004119873 20.7700004577637 22.2830009460449 22.3740005493164 23.5769996643066 24.5330009460449 25.886999130249 26.7660007476807 27.2740001678467 27.068000793457 29.0510005950928 30.7299995422363 31.5580005645752 32.4090003967285 32.4230003356934 32.0050010681152 31.5049991607666 30.5990009307861 29.9379997253418 30.7409992218018 30.9599990844727 30.9139995574951 30.4890003204346 29.8250007629395 28.5879993438721 26.2299995422363 23.1790008544922 18.4979991912842 20.2430000305176 20.9939994812012
15.2030000686646 20.3390007019043 21.9440002441406 23.5459995269775 24.3460006713867 25.2119998931885 25.5750007629395 25.7479991912842 27.5370006561279 27.1620006561279 27.193000793457 26.5130004882812 25.0429992675781 24.2929992675781 24.9489994049072 23.1459999084473 22.4769992828369 21.2819995880127 21.7220001220703 21.3330001831055 21.6280002593994 22.4820003509521 24.6809997558594 26.9130001068115 27.636999130249 27.632999420166 28.4200000762939 30.3360004425049 30.9260005950928 31.5979995727539 31.5580005645752 31.3689994812012 31.1520004272461 30.2870006561279 29.9400005340576 30.0289993286133 30.1760005950928 30.0729999542236 29.0349998474121 28.0919990539551 25.4659996032715 24.6989994049072 20.4109992980957 17.1219997406006 20.5240001678467 21.7479991912842
14.3000001907349 20.2600002288818 21.2320003509521 22.1079998016357 23.4099998474121 24.0820007324219 24.003999710083 24.6079998016357 26.1459999084473 26.6340007781982 26.5349998474121 25.242000579834 24.7740001678467 25.2509994506836 25.3390007019043 24.4419994354248 22.261999130249 21.0659999847412 20.7819995880127 21.3080005645752 22.8770008087158 23.6529998779297 25.2749996185303 26.4549999237061 27.0750007629395 26.4869995117188 25.2800006866455 28.5310001373291 29.9160003662109 30.4729995727539 30.9169998168945 30.951000213623 30.6480007171631 29.4979991912842 29.2900009155273 28.9780006408691 28.8819999694824 29.0060005187988 28.5540008544922 24.6040000915527 18.1790008544922 19.4209995269775 16.8939990997314 17.0839996337891 18.7520008087158 21.5160007476807
15.9729995727539 20.0060005187988 19.9050006866455 20.5300006866455 22.1760005950928 23.2110004425049 23.9209995269775 24.4400005340576 24.7600002288818 25.9020004272461 26.0470008850098 25.9540004730225 23.6439990997314 24.5160007476807 24.625 23.0669994354248 21.8339996337891 21.238000869751 17.6919994354248 17.4500007629395 19.3099994659424 22.6609992980957 23.8840007781982 24.8740005493164 26.0370006561279 26.4540004730225 23.0370006561279 24.9060001373291 27.8190002441406 29.7080001831055 30.07200050354 29.3969993591309 28.7469997406006 28.3600006103516 27.746000289917 27.0470008850098 28.1989994049072 28.2889995574951 28.1709995269775 23.7350006103516 16.9969997406006 14.7799997329712 16.1979999542236 16.4610004425049 14.6719999313354 19.9109992980957
18.693000793457 19.1919994354248 18.6840000152588 18.4519996643066 21.4290008544922 22.9820003509521 23.7310009002686 22.9009990692139 23.0930004119873 23.8360004425049 24.8400001525879 24.6900005340576 22.0170001983643 22.363000869751 22.7450008392334 22.3500003814697 21.613000869751 20.5639991760254 14.628999710083 8.02799987792969 12.5620002746582 22.1959991455078 23.0419998168945 24.2880001068115 25.0310001373291 25.8939990997314 22.9260005950928 22.8120002746582 24.507999420166 26.9260005950928 28.1480007171631 28.6420001983643 26.7970008850098 25.3770008087158 24.5009994506836 21.7189998626709 25.8080005645752 25.5939998626709 24.8430004119873 19.3589992523193 11.4910001754761 12.4399995803833 14.2819995880127 15.1490001678467 14.0559997558594 18.056999206543
18.0419998168945 17.8659992218018 17.1180000305176 16.7259998321533 21.3840007781982 23.7880001068115 22.0090007781982 19.5650005340576 19.9130001068115 21.3560009002686 23.6200008392334 24.4659996032715 24.1550006866455 21.9139995574951 22.05299949646 16.5279998779297 15.2790002822876 12.5019998550415 9.23499965667725 4.79099988937378 4.19899988174438 15.1280002593994 21.371000289917 22.8320007324219 23.3400001525879 25.2900009155273 25.5849990844727 25.2679996490479 24.8439998626709 25.6720008850098 27.5869998931885 29.5200004577637 27.0669994354248 22.3920001983643 22.1989994049072 22.5279998779297 21.0109996795654 22.1889991760254 20.0820007324219 13.4390001296997 9.69999980926514 12.2159996032715 12.7320003509521 12.8339996337891 13.1219997406006 17.6790008544922
13.8470001220703 16.5699996948242 16.1639995574951 16.2759990692139 20.0300006866455 23.011999130249 21.0419998168945 16.8479995727539 17.4409999847412 18.7469997406006 21.4220008850098 22.3369998931885 20.9169998168945 20.621000289917 20.7900009155273 6.54199981689453 3.2739999294281 4.43800020217896 5.50600004196167 2.94099998474121 4.42399978637695 5.53999996185303 15.3640003204346 21.6229991912842 22.0319995880127 22.5750007629395 24.1110000610352 27.3229999542236 27.7980003356934 28.3689994812012 29.7709999084473 30.1730003356934 29.4190006256104 27.2530002593994 27.2490005493164 25.7019996643066 23.4839992523193 20.8339996337891 17.4990005493164 13.9799995422363 6.32800006866455 11.9010000228882 12.1470003128052 11.9420003890991 13.7469997406006 16.6299991607666
11.0120000839233 12.8219995498657 14.6400003433228 17.2740001678467 19.1189994812012 20.5450000762939 20.3250007629395 19.6690006256104 18.8169994354248 17.9190006256104 18.4069995880127 19.42799949646 19.1709995269775 20.4160003662109 20.0480003356934 6.16599988937378 2.7590000629425 2.21000003814697 2.46600008010864 2.49900007247925 4.03299999237061 5.26300001144409 14.4049997329712 17.5830001831055 18.1049995422363 19.0289993286133 19.9340000152588 26.0610008239746 29.0970001220703 29.6870002746582 29.8040008544922 30.8159999847412 30.4400005340576 30.2250003814697 30.2299995422363 28.9570007324219 26.2089996337891 21.8969993591309 21.378999710083 17.3929996490479 8.23900032043457 9.60900020599365 9.49499988555908 11.2510004043579 11.9230003356934 14.0649995803833
10.8979997634888 10.5200004577637 12.0089998245239 17.9260005950928 20.3309993743896 20.5510005950928 20.6840000152588 20.3530006408691 20.6480007171631 20.3640003204346 19.1900005340576 18.42799949646 17.625 17.4130001068115 15.3170003890991 9.52000045776367 5.25400018692017 1.55799996852875 1.75399994850159 2.62800002098083 4.09499979019165 4.15700006484985 4.35599994659424 9.52700042724609 14.4949998855591 17.2409992218018 20.2560005187988 26.863000869751 29.6280002593994 29.9759998321533 29.9610004425049 30.6149997711182 31.4529991149902 31.2859992980957 30.3229999542236 28.7709999084473 27.3689994812012 22.6159992218018 21.0820007324219 19.4419994354248 10.0290002822876 7.53800010681152 5.33199977874756 7.9539999961853 12.8529996871948 17.6280002593994
