01_datasets/03_gis/02_asc_chm-r50m/BR220P.asc
NCOLS 201 
NROWS 200 
XLLCORNER 531151 
YLLCORNER 5295054.5 
CELLSIZE 0.5 
NODATA_value -3.4e+38 
[rows 0 to 19 of 200, columns 46 to 91 of 201]
-3.4e+38 -3.4e+38 -3.4e+38 -3.4e+38 -3.4e+38 -3.4e+38 -3.4e+38 -3.4e+38 -3.4e+38 -3.4e+38 -3.4e+38 -3.4e+38 -3.4e+38 -3.4e+38 -3.4e+38 -3.4e+38 -3.4e+38 -3.4e+38 -3.4e+38 -3.4e+38 -3.4e+38 -3.4e+38 -3.4e+38 -3.4e+38 -3.4e+38 -3.4e+38 -3.4e+38 -3.4e+38 -3.4e+38 -3.4e+38 -3.4e+38 -3.4e+38 -3.4e+38 -3.4e+38 -3.4e+38 -3.4e+38 -3.4e+38 -3.4e+38 -3.4e+38 -3.4e+38 -3.4e+38 -3.4e+38 -3.4e+38 -3.4e+38 -3.4e+38 -3.4e+38
-3.4e+38 -3.4e+38 -3.4e+38 -3.4e+38 -3.4e+38 -3.4e+38 -3.4e+38 -3.4e+38 -3.4e+38 -3.4e+38 -3.4e+38 -3.4e+38 -3.4e+38 -3.4e+38 -3.4e+38 -3.4e+38 -3.4e+38 -3.4e+38 -3.4e+38 -3.4e+38 -3.4e+38 -3.4e+38 -3.4e+38 -3.4e+38 -3.4e+38 -3.4e+38 -3.4e+38 -3.4e+38 -3.4e+38 -3.4e+38 -3.4e+38 -3.4e+38 -3.4e+38 -3.4e+38 -3.4e+38 -3.4e+38 -3.4e+38 -3.4e+38 -3.4e+38 -3.4e+38 -3.4e+38 -3.4e+38 -3.4e+38 -3.4e+38 34.734001159668 34.1660003662109
-3.4e+38 -3.4e+38 -3.4e+38 -3.4e+38 -3.4e+38 -3.4e+38 -3.4e+38 -3.4e+38 -3.4e+38 -3.4e+38 -3.4e+38 -3.4e+38 -3.4e+38 -3.4e+38 -3.4e+38 -3.4e+38 -3.4e+38 -3.4e+38 -3.4e+38 -3.4e+38 -3.4e+38 -3.4e+38 -3.4e+38 -3.4e+38 -3.4e+38 -3.4e+38 -3.4e+38 -3.4e+38 -3.4e+38 -3.4e+38 -3.4e+38 -3.4e+38 -3.4e+38 -3.4e+38 -3.4e+38 -3.4e+38 -3.4e+38 -3.4e+38 36.1689987182617 35.7290000915527 35.673999786377 35.6189994812012 34.7919998168945 34.7770004272461 33.9169998168945 33.9939994812012
-3.4e+38 -3.4e+38 -3.4e+38 -3.4e+38 -3.4e+38 -3.4e+38 -3.4e+38 -3.4e+38 -3.4e+38 -3.4e+38 -3.4e+38 -3.4e+38 -3.4e+38 -3.4e+38 -3.4e+38 -3.4e+38 -3.4e+38 -3.4e+38 -3.4e+38 -3.4e+38 -3.4e+38 -3.4e+38 -3.4e+38 -3.4e+38 -3.4e+38 -3.4e+38 -3.4e+38 -3.4e+38 -3.4e+38 -3.4e+38 -3.4e+38 -3.4e+38 27.2779998779297 30.4220008850098 31.7490005493164 33.4490013122559 35.2690010070801 35.7439994812012 34.7949981689453 33.5519981384277 34.5060005187988 34.0330009460449 33.8370018005371 33.9729995727539 33.4659996032715 34.0149993896484
-3.4e+38 -3.4e+38 -3.4e+38 -3.4e+38 -3.4e+38 -3.4e+38 -3.4e+38 -3.4e+38 -3.4e+38 -3.4e+38 -3.4e+38 -3.4e+38 -3.4e+38 -3.4e+38 -3.4e+38 -3.4e+38 -3.4e+38 -3.4e+38 -3.4e+38 -3.4e+38 -3.4e+38 -3.4e+38 -3.4e+38 -3.4e+38 -3.4e+38 -3.4e+38 -3.4e+38 1.27799999713898 2.77300000190735 15.9359998703003 16.0459995269775 18.0470008850098 22.6989994049072 27.8409996032715 31.136999130249 31.681999206543 32.8330001831055 34.6059989929199 34.5830001831055 33.3689994812012 32.7369995117188 32.3810005187988 32.132999420166 32.7039985656738 33.25 34.5289993286133
-3.4e+38 -3.4e+38 -3.4e+38 -3.4e+38 -3.4e+38 -3.4e+38 -3.4e+38 -3.4e+38 -3.4e+38 -3.4e+38 -3.4e+38 -3.4e+38 -3.4e+38 -3.4e+38 -3.4e+38 -3.4e+38 -3.4e+38 -3.4e+38 -3.4e+38 -3.4e+38 -3.4e+38 -3.4e+38 -3.4e+38 4.7979998588562 4.20499992370605 5.21099996566772 0.876999974250793 1.29799997806549 2.76699995994568 3.34299993515015 5.43400001525879 6.66900014877319 17.5809993743896 30.9190006256104 32.007999420166 30.7240009307861 30.7800006866455 31.3950004577637 33.7669982910156 33.2159996032715 31.132999420166 31.3479995727539 32.068000793457 32.4140014648438 33.681999206543 34.9830017089844
-3.4e+38 -3.4e+38 -3.4e+38 -3.4e+38 -3.4e+38 -3.4e+38 -3.4e+38 -3.4e+38 -3.4e+38 -3.4e+38 -3.4e+38 -3.4e+38 -3.4e+38 -3.4e+38 -3.4e+38 -3.4e+38 -3.4e+38 -3.4e+38 -3.4e+38 -3.4e+38 13.1370000839233 8.52000045776367 11.4650001525879 7.19600009918213 6.74700021743774 4.7020001411438 2.03600001335144 0.929000020027161 2.25500011444092 3.0789999961853 3.9300000667572 8.75599956512451 19.371000289917 29.298999786377 33.8610000610352 33.3650016784668 34.2150001525879 31.1569995880127 32.6629981994629 31.1809997558594 32.1870002746582 32.4259986877441 35.0180015563965 34.8429985046387 35.1720008850098 35.7960014343262
-3.4e+38 -3.4e+38 -3.4e+38 -3.4e+38 -3.4e+38 -3.4e+38 -3.4e+38 -3.4e+38 -3.4e+38 -3.4e+38 -3.4e+38 -3.4e+38 -3.4e+38 -3.4e+38 -3.4e+38 -3.4e+38 -3.4e+38 -3.4e+38 17.4669990539551 9.99600028991699 9.85099983215332 15.8760004043579 18.431999206543 14.9930000305176 14.4759998321533 6.25299978256226 5.2350001335144 4.27799987792969 0.989000022411346 1.63999998569489 16.2900009155273 21.2040004730225 28.3290004730225 30.1049995422363 34.3810005187988 35.1730003356934 35.6150016784668 35.2169990539551 31.7129993438721 29.9619998931885 35.9550018310547 37.6590003967285 37.3810005187988 37.1259994506836 36.5060005187988 36.6529998779297
-3.4e+38 -3.4e+38 -3.4e+38 -3.4e+38 -3.4e+38 -3.4e+38 -3.4e+38 -3.4e+38 -3.4e+38 -3.4e+38 -3.4e+38 -3.4e+38 -3.4e+38 -3.4e+38 -3.4e+38 -3.4e+38 21.8110008239746 22.7070007324219 22.9720001220703 15.8179998397827 13.4460000991821 22.1389999389648 27.1620006561279 25.4820003509521 24.5130004882812 15.8380002975464 12.7980003356934 10.3809995651245 2.21700000762939 0.367000013589859 16.3169994354248 26.6669998168945 28.6870002746582 28.6009998321533 33.8950004577637 35.0069999694824 36.0740013122559 38.0320014953613 34.5839996337891 36.7770004272461 39.9780006408691 39.3800010681152 37.3460006713867 37.1160011291504 38.2210006713867 37.431999206543
-3.4e+38 -3.4e+38 -3.4e+38 -3.4e+38 -3.4e+38 -3.4e+38 -3.4e+38 -3.4e+38 -3.4e+38 -3.4e+38 -3.4e+38 -3.4e+38 -3.4e+38 -3.4e+38 22.5659999847412 22.2099990844727 22.443000793457 23.2000007629395 23.1060009002686 25.9650001525879 24.0459995269775 26.5160007476807 29.4930000305176 28.9589996337891 27.8269996643066 25.9379997253418 22.1539993286133 22.0659999847412 12.8800001144409 0.507000029087067 17.69700050354 28.3850002288818 30.0459995269775 30.0629997253418 33.4099998474121 36.4220008850098 38.7859992980957 39.7120018005371 40.1619987487793 42.6590003967285 41.6220016479492 41.6870002746582 38.5699996948242 38.2719993591309 38.9220008850098 37.4780006408691
-3.4e+38 -3.4e+38 -3.4e+38 -3.4e+38 -3.4e+38 -3.4e+38 -3.4e+38 -3.4e+38 -3.4e+38 -3.4e+38 -3.4e+38 -3.4e+38 29.82200050354 33.3409996032715 27.5559997558594 23.5520000457764 23.5310001373291 24.1620006561279 25.8959999084473 27.5400009155273 27.9440002441406 29.1299991607666 30.1450004577637 29.1679992675781 28.318000793457 27.7639999389648 26.1359996795654 23.7409992218018 15.6120004653931 3.06900000572205 18 29.1620006561279 31.0279998779297 31.3929996490479 31.4389991760254 35.2239990234375 39.1520004272461 40.8110008239746 43.548999786377 43.3610000610352 41.9220008850098 42.4360008239746 40.9449996948242 40.1749992370605 38.8889999389648 36.3779983520508
-3.4e+38 -3.4e+38 -3.4e+38 -3.4e+38 -3.4e+38 -3.4e+38 -3.4e+38 -3.4e+38 -3.4e+38 -3.4e+38 36.6959991455078 37.2299995422363 36.1110000610352 32.9990005493164 26.8449993133545 23.6420001983643 23.6870002746582 24.7019996643066 26.7800006866455 28.3640003204346 29.136999130249 30.7999992370605 31.3850002288818 30.8290004730225 28.3379993438721 27.8689994812012 26.113000869751 24.7080001831055 17.1580009460449 4.8769998550415 19.8659992218018 29.2350006103516 31.8999996185303 32.4440002441406 34.7680015563965 34.798999786377 38.7700004577637 42.2719993591309 43.9550018310547 44.0340003967285 43.4669990539551 42.7680015563965 42.4550018310547 41.3800010681152 38.3380012512207 36.851001739502
-3.4e+38 -3.4e+38 -3.4e+38 -3.4e+38 -3.4e+38 -3.4e+38 -3.4e+38 -3.4e+38 40.8409996032715 39.4259986877441 38.0400009155273 38.2439994812012 36.4819984436035 34.6189994812012 30.7049999237061 23.3880004882812 23.0289993286133 21.92799949646 26.4409999847412 28.2070007324219 29.5520000457764 31.4139995574951 32.0940017700195 31.3560009002686 31.25 29.9860000610352 27.2280006408691 27.1520004272461 17.8770008087158 13.1090002059937 19.4370002746582 29.4370002746582 32.2550010681152 32.9189987182617 35.1590003967285 37.6160011291504 39.5359992980957 42.9140014648438 44.0750007629395 44.4620018005371 44.0209999084473 43.2999992370605 42.9700012207031 42.2509994506836 38.7060012817383 37.6969985961914
-3.4e+38 -3.4e+38 -3.4e+38 -3.4e+38 -3.4e+38 -3.4e+38 42.173999786377 41.9290008544922 40.8730010986328 38.9169998168945 37.5530014038086 36.5400009155273 35.560001373291 31.0890007019043 29.9559993743896 23.2479991912842 23.1180000305176 21.7099990844727 26.3910007476807 27.8020000457764 29.7059993743896 31.2080001831055 32.2849998474121 32.6040000915527 32.1049995422363 30.8889999389648 28.9659996032715 27.7630004882812 21.9850006103516 26.0009994506836 26.7320003509521 27.8770008087158 31.4209995269775 33.273998260498 35.9459991455078 38.0410003662109 41.1689987182617 43 43.5519981384277 44.0419998168945 43.4630012512207 43.1209983825684 42.6949996948242 41.3240013122559 39.5999984741211 38.7900009155273
-3.4e+38 -3.4e+38 -3.4e+38 -3.4e+38 40.1339988708496 42.0989990234375 41.7109985351562 41.0449981689453 39.8880004882812 38.2760009765625 37.9869995117188 36.5340003967285 32.826000213623 25.7730007171631 23.1879997253418 23.2000007629395 23.6089992523193 24.8990001678467 26.3279991149902 27.9169998168945 29.3990001678467 31.3759994506836 31.9020004272461 32.1790008544922 31.4990005493164 30.0580005645752 29.1830005645752 28.3810005187988 26.3419990539551 25.7980003356934 25.9179992675781 27.0419998168945 31.4190006256104 32.5880012512207 33.7599983215332 37.298999786377 40.8489990234375 41.7070007324219 42.4070014953613 42.8300018310547 43.1440010070801 42.5260009765625 42.1150016784668 40.7859992980957 39.6139984130859 36.3359985351562
-3.4e+38 -3.4e+38 38.0940017700195 38.9959983825684 40.2200012207031 41.1459999084473 40.5050010681152 40.0740013122559 39.5849990844727 37.75 36.8600006103516 35.6800003051758 33.2000007629395 26.2220001220703 25.5049991607666 23.1630001068115 23.1609992980957 24.3780002593994 25.6469993591309 27.7129993438721 29.6100006103516 30.5909996032715 31.2049999237061 31.1800003051758 30.3610000610352 29.4449996948242 28.9309997558594 28.3519992828369 27.4529991149902 26.1450004577637 26.0480003356934 27.5990009307861 31.1940002441406 32.3549995422363 32.5919990539551 37.4070014953613 39.4679985046387 40.007999420166 41.1040000915527 41.9480018615723 42.2540016174316 41.5050010681152 41.0989990234375 39.1259994506836 39.1500015258789 37.2239990234375
35.923999786377 35.5789985656738 35.1230010986328 38.2799987792969 39.0639991760254 39.3580017089844 39.3650016784668 38.6139984130859 37.7159996032715 36.2050018310547 34.2869987487793 32.1180000305176 32.0130004882812 27.4710006713867 27.1019992828369 23.8090000152588 22.8700008392334 23.5849990844727 24.6060009002686 26.3139991760254 29.3819999694824 29.9820003509521 29.5520000457764 29.8579998016357 29.048999786377 28.6089992523193 28.3740005493164 27.6660003662109 26.4570007324219 26.9710006713867 27.1840000152588 27.6900005340576 30.7269992828369 31.5979995727539 32.7980003356934 36.4889984130859 38.5169982910156 39.1360015869141 39.3400001525879 41.0970001220703 40.6549987792969 40.8629989624023 39.6209983825684 37.367000579834 38.3520011901855 36.4220008850098
34.867000579834 34.3870010375977 34.6629981994629 37.3160018920898 38.5509986877441 38.4360008239746 37.6189994812012 37.1150016784668 36.2089996337891 34.6339988708496 32.7369995117188 31.1979999542236 29.2169990539551 26.8850002288818 25.8199996948242 23.4330005645752 22.1639995574951 21.2689990997314 20.992000579834 23.4190006256104 25.9969997406006 28.7059993743896 27.7240009307861 28.7240009307861 28.951000213623 28.382999420166 27.8570003509521 27.4009990692139 25.1679992675781 26.7679996490479 27.7560005187988 28.201000213623 29.8770008087158 31.2409992218018 31.3299999237061 33.8730010986328 37.2029991149902 37.8819999694824 38.6430015563965 39.2239990234375 39.4020004272461 39.2680015563965 37.5919990539551 36.4490013122559 36.4700012207031 35.3219985961914
34.0349998474121 34.0750007629395 33.7109985351562 36.1689987182617 36.8880004882812 36.5979995727539 35.6599998474121 35.0870018005371 34.6450004577637 33.6080017089844 31.8269996643066 30.7049999237061 28.9680004119873 26.128999710083 21.7479991912842 16.0319995880127 15.9610004425049 14.4409999847412 11.414999961853 15.6560001373291 22.5370006561279 25.9969997406006 26.8010005950928 27.757999420166 27.0879993438721 25.1919994354248 25.7970008850098 25.0419998168945 25.0179996490479 26.7630004882812 28.2970008850098 28.8770008087158 30.1270008087158 30.9080009460449 30.3419990539551 30.7029991149902 34.2480010986328 34.5320014953613 35.7299995422363 35.9150009155273 35.3740005493164 37.2869987487793 36.4609985351562 33.7400016784668 34.3489990234375 33.8040008544922
31.9050006866455 33.4199981689453 33.6139984130859 33.1730003356934 33.9070014953613 33.9249992370605 33.1419982910156 33.3779983520508 32.1370010375977 32.8289985656738 31.2159996032715 29.5559997558594 18.7700004577637 5.875 2.83800005912781 3.61700010299683 3.90300011634827 5.4520001411438 7.00099992752075 9.64999961853027 16.0919990539551 21.8780002593994 25.4529991149902 24.9640007019043 24.2900009155273 24.382999420166 24.2880001068115 24.6690006256104 26.19700050354 27.8969993591309 29.117000579834 29.6580009460449 29.6900005340576 30 28.9139995574951 29.9519996643066 30.2980003356934 29.5060005187988 29.4169998168945 31.298999786377 31.4409999847412 33.9189987182617 32.5839996337891 29.9599990844727 31.0830001831055 29.3409996032715
