01_datasets/03_gis/02_asc_chm-r50m/BR220P.asc
NCOLS 201 
NROWS 200 
XLLCORNER 531151 
YLLCORNER 5295054.5 
CELLSIZE 0.5 
NODATA_value -3.4e+38 
[rows 120 to 139 of 200, columns 138 to 183 of 201]
17.367000579834 15.0860004425049 13.8889999389648 12.66100025177 17.9099998474121 18.5639991760254 19.0049991607666 18.5359992980957 20.5270004272461 21.2399997711182 21.6299991607666 22.1700000762939 23.4580001831055 20.7900009155273 17.5359992980957 28.9899997711182 31.863000869751 33.5550003051758 33.8050003051758 33.7750015258789 33.1980018615723 30.2929992675781 26.2290000915527 23.8470001220703 25.42799949646 27.8719997406006 27.4689998626709 27.6060009002686 29.9899997711182 30.7469997406006 30.496000289917 24.7369995117188 22.7360000610352 22.9120006561279 22.9710006713867 15.914999961853 12.3990001678467 14.3680000305176 12.4949998855591 22.6889991760254 25.1189994812012 27.3719997406006 29.1900005340576 30.5510005950928 31.5580005645752 32.7560005187988
15.6820001602173 14.3500003814697 13.0970001220703 12.7049999237061 14.0349998474121 14.3669996261597 16.0809993743896 17.1539993286133 18.4139995574951 20.4160003662109 21.3460006713867 21.798999786377 16.4549999237061 11.2189998626709 6.92700004577637 20.6679992675781 31.6909999847412 32.2389984130859 32.9259986877441 32.9440002441406 30.5380001068115 26.8990001678467 25.1009998321533 22.7730007171631 21.9680004119873 23.738000869751 24.1469993591309 23.8279991149902 26.9099998474121 29.1639995574951 26.6060009002686 24.8740005493164 22.0620002746582 22.3850002288818 22.3850002288818 7.71099996566772 9.95899963378906 13.3819999694824 21.3740005493164 25.6860008239746 26.1009998321533 27.2590007781982 27.8379993438721 28.8850002288818 30.6730003356934 32.3610000610352
13.9250001907349 13.9610004425049 13.5710000991821 13.5249996185303 14.5719995498657 15.1099996566772 17.4379997253418 18.2119998931885 17.7049999237061 19.8129997253418 20.923999786377 19.6429996490479 13.326000213623 7.48000001907349 10.9139995574951 22.6159992218018 30.5799999237061 30.7189998626709 31.4270000457764 27.9710006713867 25.4589996337891 25.261999130249 22.9869995117188 22.6989994049072 21.3409996032715 21.7280006408691 22.3969993591309 22.6070003509521 24.6679992675781 24.7439994812012 25.306999206543 23.6140003204346 20.7159996032715 20.8229999542236 16.6749992370605 11.9709997177124 16.0139999389648 20.1569995880127 25.4990005493164 26.2520008087158 26.8549995422363 28.1299991607666 28.7140007019043 28.8369998931885 29.0909996032715 31.2290000915527
14.423999786377 15.2589998245239 14.8719997406006 14.6969995498657 15.4180002212524 21.5310001373291 24.882999420166 25.3309993743896 23.7320003509521 24.0830001831055 22.6229991912842 18.8700008392334 13.4090003967285 8.59000015258789 8.19400024414062 23.3519992828369 28.5620002746582 27.7399997711182 25.6520004272461 15.326000213623 18.1560001373291 19.261999130249 11.5030002593994 16.5860004425049 18.488000869751 15.3629999160767 20.6070003509521 21.1509990692139 21.8199996948242 20.8969993591309 21.2639999389648 20.378999710083 19.8449993133545 18.3439998626709 18.7749996185303 20.5890007019043 22.3589992523193 25.5930004119873 26.7220001220703 27.6580009460449 28.3840007781982 30.6200008392334 31.8369998931885 31.121000289917 30.298999786377 30.7390003204346
20.3519992828369 24.8470001220703 23.0349998474121 24.5709991455078 26.5400009155273 29.4559993743896 28.628999710083 28.0139999389648 25.7450008392334 24.2810001373291 24.0610008239746 20.8859996795654 14.0590000152588 13.2530002593994 7.92199993133545 23.9270000457764 23.9570007324219 21.8640003204346 19.6350002288818 12.8210000991821 16.1639995574951 15.8400001525879 12.2379999160767 14.4460000991821 15.4820003509521 15.9630002975464 17.1620006561279 19.8190002441406 20.7469997406006 21.117000579834 20.7409992218018 20.8209991455078 21.1380004882812 19.2549991607666 19.5610008239746 21.7430000305176 24.548999786377 25.8239994049072 27.0049991607666 28.0990009307861 30.2210006713867 33.2980003356934 33.939998626709 32.0379981994629 30.5100002288818 30.32200050354
24.9349994659424 25.7569999694824 26.3689994812012 29.1359996795654 30.613000869751 30.4069995880127 29.9640007019043 28.9230003356934 28.2800006866455 25.3680000305176 23.6909999847412 23.0869998931885 15.3940000534058 13.6660003662109 8.5290002822876 12.0839996337891 14.1440000534058 14.460000038147 12.91100025177 14.2440004348755 14.6180000305176 14.3050003051758 14.5290002822876 14.5369997024536 14.6479997634888 15.298999786377 18.3050003051758 20.2350006103516 20.8330001831055 21.5750007629395 21.3129997253418 21.3560009002686 21.1060009002686 18.7210006713867 22.6590003967285 23.8229999542236 25.0270004272461 25.738000869751 27.0510005950928 32.6959991455078 34.375 33.9720001220703 34.8409996032715 32.7610015869141 30.9029998779297 28.9029998779297
26.2639999389648 27.6310005187988 29.4109992980957 31.1229991912842 30.9969997406006 30.9300003051758 31.55299949646 30.6420001983643 29.6420001983643 27 25.7329998016357 22.7070007324219 20.3080005645752 13.3070001602173 11.1400003433228 11.9230003356934 13.46399974823 14.1800003051758 15.2840003967285 16.0580005645752 16.3299999237061 15.5129995346069 14.4219999313354 13.7390003204346 14.3020000457764 14.3649997711182 18.5879993438721 21.1459999084473 21.673999786377 21.7889995574951 21.8090000152588 20.7560005187988 20.6219997406006 18.5480003356934 22.4860000610352 25.0690002441406 25.8649997711182 26.1499996185303 31.6989994049072 35.9480018615723 36.2830009460449 35.8940010070801 35.3019981384277 33.6940002441406 29.5060005187988 28.4769992828369
26.7329998016357 30.0310001373291 31.5289993286133 31.8659992218018 32.3219985961914 32.1500015258789 32.2369995117188 32.2630004882812 30.6989994049072 29.2999992370605 27.5930004119873 22.2409992218018 20.8479995727539 14.1169996261597 13.71399974823 13.581000328064 15.173999786377 16.44700050354 16.363000869751 16.7950000762939 16.3080005645752 15.3369998931885 14.423999786377 14.2600002288818 13.9449996948242 13.6230001449585 20.3349990844727 21.7299995422363 21.8700008392334 22.0820007324219 21.9260005950928 20.701000213623 20.121000289917 21.4669990539551 25.1520004272461 26.4689998626709 28.4570007324219 32.3580017089844 35.9560012817383 37.0900001525879 37.568000793457 36.7080001831055 35.4080009460449 33.8969993591309 30.2059993743896 28.6599998474121
27.0839996337891 29.0879993438721 30.7530002593994 31.7469997406006 32.6319999694824 33.2639999389648 33.2589988708496 33.201000213623 31.4160003662109 30.7959995269775 28.5830001831055 25.0270004272461 18.4230003356934 16.4109992980957 14.9670000076294 14.4729995727539 16.371000289917 16.7689990997314 16.6000003814697 16.5669994354248 16.7360000610352 16.1200008392334 14.789999961853 14.5159997940063 14.2290000915527 12.6020002365112 21.2000007629395 22.7280006408691 21.9930000305176 22.1620006561279 21.8990001678467 20.7029991149902 20.3810005187988 22.0949993133545 26.2439994812012 26.757999420166 31.6389999389648 35.7060012817383 37.3730010986328 38.1059989929199 38.132999420166 37.1730003356934 35.617000579834 34.4010009765625 32.9210014343262 31.2320003509521
27.3549995422363 28.7229995727539 30.6110000610352 32.4850006103516 33.310001373291 33.9449996948242 33.9109992980957 32.9980010986328 31.613000869751 30.3090000152588 28.6149997711182 25.7880001068115 22.6359996795654 17.1809997558594 16.3959999084473 16.6580009460449 16.4619998931885 16.5349998474121 17.3190002441406 17.318000793457 17.4009990692139 17.2080001831055 17.3040008544922 17.0559997558594 18.7929992675781 17.6380004882812 21.7749996185303 24.8309993743896 22.2000007629395 21.5030002593994 21.011999130249 20.1550006866455 22.0359992980957 25.2000007629395 26.9950008392334 28.6450004577637 32.7700004577637 34.8330001831055 37.3800010681152 38.1290016174316 38.273998260498 37.2820014953613 36.8429985046387 34.8810005187988 34.3899993896484 31.5970001220703
27.6580009460449 29.6949996948242 30.5060005187988 31.8910007476807 33.3899993896484 33.6310005187988 33.3650016784668 32.7239990234375 31.6280002593994 30.5540008544922 29.6609992980957 26.3859996795654 21.9160003662109 17.3810005187988 16.9389991760254 16.8430004119873 16.8729991912842 16.996000289917 17.8409996032715 17.9039993286133 17.8330001831055 19.3950004577637 22.882999420166 25.9899997711182 28.3549995422363 28.5189990997314 26.9290008544922 26.5580005645752 24.9650001525879 21.7980003356934 18.9050006866455 19.69700050354 23.6720008850098 26.3229999542236 29.375 30.4629993438721 30.4669990539551 33.8349990844727 36.4109992980957 37.7980003356934 38.3699989318848 37.6380004882812 36.7509994506836 36.3250007629395 34.9049987792969 32.4780006408691
26.9580001831055 28.3419990539551 29.6889991760254 31.1070003509521 32.0779991149902 32.4700012207031 32.4150009155273 32.1920013427734 30.9669990539551 30.318000793457 28.4440002441406 26.0669994354248 20.6189994812012 17.1319999694824 16.0839996337891 16.42799949646 17.1380004882812 17.3460006713867 17.7900009155273 17.8339996337891 17.8610000610352 23.2859992980957 26.6259994506836 28.9829998016357 29.9209995269775 29.7520008087158 29.125 27.3279991149902 27.673999786377 25.4850006103516 19.298999786377 18.3050003051758 19.613000869751 24.5639991760254 28.3400001525879 28.6520004272461 28.5419998168945 33.2449989318848 35.548999786377 37.0120010375977 37.6479988098145 37.007999420166 36.2019996643066 35.2039985656738 33.3849983215332 32.0499992370605
24.1900005340576 27.5699996948242 29.2119998931885 30.2609996795654 31.0839996337891 31.6270008087158 31.6529998779297 30.8920001983643 29.8519992828369 29.1389999389648 27.1049995422363 24.8470001220703 20.8099994659424 16.2280006408691 15.58899974823 16.1450004577637 16.9729995727539 21.8209991455078 24.3199996948242 21.5240001678467 22.4109992980957 26.0410003662109 28.4419994354248 29.931999206543 30.5599994659424 31.3600006103516 31.0729999542236 30.0510005950928 27.8990001678467 27.2660007476807 23.6700000762939 20.2369995117188 17.9500007629395 22.1840000152588 25.0540008544922 25.3239994049072 26.806999206543 31.8640003204346 35.0789985656738 35.5769996643066 36.7109985351562 36.5769996643066 35.6129989624023 34.0519981384277 32.9449996948242 30.6550006866455
20.431999206543 27.826000213623 29.0060005187988 29.4200000762939 30 30.0990009307861 30.3470001220703 29.3159999847412 28.0370006561279 27.4599990844727 26.9540004730225 24.9680004119873 20.8920001983643 16.9669990539551 15.1599998474121 15.7170000076294 16.82200050354 23.4290008544922 25.6410007476807 25.5090007781982 25.5359992980957 28.863000869751 29.6830005645752 31.1280002593994 32.3059997558594 32.6839981079102 32.5359992980957 31.2999992370605 29.9669990539551 28.4559993743896 26.9699993133545 24.0699996948242 17.242000579834 22.5559997558594 20.0279998779297 25.7689990997314 26.882999420166 32.0639991760254 34.2540016174316 34.5040016174316 35.5670013427734 35.4570007324219 35.193000793457 33.6809997558594 32.4290008544922 28.9249992370605
20.9489994049072 26.0869998931885 27.7940006256104 28.7140007019043 28.1380004882812 28.1730003356934 28.9440002441406 28.548999786377 27.2339992523193 26.5100002288818 20.80299949646 22.6380004882812 21.8500003814697 19.507999420166 16.5300006866455 15.2340002059937 16.7810001373291 17.9249992370605 24.3980007171631 26.3470001220703 27.7689990997314 30.1490001678467 30.5100002288818 32.9300003051758 32.7350006103516 32.6319999694824 33.3769989013672 33.0349998474121 31.923999786377 30.2329998016357 28.5900001525879 26.4549999237061 24.0559997558594 24.8999996185303 15.8210000991821 23.8850002288818 26.7479991912842 29.3190002441406 31.257999420166 32.5480003356934 32.8050003051758 32.5120010375977 32.8009986877441 31.6790008544922 29.9899997711182 28.4260005950928
20.8360004425049 23.7199993133545 25.5699996948242 25.9650001525879 26.3490009307861 26.4370002746582 26.1690006256104 26.9009990692139 26.0769996643066 22.9769992828369 17.8169994354248 19.503999710083 21.9370002746582 20.3279991149902 17.3640003204346 16.2439994812012 16.0289993286133 15.956000328064 21.2800006866455 26.7089996337891 29.0939998626709 30.6200008392334 32.0289993286133 33.306999206543 33.2560005187988 33.3219985961914 33.7280006408691 33.2789993286133 32.3040008544922 31.4659996032715 28.6180000305176 26.1580009460449 25.1679992675781 24.7180004119873 20.3610000610352 25.4039993286133 26.5739994049072 26.8159999847412 28.7800006866455 30.1879997253418 31.5069999694824 30.2600002288818 29.82200050354 29.3099994659424 28.5909996032715 25.2399997711182
20.5389995574951 23.4209995269775 24.9570007324219 25.1480007171631 25.6709995269775 26.2889995574951 24.988000869751 26.3279991149902 26.4009990692139 27.0510005950928 25.6720008850098 24.0279998779297 25.201000213623 21.9890003204346 18.8120002746582 17.4850006103516 16.6240005493164 17.003999710083 22.5400009155273 27.4689998626709 29.2169990539551 30.9440002441406 33.0779991149902 33.8059997558594 34.0820007324219 34.2729988098145 34.1780014038086 33.5499992370605 32.4790000915527 31.0470008850098 28.875 27.8980007171631 24.9839992523193 23.9650001525879 19.576000213623 19.4720001220703 22.2140007019043 20.4179992675781 25.6660003662109 27.3649997711182 27.806999206543 27.7789993286133 28.1380004882812 28.4099998474121 27.5139999389648 22.5650005340576
18.4009990692139 20.7770004272461 22.9950008392334 23.9069995880127 24.826000213623 25.6770000457764 26.4150009155273 27.8589992523193 28.4529991149902 28.7670001983643 28.1749992370605 28.0049991607666 27.173999786377 23.5410003662109 16.9270000457764 16.7770004272461 17.7299995422363 17.6709995269775 19.9260005950928 27.261999130249 29.6940002441406 31.4200000762939 33.5530014038086 34.0919990539551 34.5130004882812 34.9309997558594 34.4550018310547 33.6230010986328 32.6910018920898 31.2670001983643 29.007999420166 28.4710006713867 25.2600002288818 22.1800003051758 19.9790000915527 17.5219993591309 16.2089996337891 17.488000869751 21.6410007476807 19.8719997406006 18.6299991607666 22.8509998321533 25.3920001983643 23.9389991760254 22.6879997253418 19.55299949646
18.4150009155273 17.6490001678467 22.0160007476807 24.3020000457764 26.4740009307861 28.2029991149902 29.3740005493164 30.3859996795654 29.8309993743896 29.4890003204346 28.621000289917 27.8619995117188 26.1490001678467 24.30299949646 20.3519992828369 19.1770000457764 17.7789993286133 17.5249996185303 19.4389991760254 25.2569999694824 29.3269996643066 31.6529998779297 32.5870018005371 33.5699996948242 34.5629997253418 34.8300018310547 34.6220016479492 33.5029983520508 32.3120002746582 30.1679992675781 28.3859996795654 28.1730003356934 24.7049999237061 18.7770004272461 19.3139991760254 18.1709995269775 16.701000213623 16.886999130249 17.0849990844727 16.4340000152588 16.3500003814697 17.2609996795654 18.9249992370605 20.4039993286133 16.6609992980957 13.7340002059937
19.1159992218018 19.7759990692139 22.0869998931885 25.5510005950928 28.6009998321533 30.1790008544922 31.1979999542236 31.3139991760254 30.7150001525879 30.4029998779297 29.8850002288818 28.6219997406006 26.0830001831055 24.8659992218018 23.1979999542236 21.4489994049072 17.7469997406006 19.2940006256104 20.4990005493164 22.2439994812012 27.8990001678467 29.4759998321533 30.0590000152588 32.8569984436035 34.1539993286133 33.9599990844727 33.8769989013672 32.8230018615723 31.9829998016357 28.1669998168945 27.2810001373291 26.113000869751 21.298999786377 21.0109996795654 20.4300003051758 18.6520004272461 17.5699996948242 17.951000213623 17.7040004730225 18.0259990692139 18.6840000152588 18.8159999847412 19.136999130249 18.7269992828369 15.6560001373291 13.3640003204346
