01_datasets/03_gis/02_asc_chm-r50m/BR22X2.asc
NCOLS 200 
NROWS 200 
XLLCORNER 533416 
YLLCORNER 5281591 
CELLSIZE 0.5 
NODATA_value -3.4e+38 
[rows 140 to 159 of 200, columns 138 to 183 of 200]
9.20499992370605 6.84100008010864 4.74100017547607 8.83800029754639 11.2489995956421 6.88500022888184 15.168999671936 17.0739994049072 19.5419998168945 21.05299949646 25.9729995727539 30.0200004577637 31.6749992370605 31.4610004425049 30.6590003967285 31.1730003356934 27.8229999542236 29.5419998168945 33.1879997253418 36.2200012207031 37.1619987487793 37.8429985046387 38.8559989929199 39.640998840332 44.3009986877441 46.0719985961914 48.0439987182617 49.8009986877441 50.2290000915527 50.1790008544922 49.7210006713867 49.1580009460449 47.689998626709 46.0480003356934 45.1119995117188 42.0190010070801 41.6180000305176 38.5730018615723 33.6809997558594 29.7049999237061 28.3519992828369 28.0510005950928 30.0429992675781 29.9990005493164 29.7530002593994 30.2709999084473
6.82200002670288 5.83199977874756 4.35799980163574 2.29800009727478 2.96799993515015 3.80299997329712 10.7969999313354 22.0580005645752 25.9160003662109 29.3099994659424 31.5130004882812 34.2029991149902 36.1949996948242 36.7379989624023 37.8349990844727 35.685001373291 28.5580005645752 28.0109996795654 31.2430000305176 34.476001739502 36.8240013122559 38.1940002441406 37.7319984436035 42.7280006408691 46.4539985656738 46.3300018310547 46.2299995422363 49.9309997558594 49.8800010681152 49.0639991760254 49.0040016174316 47.7439994812012 45.6860008239746 44.2109985351562 41.0330009460449 35.5540008544922 36.951000213623 34.2700004577637 31.2999992370605 30.0380001068115 30.1259994506836 30.9160003662109 31.8959999084473 32.0299987792969 31.6849994659424 31.9200000762939
8.74199962615967 6.08799982070923 5.23299980163574 3.87400007247925 3.71099996566772 7.27099990844727 18.3969993591309 27.8409996032715 28.9720001220703 32.2080001831055 37.2980003356934 38.7439994812012 39.7910003662109 40.1730003356934 39.9099998474121 38.8359985351562 30.4740009307861 28.6860008239746 27.9759998321533 30.82200050354 33.7719993591309 36.9179992675781 42.0979995727539 46.2029991149902 46.3050003051758 45.4339981079102 46.4850006103516 47.5419998168945 48.8740005493164 48.4150009155273 48.4490013122559 45.318000793457 42.1310005187988 41.1240005493164 37.9609985351562 33.6860008239746 33.5180015563965 30.863000869751 28.113000869751 29.4729995727539 30.0939998626709 31.367000579834 32.0149993896484 32.7000007629395 34.2220001220703 34.9020004272461
9.30399990081787 7.50400018692017 4.8289999961853 6.33199977874756 13.0769996643066 17.3780002593994 25.67799949646 29.7919998168945 29.6200008392334 34.8040008544922 40.0719985961914 40.2220001220703 41.7050018310547 42.0890007019043 41.1020011901855 39.1619987487793 33.7779998779297 29.9619998931885 27.9169998168945 27.4570007324219 28.7849998474121 34.1230010986328 41.7879981994629 43.2599983215332 43.3580017089844 43.4620018005371 43.2410011291504 45.2470016479492 45.935001373291 45.2649993896484 43.6139984130859 42.4949989318848 41.2869987487793 41.3349990844727 37.6139984130859 33.2589988708496 33.273998260498 29.8290004730225 28.8430004119873 30.0769996643066 31.5659999847412 33.1419982910156 34.0859985351562 35.693000793457 36.2319984436035 35.9710006713867
9.0649995803833 8.23200035095215 8.20199966430664 12.3889999389648 18.7140007019043 20.3330001831055 27.5219993591309 32.1440010070801 37.0909996032715 38.7649993896484 40.4039993286133 42.1640014648438 43.2550010681152 42.9199981689453 42.0979995727539 39.9560012817383 37.0519981384277 33.2099990844727 28.0100002288818 27.67799949646 29.5130004882812 32.6539993286133 36.9850006103516 36.8110008239746 37.6180000305176 40.2890014648438 41.2319984436035 41.2929992675781 42.310001373291 42.3050003051758 39.859001159668 40.8940010070801 41.2809982299805 41.1129989624023 34.6800003051758 33.1030006408691 27.5869998931885 26.2029991149902 29.2439994812012 30.2819995880127 32.5309982299805 34.3740005493164 35.3470001220703 36.5120010375977 37.1180000305176 36.8889999389648
8.89999961853027 8.60299968719482 9.05000019073486 15.2229995727539 20.576000213623 26.4969997406006 30.6849994659424 36.3230018615723 38.5270004272461 39.6080017089844 43.0299987792969 44.2700004577637 44.7869987487793 44.1279983520508 43.056999206543 39.9059982299805 39.7039985656738 36.5830001831055 29.7049999237061 31.5949993133545 29.6860008239746 32.9910011291504 34.9729995727539 35.7879981994629 36.8549995422363 38.1990013122559 38.3419990539551 38.2350006103516 38.3889999389648 38.0279998779297 39.2620010375977 40.7869987487793 41.2919998168945 37.3330001831055 34.2169990539551 26.1499996185303 25.6110000610352 25.5650005340576 29.3470001220703 30.1620006561279 31.9099998474121 35.0369987487793 36.3440017700195 37.0779991149902 37.9490013122559 37.8889999389648
8.76099967956543 8.62800025939941 8.57400035858154 18.548999786377 22.681999206543 28.1949996948242 31.5240001678467 32.306999206543 39.6319999694824 40.5099983215332 43.6520004272461 44.765998840332 45.5540008544922 45.117000579834 43.9609985351562 41.3540000915527 40.0130004882812 38.3129997253418 34.5169982910156 35.4560012817383 30.5340003967285 31.6270008087158 34.1440010070801 35.5849990844727 35.7249984741211 36.8520011901855 36.943000793457 37.2080001831055 37.2130012512207 37.5 38.5950012207031 39.4309997558594 39.015998840332 34.3380012512207 27.4930000305176 20.4890003204346 20.3059997558594 26.2150001525879 29.4190006256104 30.0470008850098 30.8139991760254 33.7039985656738 36.9620018005371 37.8139991760254 38.8009986877441 38.8860015869141
8.73099994659424 8.40200042724609 8.01700019836426 17.1229991912842 26.503999710083 31.6790008544922 31.9150009155273 33.318000793457 37.1430015563965 41.6800003051758 43.5449981689453 44.7019996643066 45.1860008239746 45.0130004882812 44.1430015563965 41.9300003051758 39.9480018615723 39.5989990234375 38.1879997253418 37.5859985351562 35.0460014343262 34.8450012207031 35.8190002441406 35.5970001220703 35.8470001220703 36.0180015563965 36.3089981079102 36.6910018920898 36.9199981689453 36.6559982299805 35.757999420166 35.181999206543 37.3600006103516 29.2889995574951 26.9710006713867 20.1749992370605 17.6940002441406 24.9640007019043 29.6110000610352 30.7759990692139 31.8600006103516 33.1599998474121 36.1609992980957 37.7560005187988 38.5509986877441 38.7949981689453
8.69799995422363 7.76100015640259 7.34700012207031 18.7819995880127 29.4370002746582 31.8729991912842 31.8929996490479 32.1889991760254 34.8740005493164 41.476001739502 42.5639991760254 43.4860000610352 43.9790000915527 44.1599998474121 43.7290000915527 42.2750015258789 40.431999206543 39.5870018005371 38.5439987182617 37.1160011291504 36.8889999389648 36.5219993591309 36.5379981994629 36.2150001525879 34.3400001525879 34.7879981994629 35.8839988708496 35.5219993591309 34.5690002441406 34.5950012207031 33.0499992370605 29.5540008544922 31.3939990997314 28.6019992828369 26.4500007629395 17.2350006103516 14.6319999694824 24.0869998931885 29.0349998474121 30.6060009002686 31.9829998016357 33.5960006713867 34.314998626709 36.2490005493164 37.5040016174316 37.8470001220703
7.49900007247925 6.42000007629395 9.06799983978271 19.5779991149902 28.9740009307861 31.8419990539551 31.9740009307861 32.1469993591309 32.515998840332 37.7200012207031 42.2369995117188 42.4850006103516 43.1479988098145 42.9710006713867 41.9410018920898 41.0579986572266 40.5029983520508 39.3919982910156 39.3079986572266 38.5309982299805 38.398998260498 37.8230018615723 37.0509986877441 35.734001159668 32.1749992370605 31.6089992523193 30.5799999237061 29.1760005950928 28.6259994506836 27.7049999237061 27.8040008544922 29.0109996795654 23.6060009002686 19.2229995727539 14.4650001525879 7.72300004959106 15.2959995269775 22.8680000305176 27.4459991455078 29.4300003051758 31.7730007171631 33.3559989929199 33.6040000915527 35.2109985351562 35.9389991760254 36.398998260498
5.40000009536743 4.0149998664856 4.57800006866455 16.632999420166 28.6380004882812 30.9479999542236 31.8110008239746 31.9599990844727 33.8139991760254 37.2060012817383 40.4959983825684 41.7760009765625 42.0089988708496 41.0330009460449 39.359001159668 39.068000793457 38.2099990844727 39.2070007324219 39.3790016174316 39.556999206543 39.3349990844727 38.1660003662109 36.5040016174316 35.3540000915527 34.0849990844727 32.8079986572266 28.7290000915527 28.2490005493164 28.1100006103516 26.6459999084473 22.6259994506836 19.5890007019043 17.6630001068115 3.83200001716614 3.14299988746643 6.32999992370605 10.5769996643066 17.0419998168945 21.9559993743896 26.9790000915527 30.0069999694824 31.9479999542236 32.5820007324219 33.2799987792969 33.6269989013672 34.6100006103516
4.51599979400635 3.23399996757507 3.19799995422363 14.0880002975464 26.443000793457 30.136999130249 31.3080005645752 31.6019992828369 31.5890007019043 36.2719993591309 39.8870010375977 40.9690017700195 41.7540016174316 40.0439987182617 38.9160003662109 36.4169998168945 35.601001739502 37.6969985961914 39.1150016784668 39.8240013122559 39.7910003662109 38.6559982299805 36.9179992675781 35.6759986877441 34.9360008239746 33.1910018920898 28.261999130249 27.882999420166 27.9249992370605 21.6229991912842 6.875 6.21799993515015 3.56699991226196 3.42700004577637 2.97000002861023 6.76000022888184 11.3879995346069 15.7749996185303 16.5389995574951 20.3980007171631 28.5030002593994 30.181999206543 30.5650005340576 31.3729991912842 31.7810001373291 32.3880004882812
9.95600032806396 9.35900020599365 10.5640001296997 13.210000038147 21.6889991760254 27.1809997558594 30.32200050354 31.0620002746582 31.4330005645752 36.4220008850098 38.5890007019043 39.0439987182617 38.318000793457 38.7869987487793 39.0699996948242 35.6889991760254 36.3450012207031 37.6980018615723 38.2019996643066 39.0900001525879 39.1139984130859 38.1189994812012 36.8889999389648 36.2470016479492 34.7249984741211 31.9340000152588 29.6410007476807 27.5100002288818 26.9950008392334 26.4710006713867 12.1859998703003 4.21199989318848 3.5090000629425 3.3529999256134 2.79800009727478 7.18900012969971 11.8170003890991 15.7810001373291 16.1219997406006 18.2660007476807 25.0359992980957 29.2399997711182 29.1399993896484 28.625 29.3899993896484 30.9130001068115
14.9870004653931 18.5879993438721 17.1690006256104 16.1569995880127 24.3490009307861 29.0699996948242 30.6259994506836 31.6480007171631 31.8059997558594 35.0509986877441 37.9980010986328 38.6650009155273 38.1749992370605 38.2140007019043 37.8680000305176 36.1290016174316 36.5789985656738 37.0750007629395 37.2809982299805 38.3089981079102 38.5279998779297 38.0369987487793 36.9039993286133 35.9560012817383 34.2610015869141 32.7949981689453 31.1860008239746 28.2970008850098 24.7140007019043 24.3080005645752 22.613000869751 11.5430002212524 3.72300004959106 3.90199995040894 2.99000000953674 7.07800006866455 10.8819999694824 14.6870002746582 15.5620002746582 16.0709991455078 22.4479999542236 25.3939990997314 22.92799949646 23.7810001373291 25.9680004119873 27.4190006256104
20.8579998016357 22.6049995422363 20.6180000305176 18.9799995422363 18.5470008850098 27.3759994506836 30.4529991149902 32.8720016479492 34.6689987182617 36.5289993286133 38.1180000305176 39.7290000915527 38.3689994812012 38.5340003967285 37.6069984436035 35.560001373291 35.4939994812012 36.0769996643066 36.0800018310547 36.5839996337891 37.2019996643066 36.5330009460449 35.6139984130859 35.2939987182617 33.5540008544922 32.1430015563965 31.1609992980957 29.25 24.2940006256104 24.3759994506836 22.8309993743896 20.8209991455078 9.40200042724609 4.11899995803833 2.38700008392334 4.79899978637695 8.79399967193604 15.1319999694824 15.9029998779297 16.1889991760254 16.4489994049072 19.068000793457 20.9209995269775 22.7189998626709 23.5849990844727 25.3169994354248
23.068000793457 23.1070003509521 23.3369998931885 24.3390007019043 22.5990009307861 27.1469993591309 30.5130004882812 33.4580001831055 36.5740013122559 38.5419998168945 39.6510009765625 40.4729995727539 40.0629997253418 39.6030006408691 38.9739990234375 36.2039985656738 35.5 35.1360015869141 35.6459999084473 35.685001373291 35.3440017700195 34.6629981994629 33.814998626709 33.1940002441406 31.9930000305176 31.4209995269775 30.9909992218018 29.9860000610352 25.1580009460449 22.7670001983643 17.82200050354 13.7130002975464 5.03499984741211 4.68900012969971 3.64100003242493 4.90899991989136 13.8229999542236 16.8460006713867 16.617000579834 18.9979991912842 20.5419998168945 20.2840003967285 21.3899993896484 22.1319999694824 22.4650001525879 -3.4e+38
26.2849998474121 26.5869998931885 26.0580005645752 26.6790008544922 28.2940006256104 29.7999992370605 30.3239994049072 33.7680015563965 36.734001159668 38.1710014343262 39.992000579834 41.476001739502 41.673999786377 40.681999206543 38.9539985656738 36.9389991760254 34.5009994506836 34.0660018920898 34.7459983825684 34.5009994506836 34.7410011291504 34.7639999389648 31.4349994659424 30.4300003051758 30.242000579834 30.0659999847412 29.5510005950928 28.9710006713867 24.4139995574951 20.6159992218018 10.9940004348755 6.59200000762939 5.78499984741211 5.13100004196167 5.77600002288818 8.83899974822998 13.7229995727539 17.3110008239746 17.3649997711182 19.4340000152588 20.6189994812012 21.7000007629395 22.951000213623 23.113000869751 -3.4e+38 -3.4e+38
28.0279998779297 29.0650005340576 28.7490005493164 27.6189994812012 28.6389999389648 29.9860000610352 31.6749992370605 35.0180015563965 36.4160003662109 37.3870010375977 39.8199996948242 41.5909996032715 41.6110000610352 40.9780006408691 39.193000793457 36.685001373291 34.4560012817383 33.625 31.9519996643066 32.0099983215332 32.3919982910156 32.6949996948242 29.4179992675781 29.2490005493164 28.8719997406006 27.5669994354248 27.0480003356934 26.8959999084473 24.1399993896484 20.0249996185303 10.0050001144409 7.58099985122681 6.27799987792969 6.83699989318848 6.47700023651123 13.8979997634888 17.3680000305176 17.4230003356934 20.2070007324219 22.636999130249 22.9810009002686 23.3269996643066 23.1679992675781 23.7290000915527 -3.4e+38 -3.4e+38
28.8640003204346 29.5599994659424 30.0699996948242 28.9090003967285 28.1800003051758 28.701000213623 31.1140003204346 35.1529998779297 36.8160018920898 38.4819984436035 40.2709999084473 40.742000579834 40.632999420166 40.1990013122559 38.601001739502 37.0670013427734 34.2849998474121 33.2400016784668 32.1199989318848 30.7399997711182 31.2210006713867 30.7450008392334 26.8279991149902 27.625 28.492000579834 21.1100006103516 26.2250003814697 25.80299949646 24.3500003814697 19.6520004272461 9.04300022125244 7.17899990081787 8.14099979400635 10.9300003051758 10.5050001144409 14.9919996261597 17.7290000915527 17.5249996185303 20.8770008087158 23.3150005340576 23.8110008239746 24.0550003051758 25.2910003662109 -3.4e+38 -3.4e+38 -3.4e+38
31.298999786377 30.9750003814697 31.2119998931885 30.2639999389648 28.9449996948242 30.6979999542236 31.5139999389648 33.6189994812012 36.4529991149902 37.6300010681152 38.1619987487793 39.1769981384277 39.3250007629395 39.1710014343262 38.0690002441406 36.1529998779297 33.4630012512207 32.6290016174316 29.7959995269775 29.5919990539551 28.7329998016357 27.6350002288818 26.4720001220703 26.132999420166 19.8859996795654 8.31799983978271 17.6560001373291 12.3219995498657 15.8409996032715 17.5669994354248 10.1529998779297 9.28299999237061 10.5260000228882 12.8120002746582 13.9980001449585 18.0459995269775 19.2959995269775 18.9729995727539 21.0249996185303 23.5270004272461 24.0669994354248 24.9179992675781 25.5879993438721 -3.4e+38 -3.4e+38 -3.4e+38
