01_datasets/03_gis/02_asc_chm-r50m/BR220P.asc
NCOLS 201 
NROWS 200 
XLLCORNER 531151 
YLLCORNER 5295054.5 
CELLSIZE 0.5 
NODATA_value -3.4e+38 
[rows 140 to 159 of 200, columns 92 to 137 of 201]
11.9040002822876 16.0860004425049 16.3129997253418 12.6180000305176 12.003999710083 13.3879995346069 15.2829999923706 16.1590003967285 16.8610000610352 16.9190006256104 17.1959991455078 18.9820003509521 16.2329998016357 22.1469993591309 28.0230007171631 29.4799995422363 30.1070003509521 30.443000793457 30.9939994812012 31.3209991455078 31.2119998931885 31.1319999694824 32.1829986572266 33.6730003356934 34.765998840332 34.992000579834 35.451000213623 34.8400001525879 34.0180015563965 31.0919990539551 26.3430004119873 26.7210006713867 24.5939998626709 19.5030002593994 18.3500003814697 19.7399997711182 21.1189994812012 21.1180000305176 21.9090003967285 23.1800003051758 24.0799999237061 24.2059993743896 24.6070003509521 24.69700050354 23.886999130249 22.2119998931885
18.5820007324219 20.3490009307861 18.9249992370605 14.5050001144409 12.7089996337891 12.6890001296997 14.1370000839233 15.4490003585815 15.4580001831055 15.6750001907349 16.9249992370605 20.738000869751 21.1119995117188 25.181999206543 28.4860000610352 29.9659996032715 30.2759990692139 31.0170001983643 31.4200000762939 31.5310001373291 31.2870006561279 33.6230010986328 34.5730018615723 34.3930015563965 36.1069984436035 36.4410018920898 35.8790016174316 35.2750015258789 34.8279991149902 33.6769981384277 31.4610004425049 30.2320003509521 25.1580009460449 19.7169990539551 18.8379993438721 21.568000793457 23.0650005340576 22.9990005493164 22.7240009307861 24.3239994049072 24.6620006561279 24.7269992828369 24.4610004425049 24.4120006561279 23.9650001525879 23.4570007324219
24.5219993591309 24.2910003662109 19.6079998016357 16.6240005493164 15.3280000686646 13.6780004501343 13.0220003128052 12.5740003585815 14.4709997177124 14.0900001525879 14.2250003814697 19.80299949646 22.6499996185303 24.6429996490479 27.2999992370605 29.0370006561279 30.5659999847412 31.6000003814697 31.8819999694824 31.6849994659424 31.5 32.5309982299805 34.2639999389648 34.7929992675781 36.6030006408691 37.6069984436035 37.2649993896484 36.3790016174316 35.5309982299805 34.0250015258789 32.4749984741211 29.4659996032715 25.1159992218018 20.5779991149902 19.8680000305176 21.8920001983643 23.0869998931885 23.0049991607666 23.4029998779297 24.4020004272461 25.3540000915527 25.7840003967285 25.0779991149902 24.4950008392334 24.0170001983643 23.4349994659424
28.0330009460449 28.3360004425049 24.1219997406006 21.4449996948242 21.863000869751 15.6370000839233 14.8509998321533 13.2510004043579 12.9840002059937 13.8680000305176 13.9700002670288 15.8120002746582 22.2029991149902 22.2099990844727 25.5510005950928 28.8309993743896 29.8759994506836 31.4330005645752 31.8719997406006 32.0690002441406 32.1160011291504 32.9109992980957 34.2140007019043 36.3899993896484 37.6349983215332 37.9700012207031 37.8489990234375 37.0960006713867 35.6139984130859 34.0219993591309 32.2439994812012 30.05299949646 28.0160007476807 23.9599990844727 23.9570007324219 23.2840003967285 23.4810009002686 23.0069999694824 23.2369995117188 23.7609996795654 25.3439998626709 26.30299949646 25.7740001678467 25.5 25.6660003662109 26.7919998168945
29.5100002288818 28.8729991912842 27.9370002746582 25.7290000915527 24.628999710083 25.6949996948242 22.3080005645752 12.66100025177 12.0279998779297 13.1459999084473 13.956000328064 13.41100025177 21.8250007629395 25.4659996032715 27.2269992828369 29.1690006256104 29.7099990844727 31.007999420166 31.5259990692139 31.4009990692139 31.2700004577637 33.0740013122559 35.4459991455078 36.2019996643066 37.1669998168945 37.8310012817383 37.6479988098145 37.064998626709 35.9879989624023 34.5830001831055 32.4109992980957 31.1240005493164 27.2819995880127 26.5240001678467 24.4479999542236 23.6639995574951 22.8449993133545 22.4869995117188 23.3229999542236 24.5830001831055 25.7399997711182 26.4050006866455 26.3120002746582 27.636999130249 28.7689990997314 29.7819995880127
29.7670001983643 29.4130001068115 29.1509990692139 27.9200000762939 26.7630004882812 28.173999786377 26.9559993743896 18.3099994659424 11.9650001525879 12.1820001602173 13.16100025177 13.951000213623 17.988000869751 21.4820003509521 26.1660003662109 28.6809997558594 29.4009990692139 30.2630004882812 30.7919998168945 30.4810009002686 30.4130001068115 29.7959995269775 34.5390014648438 35.7999992370605 35.9700012207031 36.689998626709 36.8699989318848 36.2210006713867 35.5139999389648 35.1510009765625 33.3769989013672 30.5100002288818 25.488000869751 23.8430004119873 23.5610008239746 22.8460006713867 21.4479999542236 21.7220001220703 22.5550003051758 22.6790008544922 23.9489994049072 25.3309993743896 25.1509990692139 24.3509998321533 26.246000289917 29.4540004730225
30.992000579834 30.988000869751 30.3460006713867 29.9680004119873 30.0979995727539 28.9419994354248 27.1040000915527 23.4260005950928 12.2309999465942 11.5979995727539 11.0089998245239 10.7729997634888 16.1860008239746 21.9009990692139 26.8509998321533 28.4459991455078 28.371000289917 28.9479999542236 29.5860004425049 29.6110000610352 28.7290000915527 31.1270008087158 32.2449989318848 34.1339988708496 35.3400001525879 36.3009986877441 35.9210014343262 35.5 34.4389991760254 33.9799995422363 31.9680004119873 27.6539993286133 25.0230007171631 24.4069995880127 22.2310009002686 21.2660007476807 21.1599998474121 21.371000289917 21.3369998931885 21.6840000152588 23.2910003662109 23.6760005950928 22.9969997406006 21.4610004425049 25.4130001068115 28.4340000152588
32.6889991760254 32.3190002441406 31.8150005340576 30.3680000305176 30.1539993286133 29.8190002441406 28.9650001525879 22.0750007629395 17.1089992523193 12.7410001754761 11.4569997787476 11.1269998550415 14.7390003204346 22.5769996643066 26.1660003662109 25.7630004882812 26.4729995727539 27.4080009460449 28.7740001678467 28.7870006561279 27.4839992523193 29.6730003356934 31.4589996337891 33.0979995727539 33.4360008239746 34.3250007629395 35.0960006713867 34.6629981994629 33.382999420166 31.9050006866455 30.8619995117188 29.0839996337891 24.9669990539551 24.9629993438721 23.9349994659424 19.2630004882812 19.8799991607666 19.4570007324219 19.1040000915527 21.5370006561279 21.4710006713867 21.9020004272461 21.0809993743896 19.1030006408691 24.30299949646 27.69700050354
33.8380012512207 33.6209983825684 32.1710014343262 31.6760005950928 30.4409999847412 29.9500007629395 28.6450004577637 26.1259994506836 22.742000579834 15.4729995727539 11.8529996871948 11.6909999847412 11.5349998474121 18.3120002746582 22.4619998931885 22.076000213623 23.511999130249 25.3640003204346 26.5739994049072 27.6299991607666 26.2609996795654 29.2350006103516 30.6030006408691 31.0240001678467 31.1979999542236 31.9190006256104 32.2550010681152 33.056999206543 31.0590000152588 29.3490009307861 28.5279998779297 26.7859992980957 24.7199993133545 23.4160003662109 20.5330009460449 18.6509990692139 16.9549999237061 16.6800003051758 17.5860004425049 20.4769992828369 21.7189998626709 20.2080001831055 19.7049999237061 18.7649993896484 18.3129997253418 25.0060005187988
34.2620010375977 33.8409996032715 33.0880012512207 31.9780006408691 31.2369995117188 29.6879997253418 28.1380004882812 26.9009990692139 21.4850006103516 12.3970003128052 12.673999786377 12.9580001831055 13.1339998245239 15.8570003509521 18.3269996643066 20.4699993133545 21.2520008087158 22.7339992523193 23.673999786377 25.0130004882812 25.0230007171631 25.9890003204346 29.2220001220703 30.1940002441406 30.4610004425049 29.0300006866455 28.9860000610352 29.8740005493164 27.2210006713867 25.7679996490479 25.9479999542236 24.9200000762939 24.4290008544922 22.4230003356934 19.5979995727539 18.9080009460449 16.9130001068115 16.7740001678467 17.1240005493164 19.1620006561279 20.6889991760254 18.9650001525879 18.6989994049072 18.4599990844727 18.2390003204346 19.6429996490479
33.8030014038086 33.8089981079102 32.8950004577637 31.4659996032715 30.9109992980957 28.8659992218018 27.238000869751 26.4599990844727 24.3850002288818 18.7269992828369 13.91100025177 13.664999961853 13.8979997634888 15.6190004348755 17.0909996032715 18.8159999847412 19.3320007324219 19.9619998931885 22.298999786377 22.32200050354 22.9120006561279 24.6089992523193 27.5510005950928 27.7310009002686 26.7329998016357 22.5510005950928 24.0949993133545 26.0259990692139 26.2080001831055 23.4650001525879 22.8729991912842 24.1450004577637 23.0779991149902 20.2280006408691 18.8040008544922 18.2399997711182 16.8409996032715 16.7530002593994 16.3349990844727 18.7670001983643 19.4629993438721 17.3430004119873 18.0879993438721 18.0790004730225 18.2549991607666 17.8729991912842
32.859001159668 32.8549995422363 32.1150016784668 31.2530002593994 30.6410007476807 29.0510005950928 26.7639999389648 22.9860000610352 17.0709991455078 24.8199996948242 22.3349990844727 16.375 14.2309999465942 14.3479995727539 16.9459991455078 18.3549995422363 19.4080009460449 19.9479999542236 20.6550006866455 20.6660003662109 21.3279991149902 23.5279998779297 22.9209995269775 22.1860008239746 21.5690002441406 18.9220008850098 23.7719993591309 23.1809997558594 21.1450004577637 21.32200050354 21.951000213623 23.0690002441406 22.1110000610352 19.7959995269775 18.5410003662109 18.7290000915527 17.9160003662109 17.3059997558594 15.0900001525879 17.0359992980957 17.6919994354248 18.2479991912842 19.8780002593994 19.7630004882812 18.2169990539551 17.0330009460449
32.0320014953613 31.8419990539551 31.1979999542236 30.4449996948242 29.8010005950928 29.0839996337891 27.2649993896484 26.0400009155273 22.7679996490479 28.738000869751 26.4799995422363 24.1060009002686 18.0809993743896 14.8979997634888 15.5100002288818 18.4659996032715 20.0049991607666 20.4559993743896 22.82200050354 21.2240009307861 19.9729995727539 19.9150009155273 19.8530006408691 20.2259998321533 20.1100006103516 19.9589996337891 19.8239994049072 20.9130001068115 20.9860000610352 21.3419990539551 21.4720001220703 22.4090003967285 21.7320003509521 18.5349998474121 18.3500003814697 18.7150001525879 19.5809993743896 17.8209991455078 16.9599990844727 17.2240009307861 18.2549991607666 20.4899997711182 21.0779991149902 20.3729991912842 18.8320007324219 16.4120006561279
31.128999710083 31.0979995727539 30.2940006256104 30.1889991760254 28.8850002288818 27.6870002746582 27.1949996948242 27.943000793457 28.9200000762939 29.9260005950928 28.4459991455078 25.5109996795654 20.431999206543 18.0340003967285 14.7049999237061 20.8439998626709 20.5790004730225 22.2549991607666 23.4099998474121 22.6429996490479 19.9300003051758 19.5499992370605 20.2819995880127 21.2560005187988 22.1539993286133 21.9130001068115 20.6900005340576 20.3850002288818 20.7049999237061 20.8209991455078 20.7049999237061 21.1620006561279 20.1439990997314 17.4080009460449 18.1319999694824 18.7779998779297 19.8969993591309 20.6690006256104 21.3939990997314 21.6189994812012 21.4099998474121 21.6870002746582 21.8999996185303 23.242000579834 22.9379997253418 23.7689990997314
28.8290004730225 29.2919998168945 30.3479995727539 30.4729995727539 28.6889991760254 28.621000289917 29.3369998931885 28.7950000762939 31.1459999084473 33.1500015258789 30.4139995574951 29.9459991455078 29.4549999237061 25.8360004425049 22.5849990844727 21.4570007324219 21.1760005950928 22.9419994354248 23.8090000152588 23.4260005950928 21 23.2240009307861 23.1480007171631 23.6060009002686 22.6030006408691 22.5610008239746 21.193000793457 20.7630004882812 20.2679996490479 19.8859996795654 20.0069999694824 19.5009994506836 17.6469993591309 17.4080009460449 17.4209995269775 18.57200050354 19.6550006866455 21.246000289917 21.9729995727539 22.0839996337891 21.6319999694824 25.8460006713867 26.6539993286133 26.3509998321533 26.6439990997314 26.8369998931885
28.9869995117188 28.9449996948242 30.5590000152588 31.2159996032715 30.2560005187988 30.7140007019043 31.8819999694824 32.1780014038086 34.2220001220703 34.1520004272461 31.3099994659424 31.2730007171631 31.4969997406006 29.9559993743896 24.8090000152588 21.7630004882812 24.0900001525879 24.9659996032715 25.5599994659424 25.5939998626709 24.2199993133545 25.4860000610352 25.2229995727539 23.8540000915527 22.2549991607666 22.0960006713867 21.6270008087158 21.5319995880127 19.5410003662109 18.0049991607666 18.4400005340576 18.5310001373291 17.3339996337891 17.7509994506836 16.9710006713867 19.0559997558594 20.1870002746582 21.1490001678467 22.1919994354248 22.628999710083 25.4020004272461 28.8040008544922 28.9720001220703 27.3449993133545 27.0259990692139 27.1270008087158
29.6240005493164 29.9400005340576 32.6069984436035 32.1030006408691 31.3169994354248 31.1420001983643 30.2919998168945 33.3320007324219 34.8639984130859 34.5820007324219 33.5870018005371 32.2519989013672 31.7329998016357 30.4200000762939 25.0200004577637 23.371000289917 25.7310009002686 27.5209999084473 27.2980003356934 26.69700050354 26.3369998931885 26.7730007171631 26.4950008392334 23.2409992218018 21.6350002288818 21.2970008850098 21.4120006561279 21.2859992980957 16.4969997406006 16.32200050354 16.1800003051758 16.7159996032715 17.9799995422363 18.9720001220703 20.6000003814697 20.5970001220703 20.8770008087158 22.1529998779297 23.4689998626709 26.2639999389648 28.4990005493164 29.7029991149902 30.2709999084473 31.1879997253418 29.2040004730225 27.9020004272461
31.4769992828369 32.564998626709 32.8919982910156 32.3680000305176 31.5410003662109 31.681999206543 32.439998626709 34.4519996643066 35.306999206543 35.5 34.2190017700195 33.2270011901855 32.1539993286133 29.5869998931885 27.0370006561279 26.1350002288818 26.996000289917 27.9890003204346 28.0939998626709 28.3819999694824 27.9599990844727 27.8159999847412 25.8199996948242 22.867000579834 22.3999996185303 22.2290000915527 18.9799995422363 18.4360008239746 17.0470008850098 15.8660001754761 16.1870002746582 16.5090007781982 18.076000213623 18.8819999694824 20.8899993896484 21.613000869751 22.1200008392334 22.7719993591309 24.7350006103516 28.1079998016357 30.1940002441406 31.1079998016357 31.9570007324219 32.0180015563965 31.1299991607666 29.6879997253418
31.6529998779297 32.8540000915527 33.1990013122559 32.75 32.4010009765625 33.7389984130859 34.1069984436035 35.4690017700195 36.367000579834 36.0740013122559 35.3289985656738 33.9650001525879 33.4749984741211 30.9039993286133 26.1830005645752 26.0259990692139 27.1790008544922 28.5480003356934 28.8040008544922 29.0189990997314 29.3299999237061 29.1030006408691 27.7900009155273 27.3999996185303 25.576000213623 23.8519992828369 18.7549991607666 15.5469999313354 15.8529996871948 14.9309997558594 15.3059997558594 15.9630002975464 17.6079998016357 18.6079998016357 18.4659996032715 21.0100002288818 23.0650005340576 23.1919994354248 25.8449993133545 29.7959995269775 31.4029998779297 31.8880004882812 32.5120010375977 32.6759986877441 32.1920013427734 30.632999420166
31.136999130249 32.7680015563965 33.6699981689453 33.4679985046387 32.8880004882812 33.4560012817383 34.1030006408691 35.3759994506836 36.1380004882812 35.8320007324219 35.5279998779297 34.5320014953613 33.4029998779297 31.492000579834 29.0380001068115 27.6569995880127 27.5520000457764 28.8589992523193 29.6310005187988 29.7789993286133 30.0459995269775 29.7369995117188 27.8360004425049 27.6900005340576 27.1399993896484 23.4740009307861 23.4120006561279 20.9060001373291 16.367000579834 14.0799999237061 14.1120004653931 15.1300001144409 17.9440002441406 19.298999786377 18.3090000152588 19.9190006256104 24.8169994354248 27.3040008544922 27.7049999237061 30.4729995727539 32.0279998779297 32.0309982299805 32.859001159668 32.9729995727539 33.2879981994629 32.9420013427734
