01_datasets/03_gis/02_asc_chm-r50m/HS211C.asc
NCOLS 199 
NROWS 200 
XLLCORNER 571208.5 
YLLCORNER 5220062 
CELLSIZE 0.5 
NODATA_value -3.4e+38 
[rows 140 to 159 of 200, columns 45 to 89 of 199]
15.0559997558594 13.2180004119873 11.9549999237061 12.9779996871948 7.38899993896484 5.56300020217896 5.85099983215332 6.18599987030029 5.5019998550415 3.57800006866455 1.75600004196167 1.59800004959106 1.24500000476837 0.808000028133392 0.261999994516373 0.435000002384186 0.564999997615814 0.614000022411346 0.943000018596649 0.851999998092651 0.827000021934509 0.763000011444092 1.20799994468689 1.6690000295639 2.13000011444092 2.59100008010864 3.05299997329712 3.7720000743866 4.15899991989136 4.46500015258789 4.80999994277954 17.7119998931885 25.943000793457 26.6959991455078 28.7059993743896 29.80299949646 30.431999206543 30.9220008850098 30.2900009155273 29.0319995880127 27.1420001983643 25.8080005645752 24.2840003967285 11.5249996185303 5.76999998092651
9.68299961090088 3.85999989509583 0.842000007629395 0.284999996423721 3.66799998283386 2.16300010681152 2.49799990653992 2.83299994468689 3.16700005531311 2.31900000572205 2.26500010490417 1.76999998092651 1.44000005722046 1.11000001430511 0.587000012397766 0.830999970436096 1.47399997711182 0.717000007629395 1.11899995803833 1.17900002002716 1.08899998664856 0.999000012874603 0.968999981880188 1.37600004673004 1.83800005912781 2.29900002479553 2.84899997711182 3.58899998664856 4.01100015640259 4.51999998092651 9.04399967193604 23.0230007171631 26.0130004882812 26.4549999237061 28.6399993896484 29.8309993743896 30.0979995727539 30.2229995727539 29.7980003356934 28.1919994354248 25.8799991607666 25.6770000457764 23.1800003051758 10.9519996643066 6.40100002288818
3.07500004768372 0.223000004887581 0.331000000238419 0.541000008583069 0.546999990940094 0.535000026226044 0.699999988079071 1.09599995613098 2.24600005149841 2.83999991416931 2.86199998855591 1.932000041008 1.46300005912781 1.84500002861023 1.75699996948242 1.84099996089935 2.13499999046326 1.30999994277954 1.23599994182587 1.50600004196167 1.41600000858307 1.32599997520447 1.23500001430511 1.17599999904633 1.54499995708466 2.00699996948242 2.65799999237061 2.83400011062622 3.66199994087219 4.38199996948242 11.2250003814697 16.8360004425049 22.0340003967285 25.3689994812012 28.8659992218018 29.3500003814697 29.6919994354248 29.4150009155273 29.1499996185303 27.7679996490479 25.8530006408691 23.3379993438721 18.0540008544922 15.6990003585815 5.86399984359741
0.241999998688698 0.34400001168251 0.497000008821487 0.63400000333786 0.935000002384186 0.922999978065491 0.980000019073486 1.62899994850159 2.40899991989136 2.80100011825562 2.94400000572205 2.18499994277954 1.54799997806549 2.34699988365173 2.54200005531311 2.82999992370605 2.73799991607666 2.48600006103516 1.86099994182587 1.83299994468689 1.74300003051758 1.65199995040894 1.56200003623962 1.47200000286102 1.38100004196167 1.72599995136261 1.97599995136261 1.93799996376038 2.67000007629395 3.48000001907349 5.57100009918213 10.9659996032715 14.2110004425049 24.4060001373291 25.7019996643066 27.4389991760254 27.9820003509521 27.9139995574951 27.8560009002686 27.2700004577637 25.4139995574951 19.2220001220703 12.326000213623 10.6840000152588 8.04899978637695
0.352999985218048 0.444999992847443 0.580999970436096 0.737999975681305 0.980000019073486 1.78900003433228 2.2039999961853 2.40799999237061 2.13800001144409 2.62599992752075 2.67000007629395 1.78100001811981 1.4099999666214 2.50300002098083 3.34299993515015 3.93099999427795 3.87299990653992 3.36500000953674 2.92400002479553 1.84800004959106 1.40299999713898 1.18299996852875 0.962999999523163 0.744000017642975 0.523999989032745 1.04799997806549 2.00699996948242 2.0699999332428 1.72699999809265 2.71799993515015 5.78000020980835 6.6100001335144 7.61499977111816 20.2450008392334 23.6879997253418 25.6359996795654 26.3850002288818 26.507999420166 26.2940006256104 26.1979999542236 24.9790000915527 20.9589996337891 6.60699987411499 5.50899982452393 3.79800009727478
0.523999989032745 0.537999987602234 0.665000021457672 0.841000020503998 1.0900000333786 2.06399989128113 2.45700001716614 2.42899990081787 1.89499998092651 2.02500009536743 2.03800010681152 1.57000005245209 1.51800000667572 2.25699996948242 3.48300004005432 4.22700023651123 4.39400005340576 4.01200008392334 3.41199994087219 2.45300006866455 1.14100003242493 0.921000003814697 0.700999975204468 0.481000006198883 0.560000002384186 1.17200005054474 1.71200001239777 1.85500001907349 1.47099995613098 4.82000017166138 8.50100040435791 12.1809997558594 15.3859996795654 19.7870006561279 22.8600006103516 24.2759990692139 25.0690002441406 20.4750003814697 20.4930000305176 21.923999786377 20.9349994659424 20.2959995269775 5.42500019073486 3.2279999256134 1.36300003528595
0.660000026226044 0.709999978542328 0.749000012874603 0.944999992847443 1.20299994945526 2.10400009155273 2.33699989318848 2.24399995803833 1.63499999046326 1.37999999523163 1.49100005626678 1.49500000476837 1.44700002670288 2.32399988174438 3.43199992179871 3.94600009918213 4.1100001335144 3.62100005149841 2.98000001907349 2.51600003242493 1.682000041008 0.658999979496002 0.439000010490417 0.354000002145767 0.720000028610229 0.978999972343445 1.19400000572205 1.1710000038147 2.53800010681152 6.3289999961853 10.1199998855591 13.91100025177 17.7029991149902 21.3819999694824 22.3600006103516 22.3460006713867 17.2660007476807 10.4049997329712 11.5819997787476 13.6000003814697 13.2170000076294 11.8540000915527 6.25 4.39900016784668 1.91799998283386
0.666999995708466 0.745999991893768 0.825999975204468 0.939000010490417 1.69099998474121 2.04999995231628 1.86099994182587 1.73199999332428 1.49300003051758 1.23199999332428 0.976000010967255 0.978999972343445 0.945999979972839 1.92799997329712 2.63700008392334 3.02999997138977 3.23399996757507 2.69300007820129 2.09800004959106 1.57700002193451 1.05599999427795 0.53600001335144 0.291000008583069 0.352999985218048 0.550000011920929 0.746999979019165 0.953000009059906 0.97299998998642 2.15400004386902 5.94500017166138 9.73700046539307 13.5279998779297 16.8920001983643 18.875 20.5410003662109 17.7210006713867 15.5150003433228 8.08100032806396 12.0629997253418 12.5050001144409 10.5310001373291 8.35200023651123 6.56899976730347 4.28000020980835 1.73199999332428
0.615000009536743 0.675000011920929 0.750999987125397 0.935000002384186 1.22800004482269 1.58000004291534 1.46300005912781 1.46899998188019 1.45799994468689 1.192999958992 0.783999979496002 0.584999978542328 0.584999978542328 0.924000024795532 1.22399997711182 1.50399994850159 2.21600008010864 2.17899990081787 1.78799998760223 1.26800000667572 0.746999979019165 0.361000001430511 0.273000001907349 0.418999999761581 0.389999985694885 0.514999985694885 0.712999999523163 0.774999976158142 1.77100002765656 5.56199979782104 9.35299968719482 12.4029998779297 14.5869998931885 16.693000793457 16.8969993591309 13.706000328064 10.5150003433228 8.22299957275391 8.49600028991699 7.36499977111816 6.09000015258789 6.24599981307983 5.27699995040894 3.75399994850159 1.5460000038147
0.556999981403351 0.610000014305115 0.657000005245209 0.841000020503998 0.702000021934509 1.02400004863739 1.18299996852875 1.04100000858307 1.14499998092651 1.06599998474121 0.889999985694885 0.726999998092651 0.879999995231628 1.11699998378754 1.21300005912781 1.41700005531311 1.6599999666214 1.83500003814697 1.47899997234344 0.958000004291534 0.545000016689301 0.333999991416931 0.268999993801117 0.430000007152557 0.561999976634979 0.524999976158142 0.488000005483627 0.648000001907349 1.38699996471405 5.17799997329712 7.91400003433228 10.4589996337891 12.6199998855591 13.9270000457764 13.2530002593994 10.0620002746582 6.86999988555908 3.67899990081787 2.37700009346008 2.34400010108948 2.79099988937378 3.7720000743866 4.18900012969971 2.99900007247925 0.866999983787537
0.446000009775162 0.499000012874603 0.527999997138977 0.573000013828278 0.745000004768372 1.03699994087219 0.790000021457672 0.760999977588654 1.01499998569489 0.830999970436096 0.773999989032745 0.853999972343445 1.40699994564056 1.58500003814697 1.56700003147125 1.36800003051758 0.958999991416931 1.40600001811981 1.1690000295639 0.72299998998642 0.51800000667572 0.307000011205673 0.279000014066696 0.439999997615814 0.601999998092651 0.697000026702881 0.660000026226044 0.693000018596649 1.00399994850159 3.78699994087219 6.33099985122681 8.54699993133545 9.85400009155273 11.4309997558594 9.60900020599365 6.41800022125244 3.2260000705719 2.16799998283386 2.01900005340576 1.97300004959106 1.89999997615814 1.82700002193451 2.04800009727478 2.16899991035461 1.43499994277954
0.33500000834465 0.388000011444092 0.398999989032745 0.45100000500679 0.532999992370605 0.634999990463257 0.632000029087067 0.651000022888184 0.816999971866608 0.693000018596649 0.298000007867813 0.398000001907349 1.0460000038147 1.64600002765656 1.23099994659424 0.855000019073486 0.570999979972839 0.788999974727631 0.888999998569489 0.702000021934509 0.49099999666214 0.280000001192093 0.28999999165535 0.45100000500679 0.611999988555908 0.773000001907349 1.05400002002716 1.35800004005432 0.970000028610229 2.20300006866455 4.47399997711182 5.7810001373291 7.08900022506714 9.10000038146973 5.96500015258789 2.77300000190735 1.98399996757507 1.82200002670288 1.6599999666214 1.60300004482269 1.52999997138977 1.4559999704361 1.38300001621246 1.32299995422363 1.31400001049042
0.224000006914139 0.26800000667572 0.270999997854233 0.34799998998642 0.433999985456467 3.31500005722046 0.486000001430511 0.446999996900558 0.777999997138977 0.700999975204468 0.456999987363815 0.703000009059906 1.08299994468689 1.7940000295639 1.30799996852875 1.40600001811981 1.16299998760223 1.442999958992 1.27199995517731 0.675000011920929 0.46399998664856 0.252999991178513 0.300000011920929 0.460999995470047 0.727999985218048 1.11800003051758 1.19200003147125 1.30499994754791 0.995999991893768 0.405000001192093 1.70899999141693 3.01600003242493 4.32399988174438 5.51200008392334 2.3199999332428 1.79999995231628 1.63800001144409 1.47599995136261 1.30200004577637 1.23199999332428 1.15900003910065 1.08599996566772 1.17999994754791 1.37800002098083 1.19599997997284
0.368999987840652 0.130999997258186 0.175999999046326 3.24799990653992 6.60699987411499 9.05599975585938 4.33199977874756 0.331000000238419 0.648000001907349 0.830999970436096 1.00699996948242 1.22500002384186 1.81500005722046 2.40499997138977 2.18499994277954 1.94700002670288 1.84200000762939 2.58699989318848 2.73200011253357 1.09399998188019 0.518999993801117 0.226999998092651 0.321999996900558 0.763000011444092 1.19700002670288 1.30200004577637 1.09200000762939 0.949999988079071 0.802999973297119 0.595000028610229 0.545000016689301 0.32600000500679 1.94400000572205 1.86800003051758 1.61600005626678 1.4539999961853 1.29200005531311 1.12999999523163 0.935000002384186 0.861999988555908 0.839999973773956 1.03799998760223 1.23500001430511 1.40299999713898 1.03199994564056
2.55299997329712 2.75 8.13799953460693 9.55799961090088 12.9160003662109 14.2550001144409 8.85799980163574 2.49900007247925 0.291999995708466 0.621999979019165 1.49300003051758 1.74100005626678 2.19199991226196 2.67600011825562 2.47300004959106 2.15899991989136 2.25200009346008 2.88199996948242 2.93099999427795 1.69599997997284 1.02300000190735 0.626999974250793 0.287999987602234 0.448000013828278 0.760999977588654 0.992999970912933 0.644999980926514 0.582000017166138 0.683000028133392 0.782999992370605 0.707000017166138 0.722000002861023 1.17299997806549 1.43099999427795 1.26999998092651 1.10800004005432 0.945999979972839 0.783999979496002 0.564000010490417 0.698000013828278 0.894999980926514 1.09300005435944 1.28999996185303 1.31200003623962 0.879999995231628
5.4980001449585 14.8420000076294 19.7299995422363 18.7029991149902 19.4820003509521 19.32200050354 14.4390001296997 10.3620004653931 3.87899994850159 0.994000017642975 1.74899995326996 1.95500004291534 2.08899998664856 2.69700002670288 2.66700005531311 2.30299997329712 2.24900007247925 2.50999999046326 1.86699998378754 1.56299996376038 1.10599994659424 0.88400000333786 0.672999978065491 0.683000028133392 0.572000026702881 0.414000004529953 0.439999997615814 0.583000004291534 1.27100002765656 2.21900010108948 0.753000020980835 1.06500005722046 1.28199994564056 1.15400004386902 0.931999981403351 0.869000017642975 0.814999997615814 0.685999989509583 0.578999996185303 0.759999990463257 0.949999988079071 1.14699995517731 1.34500002861023 1.20200002193451 0.769999980926514
21.5240001678467 23.9200000762939 25.1420001983643 25.2310009002686 22.2950000762939 22.0580005645752 22.2660007476807 16.617000579834 10.1940002441406 3.85899996757507 1.64600002765656 1.97800004482269 2.02600002288818 2.68300008773804 2.80100011825562 2.45600008964539 2.35899996757507 2.28800010681152 1.92700004577637 1.76499998569489 1.49000000953674 1.10399997234344 0.782000005245209 0.717999994754791 0.566999971866608 0.379000008106232 2.52300000190735 3.5239999294281 4.52500009536743 5.19600009918213 2.76399993896484 0.66100001335144 1.067999958992 0.975000023841858 0.852999985218048 0.577000021934509 0.391999989748001 0.514999985694885 0.519999980926514 0.89300000667572 1.25499999523163 1.28699994087219 1.39900004863739 1.09300005435944 0.685000002384186
24.5779991149902 25.568000793457 26.0130004882812 27.117000579834 26.2169990539551 25.1770000457764 24.7830009460449 19.6720008850098 12.5249996185303 5.07800006866455 1.26999998092651 1.55400002002716 2.33800005912781 2.55399990081787 2.62599992752075 2.79699993133545 2.69099998474121 2.34299993515015 2.13700008392334 2.07100009918213 1.71000003814697 1.07700002193451 0.734000027179718 0.526000022888184 0.389999985694885 1.50399994850159 5.77699995040894 6.77799987792969 7.77899980545044 8.17300033569336 5.74100017547607 3.30900001525879 2.71799993515015 2.84599995613098 2.97499990463257 3.1029999256134 2.11700010299683 0.570999979972839 0.666000008583069 0.940999984741211 1.28299999237061 1.625 1.71099996566772 1.49199998378754 1.12800002098083
24.9050006866455 25.2280006408691 25.875 27.2670001983643 27.8959999084473 27.193000793457 26.1550006866455 22.7280006408691 11.9329996109009 0.791999995708466 0.504999995231628 0.412999987602234 0.856000006198883 2.04299998283386 2.36199998855591 2.53200006484985 2.65499997138977 2.35899996757507 2.08299994468689 1.82400000095367 1.60300004482269 1.22899997234344 0.867999970912933 0.426999986171722 0.565999984741211 3.09699988365173 7.48299980163574 10.0319995880127 11.0329999923706 11.1499996185303 8.7180004119873 6.93599987030029 7.86499977111816 7.99399995803833 8.12199974060059 6.78599977493286 1.25899994373322 0.547999978065491 0.797999978065491 1.03999996185303 1.38199996948242 1.57099997997284 1.53100001811981 1.71599996089935 1.50899994373322
25.1630001068115 25.367000579834 26.3040008544922 27.9939994812012 27.8299999237061 26.363000869751 24.0100002288818 19.9139995574951 6.8270001411438 0.658999979496002 0.862999975681305 1.34200000762939 1.71300005912781 1.78100001811981 1.93099999427795 2.09500002861023 2.14400005340576 2.21399998664856 2.06500005722046 1.6599999666214 1.46700000762939 1.20299994945526 0.811999976634979 0.759999990463257 0.808000028133392 4.69000005722046 9.07600021362305 13.28600025177 14.2869997024536 14.1280002593994 11.6949996948242 11.7969999313354 13.0129995346069 13.1409997940063 11.4540004730225 5.92799997329712 0.453000009059906 0.524999976158142 0.558000028133392 1.11800003051758 1.45099997520447 1.35000002384186 1.38300001621246 1.78999996185303 1.71700000762939
