01_datasets/03_gis/02_asc_chm-r50m/HS211C.asc
NCOLS 199 
NROWS 200 
XLLCORNER 571208.5 
YLLCORNER 5220062 
CELLSIZE 0.5 
NODATA_value -3.4e+38 
[rows 100 to 119 of 200, columns 0 to 44 of 199]
1.664999961853030 4.59700012207031 8.80700016021729 13.0179996490479 14.1859998703003 14.2379999160767 14.2679996490479 17.9200000762939 20.5860004425049 22.9969997406006 23.1900005340576 23.4069995880127 25.3129997253418 26.1399993896484 25.8999996185303 25.4379997253418 24.3610000610352 23.0659999847412 22.7339992523193 21.5160007476807 19.1089992523193 16.2779998779297 14.4029998779297 9.94200038909912 5.36399984359741 0.547999978065491 0.377999991178513 0.400000005960464 0.40200001001358 0.372000008821487 0.377999991178513 0.458000004291534 0.495999991893768 0.483000010251999 0.423000007867813 0.340000003576279 0.217999994754791 0.28999999165535 0.367000013589859 1.44099998474121 2.60700011253357 3.77300000190735 4.93900012969971 6.10500001907349 7.27099990844727
0.555999994277954 4.6100001335144 8.66399955749512 12.7180004119873 14.8079996109009 15.0310001373291 14.8140001296997 18.5359992980957 21.7980003356934 23.5750007629395 23.9820003509521 23.9099998474121 24.5849990844727 25.0550003051758 25.3400001525879 24.6389999389648 23.4139995574951 23.2919998168945 22.9529991149902 22.0389995574951 20.5400009155273 16.5230007171631 13.7309999465942 8.96199989318848 4.19399976730347 0.316000014543533 0.293999999761581 0.326999992132187 0.349999994039536 0.354000002145767 0.301999986171722 0.349000006914139 0.395999997854233 0.444000005722046 0.458999991416931 0.40599998831749 0.30799999833107 0.347000002861023 0.680999994277954 1.84700000286102 3.01300001144409 4.17899990081787 5.34499979019165 6.51100015640259 7.67700004577637
0.839999973773956 2.6710000038147 6.72499990463257 10.7790002822876 15.2430000305176 15.8059997558594 15.3590002059937 18.1180000305176 22.0550003051758 24.2450008392334 24.2070007324219 24.011999130249 23.9120006561279 24.19700050354 24.2390003204346 24.0809993743896 22.5709991455078 23.0869998931885 22.6720008850098 21.1840000152588 21.0259990692139 17.0909996032715 11.8299999237061 7.84000015258789 3.07200002670288 0.294999986886978 0.273000001907349 0.252000004053116 0.277999997138977 0.391000002622604 0.368000000715256 0.395000010728836 0.423000007867813 0.455000013113022 0.477999985218048 0.467999994754791 0.402999997138977 0.402999997138977 1.08700001239777 2.25300002098083 3.41899991035461 4.58500003814697 5.75099992752075 6.91699981689453 8.07299995422363
1.24500000476837 1.08399999141693 4.78700017929077 8.88599967956543 13.3889999389648 13.5880002975464 15.2159996032715 19.9260005950928 23.2929992675781 23.4640007019043 23.4979991912842 23.8449993133545 23.6189994812012 23.8920001983643 23.8390007019043 23.3700008392334 22.3770008087158 22.6620006561279 21.4109992980957 20.8950004577637 20.5799999237061 15.4969997406006 10.2370004653931 6.71799993515015 1.95000004768372 0.273000001907349 0.252000004053116 0.231000006198883 0.228000000119209 0.356000006198883 0.393999993801117 0.465000003576279 0.504999995231628 0.53600001335144 0.569999992847443 0.861999988555908 0.879000008106232 0.46000000834465 1.49300003051758 2.6470000743866 3.78099989891052 4.91300010681152 6.01000022888184 7.10599994659424 8.20300006866455
1.63699996471405 1.4889999628067 2.84800004959106 7.03200006484985 7.28999996185303 4.79199981689453 13.6339998245239 21.1070003509521 21.9540004730225 21.4220008850098 22.5049991607666 23.0930004119873 23.5559997558594 23.246000289917 22.9379997253418 22.5160007476807 21.8889999389648 20.4629993438721 20.4810009002686 20.3530006408691 16.7299995422363 11.1490001678467 8.64400005340576 4.80700016021729 0.828000009059906 0.252000004053116 0.233999997377396 0.23199999332428 0.239999994635582 0.266000002622604 0.25900000333786 0.239999994635582 0.256000012159348 0.328999996185303 0.400999993085861 0.582000017166138 0.449999988079071 0.499000012874603 1.40900003910065 2.50500011444092 3.60199999809265 4.69899988174438 5.79500007629395 6.89200019836426 7.98799991607666
2.01600003242493 1.89400005340576 1.73300004005432 3.61500000953674 0.977999985218048 0.537999987602234 13.4390001296997 17.9150009155273 18.5620002746582 18.1490001678467 20.4249992370605 22.1669998168945 22.9190006256104 23.2770004272461 22.6229991912842 21.9290008544922 20.94700050354 18.5340003967285 19.4009990692139 11.9650001525879 9.13199996948242 5.98199987411499 4.26399993896484 2.20099997520447 0.252000004053116 0.244000002741814 0.241999998688698 0.24099999666214 0.250999987125397 0.273000001907349 0.259999990463257 0.241999998688698 0.223000004887581 0.204999998211861 0.186000004410744 0.188999995589256 0.351000010967255 0.551999986171722 1.40499997138977 2.29099988937378 3.38700008392334 4.48400020599365 5.57999992370605 6.67700004577637 7.77400016784668
2.16199994087219 2.09999990463257 1.78999996185303 1.43499994277954 1.06599998474121 0.671000003814697 5.40000009536743 15.2600002288818 16.5020008087158 15.6230001449585 15.5950002670288 20.4810009002686 22.5809993743896 22.5849990844727 21.6229991912842 19.4249992370605 19.3409996032715 18.0620002746582 17.5429992675781 3.41000008583069 0.947000026702881 1.49399995803833 1.83200001716614 1.817999958992 0.611999988555908 0.252000004053116 0.250999987125397 0.25 0.263000011444092 0.279000014066696 0.261000007390976 0.243000000715256 0.224000006914139 0.206000000238419 0.224000006914139 0.244000002741814 0.331000000238419 0.605000019073486 1.45799994468689 2.31100010871887 3.17199993133545 4.26900005340576 5.36600017547607 6.46199989318848 7.37799978256226
2.08200001716614 2.47699999809265 2.17400002479553 1.47599995136261 1.17900002002716 0.804000020027161 2.86299991607666 8.29300022125244 10.7580003738403 9.27799987792969 8.57100009918213 18.3920001983643 20.69700050354 20.056999206543 18.9449996948242 15.6709995269775 13.4870004653931 9.85200023651123 4.95100021362305 0.620999991893768 0.880999982357025 1.21000003814697 1.76800000667572 2.16599988937378 1.59300005435944 0.425000011920929 0.277999997138977 0.257999986410141 0.268999993801117 0.28099998831749 0.261999994516373 0.244000002741814 0.24099999666214 0.259999990463257 0.280000001192093 0.29899999499321 0.335999995470047 0.657999992370605 1.5110000371933 2.36400008201599 3.21700000762939 4.06899976730347 5.15100002288818 6.2480001449585 5.96600008010864
2.03900003433228 2.44899988174438 1.93900001049042 1.24699997901917 1.07299995422363 0.814999997615814 0.481000006198883 2.98900008201599 1.58200001716614 1.76600003242493 1.65900003910065 4.84299993515015 12.5299997329712 14.4010000228882 12.2360000610352 7.94399976730347 1.32500004768372 0.904999971389771 0.331999987363815 0.499000012874603 0.616999983787537 0.736000001430511 1.51699995994568 1.682000041008 1.04799997806549 0.379000008106232 0.331000000238419 1.32299995422363 0.273999989032745 0.282000005245209 0.263000011444092 0.27700001001358 0.296999990940094 0.316000014543533 0.33500000834465 0.352999985218048 0.78600001335144 0.799000024795532 1.55999994277954 2.52999997138977 3.38899993896484 4.13299989700317 4.97499990463257 5.35099983215332 5.34499979019165
2.08999991416931 1.88100004196167 1.23199999332428 0.811999976634979 0.915000021457672 1.02400004863739 0.925000011920929 1.32099997997284 1.46099996566772 1.69599997997284 1.64600002765656 1.37699997425079 3.86199998855591 4.04300022125244 1.69700002670288 1.95099997520447 1.68400001525879 0.629999995231628 0.41499999165535 0.335999995470047 0.462000012397766 0.34400001168251 0.569999992847443 0.600000023841858 0.458000004291534 0.261000007390976 1.42400002479553 2.97099995613098 2.60599994659424 0.293999999761581 0.310999989509583 0.328999996185303 0.345999985933304 0.363999992609024 0.381000012159348 1.03199994564056 1.73300004005432 1.64900004863739 1.74300003051758 2.34599995613098 3.31599998474121 4.14699983596802 5.2519998550415 5.52400016784668 5.64200019836426
2.14100003242493 1.81200003623962 0.779999971389771 0.472000002861023 0.699999988079071 0.802999973297119 1.00399994850159 1.10000002384186 1.18900001049042 1.38800001144409 1.14199995994568 1.06299996376038 1.25300002098083 1.90199995040894 1.65499997138977 1.12999999523163 0.827000021934509 0.637000024318695 0.514999985694885 0.395999997854233 0.428000003099442 0.388000011444092 0.319999992847443 0.25900000333786 0.209999993443489 0.656000018119812 1.625 3.56299996376038 4.15399980545044 2.21000003814697 0.35699999332428 0.375 0.391999989748001 0.541999995708466 1.26800000667572 1.99399995803833 2.6800000667572 2.70499992370605 2.36299991607666 2.19600009918213 2.70499992370605 4.09499979019165 5.32299995422363 5.66900014877319 6.03700017929077
2.08800005912781 1.84399998188019 1.02499997615814 0.379999995231628 0.474000006914139 0.467999994754791 0.787999987602234 0.800000011920929 0.990000009536743 1.37000000476837 1.13999998569489 0.833999991416931 0.967000007629395 1.66700005531311 2.50600004196167 1.53799998760223 0.617999970912933 0.550000011920929 0.430999994277954 0.382999986410141 0.423000007867813 0.462000012397766 0.453000009059906 0.303999990224838 0.66100001335144 1.46099996566772 2.2409999370575 4.08300018310547 4.03599977493286 3.03600001335144 1.82599997520447 0.421000003814697 0.77700001001358 1.50300002098083 2.22900009155273 2.95499992370605 3.30599999427795 3.21000003814697 3.20600008964539 3.33899998664856 3.45099997520447 4.0939998626709 5.26300001144409 5.80299997329712 6.25899982452393
-3.4e+38 1.67999994754791 0.686999976634979 0.361999988555908 0.328000009059906 0.532999992370605 0.870000004768372 0.952000021934509 1.23599994182587 1.43799996376038 0.987999975681305 0.841000020503998 1.0349999666214 1.43700003623962 2.4779999256134 1.88800001144409 0.586000025272369 0.476000010967255 0.33899998664856 0.377999991178513 0.418000012636185 0.456999987363815 0.467999994754791 0.861000001430511 1.3309999704361 2.09100008010864 3.09500002861023 3.61700010299683 3.6010000705719 1.99899995326996 0.216000005602837 0.542999982833862 0.935999989509583 1.67900002002716 2.4300000667572 3.14100003242493 3.2279999256134 3.27099990844727 3.78099989891052 4.04199981689453 4.04099988937378 3.75600004196167 4.8899998664856 5.95699977874756 6.28299999237061
-3.4e+38 1.37699997425079 0.550000011920929 0.569000005722046 0.555000007152557 0.377000004053116 0.648999989032745 0.800000011920929 1.21000003814697 1.14400005340576 1.10399997234344 1.40100002288818 1.42999994754791 1.69500005245209 2.73499989509583 1.38699996471405 0.527999997138977 0.358000010251999 0.333999991416931 0.370000004768372 0.379999995231628 0.439999997615814 0.658999979496002 1.70500004291534 2.36999988555908 2.75399994850159 2.36899995803833 3.09299993515015 2.10700011253357 0.522000014781952 0.861999988555908 1.65600001811981 2.26799988746643 2.64599990844727 2.90599989891052 2.5699999332428 2.7590000629425 3.14299988746643 3.62700009346008 3.88899993896484 4.11600017547607 4.03599977493286 4.12900018692017 5.64499998092651 6.22700023651123
-3.4e+38 1.08200001716614 0.851999998092651 0.772000014781952 0.717000007629395 0.569999992847443 0.439999997615814 0.810999989509583 0.708999991416931 0.740000009536743 1.29999995231628 1.58200001716614 2.19899988174438 3.19199991226196 3.56200003623962 1.36600005626678 0.629999995231628 0.333000004291534 0.551999986171722 0.771000027656555 0.990000009536743 1.20899999141693 1.68499994277954 3.24399995803833 3.80299997329712 3.3510000705719 2.28999996185303 2.15799999237061 0.657999992370605 0.603999972343445 2.03299999237061 2.71099996566772 3.6010000705719 3.4300000667572 2.56599998474121 2.24699997901917 2.42700004577637 2.81699991226196 3.19799995422363 3.45099997520447 3.7279999256134 4.40000009536743 4.60400009155273 4.80399990081787 5.29500007629395
-3.4e+38 0.819999992847443 1.28900003433228 0.629999995231628 0.637000024318695 0.559000015258789 0.726999998092651 1.10699999332428 0.582000017166138 0.465000003576279 1.44099998474121 1.76300001144409 2.41700005531311 3.3529999256134 3.44300007820129 1.7960000038147 1.08700001239777 0.324999988079071 0.552999973297119 1.18299996852875 1.75999999046326 1.97899997234344 2.83500003814697 4.01599979400635 4.97900009155273 4.54899978637695 3.57299995422363 1.85800004005432 0.330000013113022 0.370999991893768 3.15499997138977 3.7720000743866 4.06899976730347 2.99699997901917 2.66799998283386 2.61899995803833 2.21600008010864 2.54800009727478 2.8659999370575 3.12400007247925 2.91300010681152 2.32800006866455 3.41599988937378 3.85199999809265 3.61100006103516
-3.4e+38 0.767000019550323 1.00199997425079 0.578999996185303 0.546000003814697 0.621999979019165 1.07099997997284 1.37300002574921 0.542999982833862 0.744000017642975 1.17599999904633 1.55499994754791 1.86800003051758 2.23000001907349 1.35699999332428 1.74699997901917 1.47800004482269 0.372999995946884 0.582000017166138 0.578999996185303 1.16199994087219 2.35800004005432 3.3050000667572 4.35599994659424 5.36399984359741 5.68499994277954 3.37199997901917 2.59699988365173 0.920000016689301 0.579999983310699 3.03299999237061 4.32999992370605 4.28599977493286 3.11700010299683 2.8510000705719 2.04900002479553 1.81500005722046 2.13599991798401 2.90499997138977 2.98499989509583 2.59500002861023 1.77300000190735 1.63900005817413 1.97899997234344 2.73399996757507
-3.4e+38 1.00199997425079 0.753000020980835 0.503000020980835 0.648000001907349 0.874000012874603 1.42200005054474 1.6710000038147 0.901000022888184 0.781000018119812 1.08399999141693 1.20000004768372 1.48699998855591 1.65600001811981 1.47000002861023 1.57000005245209 1.71000003814697 2.07200002670288 1.61699998378754 0.449000000953674 0.537000000476837 1.6139999628067 3.67199993133545 4.2020001411438 4.58400011062622 5.09800004959106 3.96900010108948 3.21700000762939 0.933000028133392 0.862999975681305 2.90599989891052 4.07200002670288 3.99300003051758 3.4210000038147 1.89400005340576 1.09099996089935 1.36199998855591 1.63999998569489 2.40000009536743 2.3199999332428 2.09500002861023 2.5090000629425 2.26699995994568 2.42899990081787 2.41700005531311
-3.4e+38 2.4449999332428 1.20700001716614 0.572000026702881 0.920000016689301 1.33800005912781 1.83000004291534 1.81500005722046 1.44900000095367 1.0110000371933 0.968999981880188 1.11000001430511 1.30099999904633 1.42700004577637 1.10099995136261 2.50600004196167 2.88700008392334 3.47499990463257 3.32299995422363 2.08899998664856 2.01900005340576 1.55799996852875 1.60099995136261 3.78999996185303 3.59299993515015 3.625 2.31699991226196 1.81599998474121 1.43299996852875 0.926999986171722 2.54200005531311 2.33599996566772 3.21600008010864 3.30900001525879 1.19599997997284 0.587999999523163 0.751999974250793 1.26600003242493 1.03100001811981 0.869000017642975 1.44900000095367 2.20900011062622 2.57699990272522 2.30699992179871 1.95899999141693
-3.4e+38 -3.4e+38 1.28699994087219 0.767000019550323 0.984000027179718 1.59200000762939 1.8400000333786 1.72500002384186 1.50999999046326 0.90200001001358 0.871999979019165 1.03100001811981 1.14199995994568 1.09399998188019 1.08000004291534 2.51799988746643 4.1269998550415 4.92199993133545 4.14900016784668 3.51099991798401 2.49399995803833 2.19000005722046 1.7039999961853 2.07599997520447 2.45300006866455 1.30099999904633 1.74699997901917 1.33899998664856 0.967000007629395 0.707000017166138 1.00499999523163 0.513000011444092 1.59700000286102 2.2409999370575 1.07400000095367 0.671999990940094 0.625999987125397 0.337000012397766 0.754000008106232 0.809000015258789 1.70700001716614 2.1949999332428 2.47699999809265 2.16499996185303 1.56400001049042
