01_datasets/03_gis/02_asc_chm-r50m/HS211C.asc
NCOLS 199 
NROWS 200 
XLLCORNER 571208.5 
YLLCORNER 5220062 
CELLSIZE 0.5 
NODATA_value -3.4e+38 
[rows 60 to 79 of 200, columns 0 to 44 of 199]
-3.4e+38 -3.4e+38 -3.4e+38 -3.4e+38 -3.4e+38 -3.4e+38 -3.4e+38 -3.4e+38 10.0930004119873 10.1770000457764 10.6700000762939 11.4139995574951 10.9670000076294 9.77600002288818 8.35999965667725 8.03299999237061 7.58599996566772 9.3430004119873 12.0129995346069 21.5690002441406 23.2919998168945 21.4599990844727 7.68300008773804 7.64499998092651 15.2770004272461 19.4409999847412 20.2070007324219 20.7479991912842 20.8939990997314 18.8770008087158 16.4750003814697 17.7919998168945 19.7520008087158 20.4459991455078 22.0520000457764 23.0849990844727 23.7199993133545 22.8519992828369 22.2910003662109 19.326000213623 15.5380001068115 9.08800029754639 6.06699991226196 7.40100002288818 7.66400003433228
-3.4e+38 -3.4e+38 -3.4e+38 -3.4e+38 -3.4e+38 -3.4e+38 -3.4e+38 10.7609996795654 11.2379999160767 11.0900001525879 11.5340003967285 11.8459997177124 10.9040002822876 9.90499973297119 8.55700016021729 6.56699991226196 6.51999998092651 7.42500019073486 8.25 9.92099952697754 10.2790002822876 8.66300010681152 6.34999990463257 7.08799982070923 12.8859996795654 16.3500003814697 17.511999130249 17.818000793457 17.7019996643066 17.0130004882812 11.4790000915527 14.6820001602173 16.5839996337891 19.8490009307861 20.9529991149902 22.4200000762939 22.3169994354248 21.5160007476807 21.5009994506836 18.8659992218018 15.503999710083 14.2270002365112 5.19899988174438 5.80399990081787 7.13800001144409
-3.4e+38 -3.4e+38 -3.4e+38 -3.4e+38 -3.4e+38 -3.4e+38 -3.4e+38 11.9340000152588 11.5050001144409 11.0769996643066 11.3199996948242 11.1809997558594 10.7309999465942 9.90499973297119 8.38399982452393 7.67899990081787 6.32999992370605 7.48799991607666 8.32900047302246 8.9060001373291 8.49499988555908 7.31099987030029 4.41400003433228 6.31099987030029 8.27799987792969 12.581000328064 14.0410003662109 13.9949998855591 12.8889999389648 14.3430004119873 11.8400001525879 10.7480001449585 15.9809999465942 19.2479991912842 19.5060005187988 20.0380001068115 20.0769996643066 20.0090007781982 19.6870002746582 16.701000213623 13.7069997787476 13.5839996337891 7.47900009155273 4.20699977874756 5.54199981689453
-3.4e+38 -3.4e+38 -3.4e+38 -3.4e+38 -3.4e+38 -3.4e+38 13.1709995269775 11.4659996032715 9.6870002746582 10.3420000076294 10.1619997024536 10.1219997406006 9.58500003814697 8.11499977111816 8.27999973297119 5.15999984741211 4.97599983215332 6.99499988555908 7.73400020599365 7.8899998664856 7.70900011062622 6.30900001525879 4.40999984741211 3.1710000038147 4.6230001449585 7.03999996185303 8.63000011444092 7.21400022506714 4.89099979400635 7.81500005722046 8.85999965667725 9.55200004577637 15.8620004653931 17.8910007476807 17.9300003051758 17.8229999542236 17.3020000457764 17.7150001525879 16.761999130249 15.1770000457764 12.5410003662109 11.3660001754761 7.38100004196167 2.99699997901917 4.79400014877319
-3.4e+38 -3.4e+38 -3.4e+38 -3.4e+38 -3.4e+38 -3.4e+38 17.4610004425049 11.7270002365112 7.59899997711182 8.625 8.77400016784668 8.32299995422363 7.68599987030029 7.87099981307983 8.16300010681152 4.4689998626709 4.4539999961853 5.48600006103516 6.33300018310547 6.69700002670288 6.43800020217896 4.89699983596802 2.88599991798401 2.41100001335144 6.0460000038147 10.7399997711182 10.4799995422363 7.79899978637695 5.11800003051758 2.80399990081787 5.01200008392334 6.60699987411499 13.5970001220703 15.9429998397827 16.7660007476807 16.0809993743896 15.4090003967285 16.6480007171631 15.3970003128052 13.2080001831055 11.7799997329712 11.2550001144409 8.29899978637695 2.90899991989136 4.24499988555908
-3.4e+38 -3.4e+38 -3.4e+38 -3.4e+38 -3.4e+38 17.8910007476807 11.2510004043579 9.5620002746582 6.76000022888184 6.77099990844727 7.69999980926514 7.16300010681152 7.57399988174438 7.87200021743774 4.5939998626709 3.76500010490417 3.96099996566772 7.20699977874756 9.43599987030029 9.18099975585938 8.88199996948242 8.55200004577637 3.80900001525879 5.36999988555908 10.0640001296997 12.9899997711182 11.0609998703003 8.37899971008301 5.69799995422363 3.01699995994568 0.922999978065491 4.36199998855591 10.7919998168945 12.2299995422363 13.9370002746582 13.7480001449585 13.8570003509521 13.8690004348755 13.2829999923706 10.4340000152588 9.06700038909912 5.56599998474121 4.89699983596802 2.54299998283386 4.2020001411438
-3.4e+38 -3.4e+38 -3.4e+38 -3.4e+38 -3.4e+38 17.0709991455078 14.9949998855591 11.2489995956421 5.01800012588501 5.65999984741211 6.40199995040894 6.64400005340576 6.69199991226196 5.41599988937378 2.16499996185303 2.05100011825562 4.49200010299683 11.4479999542236 16.9220008850098 16.8959999084473 17.5160007476807 18.2049999237061 6.63500022888184 9.38700008392334 14.0819997787476 14.3219995498657 11.6409997940063 8.95899963378906 6.27799987792969 3.59699988365173 1.22899997234344 1.49600005149841 4.9850001335144 4.30499982833862 6.93900012969971 9.60700035095215 9.7209997177124 7.87200021743774 6.82299995422363 6.33300018310547 4.88600015640259 4.21000003814697 3.88000011444092 3.54999995231628 3.15100002288818
-3.4e+38 -3.4e+38 -3.4e+38 -3.4e+38 -3.4e+38 18.8320007324219 17.9099998474121 12.5839996337891 2.25600004196167 2.88700008392334 3.92899990081787 4.62900018692017 4.45800018310547 2.19400000572205 1.68900001049042 2.28699994087219 14.5290002822876 20.5189990997314 22.1599998474121 22.1800003051758 22.3859996795654 19.6809997558594 10.3929996490479 13.3590002059937 17.3490009307861 14.9020004272461 12.2209997177124 9.73299980163574 7.71000003814697 5.68800020217896 3.66499996185303 2.7590000629425 2.8510000705719 2.15000009536743 2.3289999961853 4.51399993896484 5.47499990463257 5.23699998855591 5.21700000762939 5.31799983978271 4.36899995803833 3.79099988937378 3.77699995040894 12.8809995651245 12.4849996566772
-3.4e+38 -3.4e+38 -3.4e+38 -3.4e+38 18.2280006408691 17.2859992980957 11.8219995498657 6.35699987411499 2.29900002479553 1.44500005245209 0.639999985694885 1.54299998283386 1.49600005149841 1.45700001716614 5.19799995422363 5.59700012207031 7.11700010299683 24.3959999084473 23.7819995880127 23.5909996032715 23.4220008850098 24.3379993438721 17.3530006408691 17.6989994049072 18.2369995117188 15.9069995880127 13.2410001754761 10.5749998092651 7.90999984741211 5.24399995803833 2.5789999961853 2.38100004196167 2.75399994850159 2.64299988746643 2.24399995803833 3.74399995803833 4.56699991226196 6.13299989700317 5.92000007629395 6.30200004577637 5.53499984741211 3.55399990081787 12.8579998016357 19.5930004119873 19.5330009460449
-3.4e+38 -3.4e+38 -3.4e+38 -3.4e+38 17.80299949646 17.0179996490479 14.210000038147 11.2410001754761 5.92799997329712 1.99000000953674 1.40900003910065 0.91100001335144 1.17799997329712 4.44000005722046 8.96500015258789 13.2530002593994 20.5939998626709 26.7569999694824 27.8460006713867 27.0970001220703 25.0900001525879 25.4790000915527 24.7360000610352 21.6490001678467 18.8920001983643 15.5799999237061 12.2679996490479 8.95600032806396 6.27099990844727 3.60500001907349 0.939000010490417 2.64100003242493 3.25600004196167 3.30200004577637 3.28600001335144 3.73900008201599 4.50500011444092 8.08899974822998 8.33600044250488 8.23799991607666 5.46600008010864 7.44299983978271 14.1459999084473 20.8269996643066 22.5659999847412
-3.4e+38 -3.4e+38 -3.4e+38 -3.4e+38 17.3780002593994 16.6410007476807 14.0220003128052 11.1219997406006 8.15299987792969 5.18400001525879 1.66499996185303 1.4559999704361 2.20900011062622 8.33199977874756 12.8450002670288 17.3570003509521 21.632999420166 26.4810009002686 28.1989994049072 29.1140003204346 28.1809997558594 27.0069999694824 25.7730007171631 23.3729991912842 17.9619998931885 16.8169994354248 13.5059995651245 10.1940002441406 6.88199996948242 2.92799997329712 0.725000023841858 2.84200000762939 3.42499995231628 3.90899991989136 5.13000011444092 5.38600015640259 7.25600004196167 8.81700038909912 8.9350004196167 8.68299961090088 7.01800012588501 6.38899993896484 4.68900012969971 16.0370006561279 22.9069995880127
-3.4e+38 -3.4e+38 -3.4e+38 -3.4e+38 16.9669990539551 16.326000213623 13.625 11.0030002593994 8.03499984741211 5.06599998474121 2.09699988365173 1.15299999713898 3.94400000572205 10.3809995651245 16.4270000457764 18.076000213623 22.1200008392334 27.2280006408691 28.6189994812012 29.5860004425049 29.6030006408691 28.5779991149902 27.5820007324219 23.9659996032715 22.9570007324219 17.7399997711182 13.6239995956421 7.95900011062622 2.83200001716614 2.25500011444092 2.18099999427795 2.99000000953674 3.65400004386902 3.75300002098083 5.34800004959106 7.35099983215332 8.58300018310547 9.09099960327148 9.29199981689453 9.32499980926514 8.48200035095215 7.70800018310547 5.36299991607666 12.1809997558594 22.6700000762939
-3.4e+38 -3.4e+38 -3.4e+38 -3.4e+38 16.9309997558594 16.0100002288818 13.2290000915527 10.628999710083 7.91599988937378 4.94700002670288 1.97800004482269 0.762000024318695 5.05999994277954 13.5509996414185 17.8649997711182 19.3950004577637 21.4449996948242 26.0179996490479 28.5380001068115 29.3850002288818 29.8229999542236 29.431999206543 27.2630004882812 23.0820007324219 21.7450008392334 12.3979997634888 7.32399988174438 4.41400003433228 3.78399991989136 3.71000003814697 3.63599991798401 3.56200003623962 3.88599991798401 4.85400009155273 6.51300001144409 6.82800006866455 8.29300022125244 9.13599967956543 9.32100009918213 9.15100002288818 8.45600032806396 7.02199983596802 5.78200006484985 5.14400005340576 13.8660001754761
-3.4e+38 -3.4e+38 -3.4e+38 -3.4e+38 16.8959999084473 15.6940002441406 12.8330001831055 10.2320003509521 7.63199996948242 4.82800006866455 1.86000001430511 0.554000020027161 7.06099987030029 14.8210000991821 18.3110008239746 20.621000289917 24.4309997558594 28.3479995727539 28.8700008392334 28.8680000305176 30.1100006103516 30.1009998321533 27.8929996490479 23.0580005645752 17.5480003356934 6.15999984741211 5.6729998588562 4.91300010681152 4.47900009155273 4.04500007629395 3.67199993133545 3.94400000572205 4.30399990081787 5.82399988174438 6.66800022125244 6.81599998474121 8.54199981689453 8.78999996185303 8.92700004577637 8.98799991607666 8.63700008392334 7.07999992370605 5.04099988937378 6.11999988555908 15.6979999542236
-3.4e+38 -3.4e+38 -3.4e+38 -3.4e+38 16.8600006103516 15.3780002593994 12.456000328064 9.83600044250488 7.23600006103516 4.63500022888184 1.74100005626678 1.30299997329712 9.0629997253418 14.4379997253418 19.636999130249 20.9740009307861 24.507999420166 27.3859996795654 28.4130001068115 28.2630004882812 29.173999786377 29.0799999237061 27.1529998779297 23.9249992370605 17.1700000762939 6.64499998092651 6.14099979400635 4.68699979782104 3.43600010871887 3.5550000667572 3.86800003051758 4.25299978256226 4.82200002670288 6.71999979019165 6.99599981307983 7.24300003051758 7.88199996948242 8.13599967956543 7.78999996185303 8.14400005340576 7.29300022125244 4.71700000762939 4.28800010681152 6.08099985122681 13.7910003662109
-3.4e+38 -3.4e+38 -3.4e+38 14.2950000762939 16.8239994049072 15.0629997253418 12.1400003433228 9.4399995803833 6.83900022506714 4.23899984359741 1.62199997901917 3.3050000667572 8.69699954986572 13.8950004577637 19.1259994506836 21.2089996337891 21.4540004730225 24.7329998016357 26.5769996643066 26.3850002288818 26.5960006713867 26.4349994659424 24.3990001678467 21.6800003051758 13.0590000152588 14.3319997787476 15.1459999084473 5.82800006866455 2.86899995803833 3.90799999237061 4.96600008010864 5.83799982070923 6.4060001373291 7.1269998550415 7.10400009155273 7.41599988937378 7.7480001449585 7.24300003051758 7.0149998664856 7.61399984359741 5.7960000038147 3.50500011444092 4.41599988937378 9.61800003051758 13.4340000152588
-3.4e+38 -3.4e+38 -3.4e+38 13.8699998855591 16.7889995574951 14.7469997406006 11.8240003585815 9.04399967193604 6.44299983978271 3.84299993515015 1.24199998378754 2.02300000190735 6.96999979019165 11.9180002212524 16.8659992218018 20.1490001678467 21.0860004425049 23.8460006713867 25.7959995269775 25.0590000152588 24.4459991455078 23.9580001831055 23.3689994812012 23.1630001068115 20.9419994354248 14.3199996948242 13.8839998245239 5.13600015640259 2.78800010681152 2.30699992179871 3.3659999370575 4.42399978637695 3.63000011444092 6.67600011825562 6.76800012588501 7.09600019454956 6.96700000762939 6.40100002288818 6.11700010299683 5.98699998855591 4.43699979782104 3.13499999046326 2.31500005722046 5.71000003814697 10.9119997024536
-3.4e+38 -3.4e+38 -3.4e+38 13.4449996948242 16.7530002593994 14.4309997558594 11.5089998245239 8.64799976348877 6.04699993133545 3.44700002670288 0.846000015735626 2.3289999961853 5.85900020599365 9.38899993896484 12.918999671936 16.886999130249 20.2900009155273 23.3990001678467 23.7980003356934 22.0919990539551 23.7749996185303 23.5970001220703 21.8400001525879 20.5349998474121 6.51999998092651 6.54699993133545 5.72700023651123 3.75399994850159 2.79200005531311 0.901000022888184 1.76499998569489 2.27900004386902 3.57999992370605 4.88100004196167 5.8600001335144 6.20499992370605 6.04699993133545 5.73299980163574 5.38199996948242 4.30100011825562 3.96199989318848 2.76500010490417 1.53199994564056 1.80099999904633 7.00299978256226
-3.4e+38 -3.4e+38 -3.4e+38 13.2629995346069 16.7169990539551 14.1149997711182 11.1929998397827 8.27000045776367 5.65100002288818 3.04999995231628 0.449999988079071 2.82500004768372 6.35500001907349 9.88500022888184 13.414999961853 16.7910003662109 20.3120002746582 20.5970001220703 20.3889999389648 16.8169994354248 19.9619998931885 19.125 15.7880001068115 15.246000289917 8.04699993133545 5.71299982070923 5.46000003814697 3.29999995231628 1.45200002193451 0.744000017642975 1.38399994373322 2.69600009918213 4.00799989700317 5.15000009536743 5.4539999961853 5.8769998550415 5.68800020217896 5.13399982452393 4.95599985122681 3.1489999294281 2.50699996948242 1.97099995613098 1.09599995613098 0.612999975681305 3.0090000629425
-3.4e+38 -3.4e+38 -3.4e+38 13.2270002365112 16.681999206543 13.8000001907349 10.8769998550415 7.95499992370605 5.25500011444092 2.65400004386902 0.232999995350838 3.3199999332428 6.85099983215332 10.3809995651245 13.91100025177 17.0949993133545 17.8430004119873 17.3199996948242 15.0170001983643 10.0740003585815 10.7270002365112 10.9739999771118 9.66899967193604 11.3479995727539 7.68800020217896 7.7189998626709 6.98099994659424 5.27099990844727 2.99799990653992 1.942999958992 2.40700006484985 3.71900010108948 4.7979998588562 5.10099983215332 5.40399980545044 5.44199991226196 4.85400009155273 4.59999990463257 4.38199996948242 2.70900011062622 2.04399991035461 1.37399995326996 0.703999996185303 0.395000010728836 1.02300000190735
