01_datasets/03_gis/02_asc_chm-r50m/HS210B.asc
NCOLS 200 
NROWS 200 
XLLCORNER 569931 
YLLCORNER 5220987.5 
CELLSIZE 0.5 
NODATA_value -3.4e+38 
[rows 120 to 139 of 200, columns 92 to 137 of 200]
25.7670001983643 26.3770008087158 27.0610008239746 27.3199996948242 26.8290004730225 26.2479991912842 25.3640003204346 23.7740001678467 23.746000289917 23.7409992218018 23.7360000610352 23.7310009002686 23.7259998321533 23.7210006713867 23.943000793457 27.4610004425049 29.0440006256104 29.9039993286133 29.4090003967285 28.8120002746582 27.7770004272461 27.382999420166 27.5900001525879 25.1410007476807 22.1350002288818 25.6100006103516 27.056999206543 27.2280006408691 27.5249996185303 27.048999786377 26.6310005187988 25.6790008544922 25.3040008544922 24.7730007171631 23.6849994659424 23.0319995880127 23.0020008087158 23.2600002288818 23.9500007629395 24.7399997711182 24.3120002746582 23.1609992980957 21.5900001525879 18.4969997406006 14.7130002975464 14.3889999389648
25.0729999542236 26.2000007629395 26.6860008239746 26.8600006103516 26.32200050354 24.1770000457764 23.136999130249 23.0459995269775 23.2409992218018 23.2049999237061 23.2000007629395 23.1949996948242 23.1889991760254 23.2530002593994 24.0230007171631 25.1040000915527 27.3129997253418 28.4360008239746 25.8929996490479 27.5200004577637 25.5340003967285 26.7250003814697 26.878999710083 26.451000213623 26.0230007171631 25.8209991455078 25.9610004425049 26.5629997253418 26.8929996490479 26.2229995727539 25.2530002593994 25.0069999694824 24.632999420166 24.2169990539551 23.8020000457764 23.386999130249 23.4850006103516 24.4060001373291 25.2259998321533 25.1280002593994 24.6240005493164 23.92799949646 22.5069999694824 20.8799991607666 17.8349990844727 16.8880004882812
23.1340007781982 24.5639991760254 25.9829998016357 26.3120002746582 25.7000007629395 24.1399993896484 15.8540000915527 13.5050001144409 17.8099994659424 22.1149997711182 22.6630001068115 22.6590003967285 22.5620002746582 22.738000869751 25.3299999237061 25.9839992523193 26.7950000762939 27.3980007171631 23.8110008239746 26.0580005645752 25.3090000152588 25.5979995727539 25.6959991455078 25.4109992980957 25.6060009002686 25.8299999237061 26.3010005950928 26.8129997253418 27.1089992523193 27.2590007781982 26.261999130249 25.4689998626709 25.6490001678467 25.3589992523193 24.9440002441406 24.5289993286133 23.1520004272461 25.003999710083 26.6429996490479 26.8229999542236 25.5930004119873 24.5970001220703 23.8209991455078 17.503999710083 17.5839996337891 17.1240005493164
22.1690006256104 22.0659999847412 23.5970001220703 23.7670001983643 23.261999130249 19.8339996337891 14.6700000762939 4.26399993896484 10.039999961853 16.1529998779297 22.2390003204346 22.3530006408691 22.2310009002686 24.5520000457764 26.2350006103516 27.753999710083 26.5799999237061 26.8990001678467 26.5499992370605 25.548999786377 25.1520004272461 25.0779991149902 25.2509994506836 25.4750003814697 25.7000007629395 26.0380001068115 26.625 26.9209995269775 27.2169990539551 27.5130004882812 27.5590000152588 26.3020000457764 25.6849994659424 26.2910003662109 26.0860004425049 25.6700000762939 24.0319995880127 25.6110000610352 26.9860000610352 27.1450004577637 26.3409996032715 25.1720008850098 24.1219997406006 22.0909996032715 18.0559997558594 17.257999420166
20.9610004425049 19.8090000152588 19.7770004272461 19.2180004119873 18.6450004577637 15.125 10.125 12.8950004577637 14.78600025177 20.8990001678467 22.3980007171631 22.4969997406006 23.988000869751 26.0069999694824 26.7019996643066 28.3700008392334 27.8460006713867 27.1399993896484 26.2129993438721 25.4740009307861 25.0359992980957 25.1200008392334 25.3449993133545 25.5690002441406 25.8460006713867 26.4370002746582 26.7329998016357 27.0289993286133 27.3250007629395 27.621000289917 27.9179992675781 27.6009998321533 26.3419990539551 26.2080001831055 26.9340000152588 26.8120002746582 25.9549999237061 26.992000579834 27.0779991149902 26.8010005950928 26.1229991912842 24.8470001220703 23.2950000762939 21.3549995422363 17.7980003356934 17.5170001983643
20.4139995574951 18.5779991149902 18.6350002288818 17.9230003356934 16.6700000762939 15.2279996871948 10.4739999771118 13.7770004272461 19.8209991455078 21.863000869751 24.8390007019043 25.7929992675781 26.625 27.8759994506836 28.701000213623 29.0230007171631 28.5450000762939 27.0370006561279 25.1019992828369 25.1280002593994 24.8269996643066 25.2140007019043 25.4389991760254 25.7169990539551 26.2479991912842 26.5440006256104 26.8409996032715 27.136999130249 27.4330005645752 27.7290000915527 28.0249996185303 28.32200050354 27.6420001983643 26.4370002746582 26.8500003814697 27.576000213623 27.7220001220703 27.5259990692139 27.4850006103516 26.19700050354 25.2919998168945 22.0499992370605 20.7660007476807 19.9039993286133 18.5709991455078 18.3740005493164
19.507999420166 18.8950004577637 18.4120006561279 16.8560009002686 15.5989999771118 13.9650001525879 11.8739995956421 14.3739995956421 22.5130004882812 23.5270004272461 25.6809997558594 27.6809997558594 29.306999206543 29.8099994659424 30.1979999542236 29.5300006866455 28.9559993743896 25.5990009307861 24.8530006408691 25.0020008087158 25.003999710083 25.3080005645752 25.5879993438721 26.0359992980957 26.3560009002686 26.6520004272461 26.9479999542236 27.2450008392334 27.5410003662109 27.8369998931885 28.132999420166 28.4290008544922 28.7220001220703 27.6840000152588 26.7660007476807 27.5020008087158 27.9939994812012 28.5729999542236 28.3999996185303 28.0009994506836 23.67799949646 21.6870002746582 20.7639999389648 20.0699996948242 19.2469997406006 17.5349998474121
19.1550006866455 19.0750007629395 17.5189990997314 15.96399974823 14.4079999923706 13.0069999694824 11.2600002288818 21.9540004730225 24.326000213623 24.7189998626709 26.068000793457 28.2520008087158 29.4720001220703 30.9459991455078 31.1299991607666 30.4020004272461 29.0839996337891 27.2019996643066 26.2709999084473 25.4220008850098 25.1770000457764 25.4589996337891 25.7730007171631 26.1679992675781 26.4640007019043 26.7600002288818 27.0559997558594 27.3530006408691 27.6490001678467 27.9449996948242 28.2409992218018 28.5370006561279 28.8339996337891 29.0879993438721 27.7250003814697 27.2840003967285 28.9209995269775 29.6730003356934 29.4489994049072 28.6089992523193 24.3859996795654 23.0289993286133 21.3850002288818 20.1340007781982 20.3579998016357 16.4459991455078
19.4720001220703 18.181999206543 16.6270008087158 15.0710000991821 13.5150003433228 12.0430002212524 10.9499998092651 24.1490001678467 24.8579998016357 24.9489994049072 26.9930000305176 29.2800006866455 30.4769992828369 31.2870006561279 31.3929996490479 30.636999130249 29.5279998779297 28.4860000610352 26.9080009460449 25.4220008850098 25.3430004119873 25.621000289917 25.9790000915527 26.2759990692139 26.57200050354 26.8680000305176 27.1639995574951 27.4599990844727 27.7569999694824 28.05299949646 28.3490009307861 28.6450004577637 28.9409999847412 29.238000869751 29.173999786377 29.246000289917 30.5230007171631 30.6189994812012 29.8050003051758 28.8740005493164 28.6310005187988 24.7129993438721 21.757999420166 20.5419998168945 21.6180000305176 22.5559997558594
18.8449993133545 17.2900009155273 15.7340002059937 14.1789999008179 12.7040004730225 11.3780002593994 11.6829996109009 19.6520004272461 20.7819995880127 21.6919994354248 25.0100002288818 28.257999420166 30.4230003356934 30.7040004730225 30.6959991455078 30.2450008392334 29.806999206543 28.5179996490479 25.7819995880127 25.55299949646 25.621000289917 25.7910003662109 26.0869998931885 26.382999420166 26.6669998168945 26.8409996032715 27.0149993896484 27.1889991760254 27.3619995117188 27.5359992980957 27.7099990844727 27.882999420166 28.056999206543 28.2310009002686 28.5009994506836 30.0130004882812 30.6009998321533 30.6019992828369 30.1030006408691 29.2740001678467 27.9759998321533 25.6350002288818 23.132999420166 20.7360000610352 21.8120002746582 22.8880004882812
18.068000793457 16.7099990844727 15.3520002365112 13.9940004348755 12.6359996795654 11.9849996566772 11.539999961853 12.5209999084473 12.3809995651245 17.1650009155273 23.9080009460449 28.6480007171631 30.4169998168945 30.511999130249 30.4650001525879 30.0330009460449 29.7199993133545 28.9209995269775 26.8250007629395 25.693000793457 24.6070003509521 22.6469993591309 22.1660003662109 22.3390007019043 22.5130004882812 22.6870002746582 22.8600006103516 23.0340003967285 23.2080001831055 23.3819999694824 23.5550003051758 23.7290000915527 23.9029998779297 24.8780002593994 27.9109992980957 29.3139991760254 29.9689998626709 30.0130004882812 29.7360000610352 29.0319995880127 26.8250007629395 25.5839996337891 23.2399997711182 20.9300003051758 21.5939998626709 22.2140007019043
18 16.6420001983643 15.2840003967285 13.9259996414185 13.0369997024536 12.5909996032715 12.1459999084473 12.2370004653931 12.7600002288818 17.4519996643066 22.7950000762939 27.4150009155273 29.5860004425049 29.693000793457 29.8040008544922 29.6660003662109 29.2889995574951 27.7929992675781 27.2049999237061 25.2080001831055 22.4759998321533 22.0230007171631 18.0330009460449 18.1849994659424 18.3589992523193 18.5319995880127 18.7059993743896 18.8799991607666 19.0540008544922 19.2269992828369 19.4009990692139 19.5750007629395 21.253999710083 24.2870006561279 26.4689998626709 28.3910007476807 29.0939998626709 29.2360000610352 29.0249996185303 28.0900001525879 26.0270004272461 24.2409992218018 20.9449996948242 21.4109992980957 22.1110000610352 22.8110008239746
17.931999206543 16.5739994049072 15.2159996032715 14.0880002975464 13.6429996490479 13.1979999542236 12.7530002593994 12.5670003890991 11.4530000686646 17.1870002746582 20.9160003662109 25.1180000305176 27.1480007171631 27.6459999084473 28.2070007324219 28.2689990997314 28.326000213623 26.6480007171631 25.1700000762939 23.5470008850098 20.4839992523193 21.3729991912842 17.2250003814697 14.0349998474121 14.2040004730225 14.3780002593994 14.5520000457764 14.7250003814697 14.8990001678467 15.0729999542236 15.2469997406006 17.6299991607666 20.2269992828369 21.125 23.7390003204346 27.382999420166 27.7150001525879 28.1009998321533 28.1539993286133 27.2770004272461 25.246000289917 23.8059997558594 21.6469993591309 22.3470001220703 22.9029998779297 23.3110008239746
17.8640003204346 16.5060005187988 15.1479997634888 14.6949996948242 14.25 13.831000328064 14.1619997024536 15.0010004043579 14.0679998397827 18.7299995422363 20.8560009002686 25.0319995880127 26.8889999389648 27.1639995574951 27.9260005950928 28.0809993743896 28.0809993743896 26.7350006103516 24.2250003814697 22.3659992218018 19.4759998321533 19.7269992828369 16.6009998321533 12.4259996414185 10.0500001907349 10.2239999771118 10.3970003128052 10.5710000991821 10.7449998855591 10.9720001220703 14.0059995651245 15.0799999237061 15.9779996871948 17.7329998016357 22.8330001831055 24.0160007476807 24.4769992828369 25.6240005493164 26.0610008239746 25.4790000915527 24.2220001220703 23.0799999237061 22.5259990692139 22.9330005645752 23.3400001525879 23.7469997406006
17.7950000762939 16.4370002746582 15.746000289917 15.3140001296997 14.996000289917 15.7580003738403 16.5960006713867 17.4340000152588 18.2730007171631 19.3509998321533 20.6840000152588 22.0470008850098 25.132999420166 26.7290000915527 27.9039993286133 28.3229999542236 28.007999420166 26.9290008544922 25.3649997711182 22.548999786377 20.2110004425049 18.798999786377 15.8090000152588 11.8020000457764 7.6269998550415 6.06899976730347 6.24300003051758 6.41699981689453 7.34899997711182 9.03600025177002 9.93299961090088 10.831000328064 11.7279996871948 16.1399993896484 16.9939994812012 18.2840003967285 19.5739994049072 22.3299999237061 22.2430000305176 22.1060009002686 22.003999710083 21.875 22.4060001373291 22.4449996948242 22.6840000152588 23.1830005645752
17.8209991455078 16.7980003356934 16.4790000915527 16.5149993896484 17.3540000915527 18.1919994354248 18.9939994812012 19.3840007781982 19.2859992980957 19.3169994354248 20.8110008239746 22.8619995117188 26.3649997711182 28.0499992370605 28.8819999694824 28.9169998168945 28.632999420166 27.7210006713867 26.1480007171631 23.17799949646 21.242000579834 17.5970001220703 13.9280004501343 10.3199996948242 6.71099996566772 2.82800006866455 2.08899998664856 2.9909999370575 3.88899993896484 4.78599977493286 5.68400001525879 6.58099985122681 9.44699954986572 9.97200012207031 11.2620000839233 14.5089998245239 21.3360004425049 21.6009998321533 20.496000289917 20.3579998016357 20.2719993591309 21.121000289917 19.6599998474121 20.2700004577637 20.8799991607666 21.4899997711182
17.9069995880127 17.6439990997314 18.1110000610352 18.7110004425049 19.2530002593994 19.4009990692139 19.3299999237061 19.3099994659424 18.3939990997314 18.4699993133545 19.5930004119873 23.2689990997314 26.4130001068115 27.0130004882812 28.57200050354 28.875 28.6909999847412 28.0179996490479 25.7229995727539 22.0189990997314 19.7800006866455 16.9769992828369 13.2609996795654 9.54500007629395 5.82800006866455 3.08999991416931 3.9449999332428 2.71799993515015 0.903999984264374 0.537000000476837 1.43400001525879 2.75399994850159 3.00799989700317 6.59499979019165 13.6990003585815 20.3449993133545 19.5380001068115 20.8719997406006 18.7479991912842 18.6100006103516 18.55299949646 21.3700008392334 16.8349990844727 17.4449996948242 18.0550003051758 18.6650009155273
21.4230003356934 19.4099998474121 19.511999130249 19.503999710083 19.5559997558594 18.9340000152588 17.0170001983643 15.0989999771118 15.6429996490479 16.503999710083 18.0709991455078 22.0130004882812 24.3150005340576 25.5610008239746 28.1100006103516 28.3409996032715 28.2049999237061 28.0319995880127 27.5419998168945 22.4720001220703 19.8339996337891 17.4610004425049 13.7449998855591 10.4879999160767 10.0080003738403 9.52799987792969 11.8540000915527 12.835000038147 11.0209999084473 9.20699977874756 6.19399976730347 1.05799996852875 2.26699995994568 13.2790002822876 19.3540000915527 18.5470008850098 17.7399997711182 20.1420001983643 17.5849990844727 16.8619995117188 18.4820003509521 21.6189994812012 15.2360000610352 14.6199998855591 15.2299995422363 15.8400001525879
21.3939990997314 19.7759990692139 19.4740009307861 17.556999206543 15.6389999389648 13.7209997177124 11.9540004730225 12.8149995803833 14.0640001296997 15.8450002670288 17.6259994506836 19.4069995880127 23.3150005340576 24.9179992675781 27.2390003204346 27.7089996337891 27.2339992523193 27.3649997711182 24.6229991912842 23.6410007476807 20.2320003509521 17.9449996948242 17.4060001373291 16.9260005950928 16.4459991455078 15.9659996032715 18.4409999847412 22.0289993286133 20.882999420166 16.7210006713867 11.6669998168945 15.1820001602173 12.9980001449585 18.363000869751 17.5559997558594 16.7490005493164 15.9420003890991 19.4130001068115 16.9290008544922 15.121000289917 18.4120006561279 21.867000579834 15.4840002059937 11.7950000762939 12.4049997329712 13.0150003433228
20.3959999084473 17.8490009307861 14.2609996795654 12.3439998626709 10.4259996414185 9.1269998550415 10.0579996109009 11.83899974823 13.6199998855591 15.4010000228882 17.181999206543 18.8419990539551 22.371000289917 23.443000793457 25.0349998474121 26.42799949646 24.9060001373291 23.9230003356934 21.056999206543 20.80299949646 19.6340007781982 20.5189990997314 21.6200008392334 22.6989994049072 22.8840007781982 22.4039993286133 25.0279998779297 25.5060005187988 24.9979991912842 21.0270004272461 22.6219997406006 19.7649993896484 18.5659999847412 16.2609996795654 15.7580003738403 14.951000213623 14.1440000534058 18.6840000152588 16.2730007171631 13.5509996414185 18.3409996032715 22.1159992218018 15.7329998016357 9.35000038146973 9.57999992370605 10.1899995803833
