01_datasets/03_gis/02_asc_chm-r50m/HS210B.asc
NCOLS 200 
NROWS 200 
XLLCORNER 569931 
YLLCORNER 5220987.5 
CELLSIZE 0.5 
NODATA_value -3.4e+38 
[rows 160 to 179 of 200, columns 92 to 137 of 200]
23.326000213623 23.9020004272461 25.0160007476807 24.69700050354 24.0610008239746 23.193000793457 22.6060009002686 21.7870006561279 20.9939994812012 21.4459991455078 22.57200050354 23.875 24.0849990844727 23.55299949646 22.8150005340576 20.7280006408691 18.6399993896484 16.5520000457764 15.9420003890991 15.3579998016357 15.4209995269775 16.2889995574951 17.1560001373291 18.0240001678467 14.9399995803833 11.3629999160767 7.78599977493286 4.20900011062622 2.1159999370575 0.563000023365021 1.06299996376038 1.56299996376038 1.70500004291534 1.4889999628067 1.70799994468689 1.52400004863739 1.36199998855591 1.20099997520447 1.03999996185303 1.46099996566772 5.29699993133545 8.60599994659424 12.1870002746582 16.2269992828369 20.7980003356934 24.2299995422363
20.5559997558594 15.7650003433228 20.761999130249 24.9029998779297 23.8309993743896 22.6499996185303 22.2229995727539 21.443000793457 21.4570007324219 22.7600002288818 24.0629997253418 24.6520004272461 24.1189994812012 22.8400001525879 20.7520008087158 18.6639995574951 16.5769996643066 14.4940004348755 14.0120000839233 13.4280004501343 13.9219999313354 14.789999961853 15.6569995880127 16.5240001678467 16.9729995727539 13.3959999084473 9.81900024414062 6.24200010299683 3.70199990272522 1.68799996376038 0.726000010967255 1.22599995136261 1.50199997425079 1.04200005531311 0.760999977588654 0.691999971866608 0.531000018119812 0.370000004768372 0.384999990463257 0.430000007152557 1.96300005912781 6.78299999237061 11.460000038147 16.1359996795654 20.8129997253418 24.7999992370605
22.6000003814697 20.6599998474121 22.7089996337891 25.2049999237061 24.4479999542236 23.5240001678467 24.0690002441406 21.6450004577637 22.9479999542236 24.2509994506836 25.2180004119873 24.6860008239746 22.8640003204346 20.7759990692139 18.6879997253418 16.6009998321533 14.5129995346069 12.5749998092651 12.0830001831055 11.5550003051758 12.4230003356934 13.289999961853 14.1579999923706 15.0249996185303 15.8929996490479 15.4289999008179 11.8520002365112 8.27499961853027 5.28800010681152 3.33400011062622 0.45100000500679 0.888999998569489 1.27799999713898 0.837999999523163 0.379000008106232 0.270999997854233 0.314999997615814 0.358999997377396 0.402999997138977 0.448000013828278 0.71399998664856 5.55399990081787 10.3940000534058 15.2349996566772 20.0750007629395 24.9640007019043
24.2740001678467 22.4890003204346 24.1730003356934 26.5310001373291 26.2660007476807 26.2070007324219 26.1700000762939 24.261999130249 24.4389991760254 25.742000579834 24.9759998321533 22.8880004882812 20.7999992370605 18.7129993438721 16.625 14.5369997024536 12.4499998092651 10.6560001373291 10.1529998779297 10.0559997558594 10.923999786377 11.7910003662109 12.6579999923706 13.5260000228882 14.3929996490479 15.2609996795654 13.8850002288818 10.3079996109009 6.87400007247925 4.98000001907349 2.09699988365173 0.551999986171722 0.939999997615814 0.634999990463257 1.41600000858307 2.4539999961853 1.39499998092651 0.377000004053116 0.421000003814697 0.465999990701675 0.497000008821487 4.30600023269653 9.14599990844727 13.5059995651245 18.867000579834 24.4950008392334
26.0610008239746 25.75 26.5009994506836 27.9979991912842 27.9099998474121 27.7600002288818 27.4130001068115 26.1860008239746 25.9300003051758 25 22.9120006561279 20.8239994049072 18.7369995117188 16.6490001678467 14.5620002746582 12.4739999771118 10.3859996795654 8.73700046539307 8.22399997711182 8.55700016021729 9.42399978637695 10.2919998168945 11.1590003967285 12.0270004272461 12.8940000534058 13.7609996795654 14.628999710083 12.3409996032715 8.76399993896484 6.62599992752075 3.74300003051758 0.859000027179718 0.602999985218048 0.903999984264374 5.41200017929077 4.92600011825562 3.86700010299683 2.80800008773804 1.74899995326996 0.689999997615814 0.527999997138977 3.05699992179871 6.86899995803833 12.4969997406006 18.1200008392334 23.7369995117188
24.7259998321533 26.8209991455078 27.0939998626709 28.6860008239746 29.3409996032715 28.9230003356934 27.9729995727539 26.8920001983643 26.1580009460449 23.0289993286133 20.8490009307861 18.7609996795654 16.6730003356934 14.5860004425049 12.4980001449585 10.4099998474121 8.32299995422363 6.81799983978271 6.29400014877319 7.05800008773804 7.92500019073486 8.79199981689453 9.65999984741211 10.5270004272461 11.3950004577637 12.2620000839233 13.1300001144409 13.9969997406006 10.7969999313354 8.27200031280518 5.38899993896484 7.15299987792969 6.29899978637695 9.07199954986572 8.45699977874756 7.39799976348877 6.33900022506714 4.9539999961853 3.33400011062622 1.71399998664856 2.82399988174438 1.26999998092651 4.58799982070923 10.0839996337891 15.5790004730225 21.0739994049072
25.253999710083 20.5960006713867 27.9580001831055 29.6019992828369 30.3080005645752 30.1060009002686 28.9050006866455 27.9640007019043 25.6399993896484 23.6919994354248 20.3239994049072 16.9549999237061 14.6099996566772 12.5220003128052 10.4350004196167 8.34700012207031 6.25899982452393 4.89900016784668 4.69099998474121 5.55800008773804 6.42600011825562 7.29300022125244 8.16100025177002 9.02799987792969 9.89500045776367 10.7629995346069 11.6300001144409 12.4980001449585 12.8299999237061 9.91800022125244 17.8239994049072 19.0279998779297 21.1310005187988 18.2280006408691 8.26299953460693 6.31099987030029 4.69099998474121 3.07100009918213 3.89400005340576 6.58599996566772 6.69500017166138 4.79300022125244 2.03900003433228 2.96099996566772 8.45699977874756 13.8669996261597
25.613000869751 26.9500007629395 28.3810005187988 29.4890003204346 30.2800006866455 30.2119998931885 29.6770000457764 28.0879993438721 25.7779998779297 22.2150001525879 19.3899993896484 17.0459995269775 14.25 10.8809995651245 8.37100028991699 6.28399991989136 4.19600009918213 2.98000001907349 3.19199991226196 4.05900001525879 4.92600011825562 5.79400014877319 6.66099977493286 7.52899980545044 8.39599990844727 9.26399993896484 10.1309995651245 11.3079996109009 12.6899995803833 20.7660007476807 23.5249996185303 22.9069995880127 22.9680004119873 23.05299949646 11.5459995269775 4.42700004577637 4.86600017547607 7.55900001525879 10.2510004043579 11.75 10.4519996643066 8.3149995803833 5.56199979782104 2.80900001525879 1.33399999141693 4.98699998855591
24.4589996337891 23.8819999694824 26.4370002746582 28.0510005950928 29.2830009460449 29.4640007019043 28.5450000762939 26.8460006713867 24.7089996337891 21.6140003204346 18.757999420166 15.9029998779297 13.0469999313354 10.1920003890991 7.40700006484985 4.80700016021729 2.13299989700317 1.06099998950958 1.69200003147125 2.55999994277954 3.42700004577637 4.76999998092651 6.15100002288818 7.53200006484985 8.91399955749512 10.2950000762939 11.6759996414185 13.9779996871948 21.6580009460449 24.1180000305176 24.923999786377 24.4839992523193 24.0580005645752 24.2059993743896 23.0750007629395 10.9200000762939 11.2239999771118 13.9160003662109 16.6089992523193 15.7930002212524 14.1630001068115 11.8380002975464 9.08500003814697 6.33199977874756 3.57800006866455 5.23699998855591
24.2919998168945 24.7040004730225 25.92799949646 26.5779991149902 28.2740001678467 28.1630001068115 27.1989994049072 26.6359996795654 23.9360008239746 21.011999130249 18.1560001373291 15.3009996414185 12.4449996948242 9.59000015258789 6.70499992370605 3.87100005149841 1.07200002670288 0.163000002503395 2.375 3.75699996948242 5.13800001144409 6.51900005340576 7.90000009536743 9.2810001373291 10.6630001068115 12.043999671936 15.6700000762939 20.5750007629395 23.3570003509521 25.6270008087158 26.1720008850098 25.6079998016357 24.617000579834 24.0340003967285 23.1469993591309 22.8859996795654 20.3239994049072 20.4309997558594 20.6770000457764 19.57200050354 17.875 15.3610000610352 12.6070003509521 11.6140003204346 12.3780002593994 13.746000289917
22.6609992980957 24.9489994049072 25.6070003509521 25.5919990539551 27.3740005493164 26.9370002746582 25.9249992370605 24.6669998168945 22.2080001831055 20.2310009002686 17.548999786377 14.75 11.951000213623 9.15200042724609 6.35300016403198 3.55399990081787 0.754999995231628 0.296000003814697 1.42200005054474 4.31500005722046 6.88700008392334 8.26799964904785 9.64900016784668 11.0299997329712 12.41100025177 17.1189994812012 19.4909992218018 21.8640003204346 24.7770004272461 25.7259998321533 26.4069995880127 26.2530002593994 26.117000579834 24.8910007476807 23.3950004577637 24.2859992980957 24.5030002593994 24.2649993896484 23.6180000305176 22.8920001983643 21.5860004425049 20.0300006866455 20.7940006256104 21.5580005645752 22.3209991455078 23.951000213623
20.4979991912842 22.7049999237061 24.3169994354248 23.3390007019043 23.7339992523193 24.5429992675781 23.9290008544922 22.6520004272461 20.7800006866455 18.8509998321533 16.9209995269775 14.4340000152588 11.6339998245239 8.83500003814697 6.03599977493286 3.23699998855591 0.437999993562698 0.565999984741211 1.692999958992 2.81900000572205 5.83599996566772 9.64999961853027 11.3979997634888 12.7790002822876 16.0349998474121 18.4080009460449 20.4309997558594 21.1159992218018 24.2910003662109 25.7919998168945 26.6499996185303 26.75 26.4449996948242 26.3799991607666 26.1399993896484 26.5200004577637 27.2670001983643 26.5860004425049 25.1259994506836 23.1499996185303 23.3390007019043 23.8999996185303 24.636999130249 25.3560009002686 25.9160003662109 26.5939998626709
17.9950008392334 19.738000869751 21.2770004272461 20.2980003356934 21.125 21.9419994354248 21.1070003509521 20.1350002288818 19.2250003814697 17.6420001983643 15.5410003662109 13.6120004653931 11.3179998397827 8.51900005340576 5.7189998626709 2.92000007629395 0.449999988079071 0.837000012397766 1.96399998664856 3.08999991416931 4.21600008010864 7.35799980163574 11.1709995269775 13.75 15.1630001068115 16.5990009307861 15.798999786377 20.201000213623 24.363000869751 25.5109996795654 26.3320007324219 26.5879993438721 26.8040008544922 26.92799949646 26.9979991912842 27.80299949646 27.8379993438721 27.1550006866455 25.8059997558594 22.9090003967285 23.625 23.94700050354 24.8209991455078 25.25 26.1879997253418 27.1319999694824
15.2969999313354 16.7700004577637 18.2360000610352 17.5779991149902 18.5319995880127 19.3409996032715 18.2849998474121 17.617000579834 16.7070007324219 15.7969999313354 14.8870000839233 12.3760004043579 10.3020000457764 8.20199966430664 5.40299987792969 2.60400009155273 0.545000016689301 1.10800004005432 2.23399996757507 3.36100006103516 4.48699998855591 5.61299991607666 11.4309997558594 14.0989999771118 15.0749998092651 15.0340003967285 14.33899974823 20.7789993286133 24.8519992828369 25.4379997253418 25.6639995574951 26.0249996185303 27.4200000762939 27.6469993591309 28.423999786377 29.0429992675781 28.9500007629395 28.4710006713867 27.6509990692139 24.0170001983643 24.2439994812012 23.6830005645752 24.2089996337891 25.6639995574951 28.1889991760254 28.5020008087158
11.9370002746582 13.8020000457764 15.1960000991821 14.9689998626709 15.9930000305176 16.7390003204346 15.7849998474121 15.1000003814697 14.1899995803833 13.2799997329712 12.3699998855591 11.460000038147 9.64999961853027 7.10900020599365 5.06300020217896 2.28699994087219 0.630999982357025 1.37899994850159 2.50500011444092 3.63100004196167 4.30800008773804 5.51800012588501 10.7530002593994 15.3850002288818 16.181999206543 15.8879995346069 15.1379995346069 17.2889995574951 23.0470008850098 25.3360004425049 25.5960006713867 25.75 27.6060009002686 28.326000213623 28.886999130249 29.6100006103516 29.443000793457 28.117000579834 26.9759998321533 25.6340007781982 24.886999130249 23.7040004730225 24.0830001831055 25.9780006408691 28.3419990539551 29.2119998931885
8.57699966430664 10.835000038147 12.1560001373291 12.3610000610352 13.4549999237061 14.1379995346069 13.4930000305176 12.5830001831055 11.6730003356934 10.7629995346069 9.85299968719482 8.94299983978271 8.03299999237061 6.92399978637695 4.38299989700317 1.84300005435944 0.717000007629395 1.64999997615814 2.19899988174438 2.81299996376038 4.24100017547607 6.44099998474121 7.38600015640259 12.2309999465942 16.2369995117188 15.8030004501343 15.3120002746582 17.19700050354 20.5109996795654 23.7999992370605 25.7439994812012 26.1520004272461 28.3850002288818 28.8589992523193 29.0580005645752 29.5979995727539 29.4729995727539 28.5949993133545 27.4979991912842 25.3910007476807 24.2740001678467 23.1019992828369 24.4599990844727 26.3589992523193 27.9529991149902 28.67799949646
5.51200008392334 7.98099994659424 9.11600017547607 9.80300045013428 10.9160003662109 11.3920001983643 10.9759998321533 10.0659999847412 9.1560001373291 8.24600028991699 7.33599996566772 6.42600011825562 5.51599979400635 4.60599994659424 3.69600009918213 1.65699994564056 0.823000013828278 0.621999979019165 1.49500000476837 3.6949999332428 5.72200012207031 7.56199979782104 8.4040002822876 11.4549999237061 13.378999710083 15.289999961853 14.2489995956421 14.8140001296997 17.9559993743896 21.2430000305176 24.5300006866455 24.9190006256104 27.7649993896484 28.5839996337891 28.7180004119873 29.1800003051758 28.8689994812012 28.4160003662109 27.4120006561279 24.6889991760254 22.6639995574951 22.5300006866455 24.0809993743896 24.7789993286133 27.6219997406006 28.4330005645752
5.26000022888184 5.47700023651123 6.20499992370605 7.2649998664856 8.3769998550415 8.56999969482422 8.45899963378906 7.54899978637695 6.63899993896484 5.72900009155273 4.81899976730347 3.90899991989136 2.99900007247925 2.08899998664856 1.17900002002716 0.880999982357025 0.74099999666214 0.300000011920929 1.48399996757507 3.32399988174438 5.16499996185303 6.37099981307983 6.37400007247925 6.03900003433228 6.40299987792969 12.0930004119873 14.8050003051758 15.1370000839233 18.1229991912842 21.1089992523193 23.1569995880127 23.7059993743896 26.6909999847412 27.9519996643066 28.0750007629395 28.1919994354248 28.0820007324219 27.6459999084473 26.6480007171631 25.6189994812012 23.0919990539551 21.9440002441406 23.1630001068115 24.9230003356934 27.4540004730225 28.4610004425049
5.00799989700317 2.20900011062622 3.61299991607666 4.72599983215332 5.83900022506714 6.07100009918213 5.94199991226196 5.03200006484985 4.12200021743774 3.21199989318848 2.30200004577637 1.39199995994568 0.750999987125397 0.851999998092651 1.0460000038147 1.24000000953674 1.17200005054474 0.404000014066696 0.925999999046326 2.76699995994568 4.35500001907349 4.35799980163574 3.33999991416931 9.63199996948242 7.89900016784668 14.0200004577637 18.2940006256104 18.4839992523193 21.4699993133545 23.8570003509521 23.3090000152588 24.3770008087158 27.1060009002686 27.2099990844727 27.3889999389648 27.6280002593994 27.7700004577637 27.1700000762939 26.0310001373291 25.1380004882812 25.7649993896484 24.951000213623 25.2770004272461 25.503999710083 27.1730003356934 29.048999786377
3.55200004577637 1.41600000858307 1.07500004768372 2.18700003623962 3.29999995231628 3.86899995803833 3.42499995231628 2.51500010490417 1.60500001907349 0.694999992847443 0.704999983310699 0.823000013828278 1.01699995994568 1.21099996566772 1.40499997138977 1.59899997711182 1.60300004482269 0.809000015258789 0.368999987840652 2.21000003814697 2.34200000762939 5.94000005722046 12.3909997940063 19.451000213623 17.4160003662109 15.9469995498657 21.2070007324219 21.8309993743896 24.5559997558594 24.007999420166 23.4599990844727 25.2189998626709 26.3959999084473 26.636999130249 27.1630001068115 27.0879993438721 26.306999206543 25.875 25.181999206543 24.4909992218018 23.4179992675781 24.7129993438721 26.5970001220703 26.4769992828369 27.4549999237061 29.1359996795654
