01_datasets/03_gis/02_asc_chm-r50m/HS210B.asc
NCOLS 200 
NROWS 200 
XLLCORNER 569931 
YLLCORNER 5220987.5 
CELLSIZE 0.5 
NODATA_value -3.4e+38 
[rows 80 to 99 of 200, columns 92 to 137 of 200]
30.8339996337891 30.5400009155273 29.0300006866455 27.5970001220703 26.6159992218018 24.5890007019043 23.0130004882812 23.8600006103516 24.8229999542236 26.0650005340576 26.625 27.3659992218018 26.8449993133545 25.6030006408691 24.8880004882812 22.4379997253418 21.2749996185303 17.761999130249 13.9759998321533 12.3830003738403 13.6490001678467 15.3959999084473 16.1650009155273 16.9330005645752 17.7019996643066 18.4710006713867 19.2390003204346 20.007999420166 20.7089996337891 21.318000793457 25.5699996948242 26.7859992980957 29.7679996490479 32.3629989624023 32.7910003662109 33.0989990234375 32.2439994812012 31.0300006866455 28.7859992980957 26.5170001983643 25.0799999237061 22.7390003204346 20.0869998931885 20.0300006866455 20.0909996032715 19.4209995269775
30.378999710083 29.9440002441406 28.1730003356934 26.9090003967285 25.4209995269775 25.3279991149902 24.9459991455078 24.6299991607666 24.7220001220703 25.2019996643066 25.7749996185303 25.4389991760254 25.3889999389648 25.0610008239746 24.5069999694824 23.3850002288818 20.0620002746582 16.8619995117188 12.1479997634888 11.9930000305176 13.5129995346069 15.8839998245239 16.6840000152588 17.4519996643066 18.2210006713867 18.9899997711182 19.757999420166 20.4179992675781 21.0270004272461 21.6350002288818 24.5990009307861 26.1200008392334 28.0739994049072 31.632999420166 31.8990001678467 32.2169990539551 31.2310009002686 29.9459991455078 28.2129993438721 26.4330005645752 24.1019992828369 21.8640003204346 21.8950004577637 21.7630004882812 20.3560009002686 19.9139995574951
29.1189994812012 27.9750003814697 27.0429992675781 25.2169990539551 25.2779998779297 25.0450000762939 25.0279998779297 25.0990009307861 25.0520000457764 24.4489994049072 23.1450004577637 20.943000793457 21.511999130249 23.1650009155273 21.8139991760254 21.2779998779297 18.9360008239746 16.3339996337891 13.3690004348755 12.5539999008179 13.3760004043579 15.7469997406006 17.2029991149902 17.9710006713867 18.7399997711182 19.5090007781982 20.1270008087158 20.7350006103516 21.3269996643066 22.4500007629395 24.1919994354248 25.363000869751 27.4890003204346 28.6609992980957 30.1550006866455 30.6879997253418 30.0359992980957 29.0060005187988 26.5380001068115 24.9039993286133 23.2819995880127 23.6280002593994 22.8610000610352 22.988000869751 22.1450004577637 20.3999996185303
27.2919998168945 27.1730003356934 26.6040000915527 25.0219993591309 24.5410003662109 24.4500007629395 24.242000579834 24.0330009460449 22.5659999847412 20.6509990692139 18.8360004425049 15.789999961853 16.5909996032715 18.3889999389648 20.0769996643066 20.9500007629395 18.3309993743896 15.3699998855591 14.456000328064 13.2250003814697 13.2399997711182 15.6110000610352 17.7220001220703 18.4899997711182 19.2280006408691 19.8360004425049 20.1709995269775 20.4699993133545 22.4349994659424 23.6149997711182 23.9640007019043 25.3379993438721 25.8600006103516 26.5459995269775 28.0249996185303 27.8479995727539 27.0909996032715 27.1079998016357 24.5189990997314 23.4799995422363 24.3110008239746 24.701000213623 24.3680000305176 23.7759990692139 22.8239994049072 21.7089996337891
25.7959995269775 25.056999206543 24.6319999694824 23.8460006713867 23.0709991455078 23.2229995727539 22.5990009307861 20.6830005645752 18.7679996490479 16.8530006408691 15.1079998016357 14.7569999694824 14.8290004730225 17.1560001373291 19.5739994049072 21.2639999389648 20.3309993743896 15.9739999771118 17.7520008087158 19.556999206543 19.5429992675781 18.8500003814697 17.8460006713867 18.8430004119873 19.0139999389648 19.1860008239746 20.4360008239746 21.568000793457 22.6660003662109 23.2520008087158 23.3519992828369 23.5349998474121 23.9860000610352 25.4769992828369 26.9150009155273 26.988000869751 25.4950008392334 25.3430004119873 24.3560009002686 23.2719993591309 24.6620006561279 25.121000289917 25.0240001678467 24.3479995727539 22.6709995269775 21.3290004730225
23.8540000915527 22.6849994659424 23.1410007476807 22.4220008850098 22.0419998168945 20.875 19.3519992828369 17.8299999237061 16.3080005645752 15.5340003967285 15.7220001220703 15.789999961853 15.1479997634888 16.1509990692139 20.5799999237061 21.5779991149902 22.55299949646 17.8759994506836 18.6140003204346 21.8759994506836 19.673999786377 20.5480003356934 18.757999420166 18.4169998168945 18.4379997253418 19.67799949646 20.9190006256104 21.3290004730225 21.306999206543 21.3290004730225 21.5890007019043 21.9389991760254 21.3139991760254 15.1219997406006 20.8279991149902 25.882999420166 24.8649997711182 24.4710006713867 24.2169990539551 24.5470008850098 25.1889991760254 25.673999786377 24.8780002593994 24.4449996948242 23.1410007476807 21.2259998321533
22.7049999237061 21.7520008087158 20.6000003814697 19.8080005645752 20.5209999084473 19.0300006866455 17.507999420166 16.0629997253418 16.2509994506836 16.4389991760254 16.6270008087158 16.8150005340576 16.3229999542236 17.4029998779297 20.5669994354248 22.3659992218018 22.8150005340576 23.7110004425049 23.8419990539551 22.9540004730225 22.6200008392334 22.753999710083 21.9249992370605 19.636999130249 19.1709995269775 19.4720001220703 19.8120002746582 20.1529998779297 20.4930000305176 20.4740009307861 20.8299999237061 20.0480003356934 19.3279991149902 16.742000579834 11.7200002670288 18.6509990692139 24.9029998779297 25.076000213623 25.3099994659424 26.0450000762939 26.4650001525879 26.7679996490479 25.5860004425049 24.875 23.4379997253418 21.55299949646
23.2089996337891 22.1770000457764 20.1630001068115 18.9120006561279 18.7080001831055 17.1860008239746 16.7800006866455 16.9680004119873 17.1560001373291 17.3439998626709 17.5319995880127 17.7199993133545 17.4969997406006 18.7639999389648 21.4979991912842 22.6149997711182 22.8490009307861 23.9860000610352 24.9309997558594 24.431999206543 24.4500007629395 23.1650009155273 22.1879997253418 20.8439998626709 18.636999130249 18.9769992828369 19.3169994354248 19.6580009460449 19.3589992523193 19.5300006866455 19.0300006866455 18.2070007324219 17.3840007781982 15.8780002593994 12.5780000686646 16.9340000152588 22.0869998931885 25.3360004425049 27.2439994812012 28.5930004119873 28.628999710083 28.6720008850098 27.9009990692139 26.0359992980957 24.3419990539551 22.8470001220703
24.6410007476807 23.1690006256104 21.0279998779297 18.0230007171631 16.8939990997314 17.4969997406006 17.6849994659424 17.8729991912842 18.0610008239746 18.2490005493164 18.4370002746582 18.625 18.8129997253418 20.1240005493164 20.44700050354 21.2889995574951 23.3190002441406 24.371000289917 25.3530006408691 25.55299949646 25.3439998626709 24.0550003051758 22.0930004119873 21.2259998321533 18.1420001983643 18.4820003509521 18.5599994659424 18.2439994812012 18.2310009002686 18.0109996795654 17.1889991760254 16.3659992218018 15.543999671936 14.7530002593994 13.8100004196167 20.3600006103516 25.6310005187988 26.5060005187988 28.4360008239746 29.3560009002686 29.5990009307861 29.5860004425049 29.1070003509521 26.9850006103516 25.363000869751 23.7929992675781
23.9580001831055 22.011999130249 21.1959991455078 16.4799995422363 16.625 13.8339996337891 14.5520000457764 15.3730001449585 16.1940002441406 17.0149993896484 17.8360004425049 18.6569995880127 19.4780006408691 19.8610000610352 19.9360008239746 20.125 21.8320007324219 24.1200008392334 25.3490009307861 25.6870002746582 25.4270000457764 24.2590007781982 22.0259990692139 20.4069995880127 17.6469993591309 17.4449996948242 17.1280002593994 16.9309997558594 16.9930000305176 16.1709995269775 15.3479995727539 14.5249996185303 14.2329998016357 15.0939998626709 15.6470003128052 18.3549995422363 25.386999130249 26.7849998474121 29.0259990692139 29.7430000305176 30.0779991149902 29.8269996643066 29.2940006256104 27.6040000915527 25.0919990539551 23.94700050354
23.1030006408691 21.9759998321533 19.1420001983643 17.1889991760254 18.7970008850098 16.5189990997314 10.7729997634888 11.3979997634888 12.2189998626709 13.039999961853 13.8610000610352 14.6820001602173 17.3290004730225 20.7040004730225 19.7950000762939 19.7520008087158 21.923999786377 23.0380001068115 24.9990005493164 25.2830009460449 24.6599998474121 24.1639995574951 21.988000869751 19.8059997558594 16.9559993743896 16.0130004882812 15.6969995498657 15.9750003814697 15.1520004272461 14.3299999237061 14.8970003128052 15.7580003738403 16.6189994812012 17.4799995422363 17.9090003967285 20.9069995880127 24.503999710083 26.9769992828369 29.0909996032715 29.9290008544922 30.1669998168945 30.0639991760254 29.4169998168945 28.5279998779297 25.5450000762939 23.3990001678467
22.2290000915527 21.4549999237061 19.8099994659424 18.9270000457764 19.7759990692139 20.6240005493164 16.4120006561279 7.71299982070923 8.24400043487549 9.0649995803833 9.88599967956543 10.8520002365112 22.9080009460449 23.2110004425049 21.6310005187988 18.6079998016357 21.0310001373291 22.8269996643066 23.886999130249 24.2730007171631 23.4330005645752 22.9599990844727 21.8689994812012 21.30299949646 17.0809993743896 15.0129995346069 14.9569997787476 14.6999998092651 15.5609998703003 16.4220008850098 17.2830009460449 18.1439990997314 19.0049991607666 19.8659992218018 20.7269992828369 22.1700000762939 25.0109996795654 27.0389995574951 29.2910003662109 29.9519996643066 30.0400009155273 30.0100002288818 29.6119995117188 28.4179992675781 26.0349998474121 23.943000793457
21.5550003051758 20.6949996948242 19.7169990539551 19.9580001831055 20.753999710083 21.6030006408691 22.451000213623 16.3059997558594 4.65199995040894 5.09000015258789 5.91099977493286 21.9169998168945 25.0069999694824 25.7180004119873 23.5370006561279 19.6259994506836 21.2409992218018 22.181999206543 22.8780002593994 23.1019992828369 22.886999130249 22.0130004882812 21.3010005950928 20.8540000915527 19.3799991607666 16.4409999847412 15.6770000457764 16.6569995880127 17.6380004882812 18.6180000305176 19.5990009307861 20.5289993286133 21.3899993896484 22.2509994506836 23.113000869751 23.9710006713867 25.5100002288818 27.2689990997314 28.7049999237061 29.7999992370605 29.6639995574951 28.6060009002686 27.9699993133545 26.8759994506836 23.5550003051758 23.3279991149902
21.5930004119873 21.0750007629395 20.3540000915527 21.2299995422363 21.9500007629395 22.6700000762939 23.4290008544922 24.2779998779297 16.1989994049072 2.67899990081787 11.9079999923706 26.9519996643066 27.2600002288818 28.0009994506836 26.1469993591309 25.4759998321533 24.6410007476807 24.4799995422363 21.2700004577637 21.6040000915527 21.9120006561279 21.0370006561279 20.2220001220703 19.4150009155273 18.8409996032715 17.1040000915527 17.0820007324219 18.0629997253418 19.0429992675781 20.0240001678467 21.003999710083 21.9850006103516 22.9130001068115 23.8309993743896 24.7479991912842 25.6650009155273 25.5830001831055 25.496000289917 27.1469993591309 28.5540008544922 28.3999996185303 26.7730007171631 25.9669990539551 24.2059993743896 21.4790000915527 21.548999786377
21.257999420166 21.1709995269775 20.9899997711182 22.5030002593994 23.2229995727539 23.943000793457 24.6630001068115 25.382999420166 26.1049995422363 19.0790004730225 27.17799949646 28.6979999542236 28.9750003814697 29.4209995269775 29.1480007171631 28.4109992980957 26.9820003509521 25.1630001068115 20.4190006256104 20.9930000305176 20.8129997253418 20.2889995574951 19.3859996795654 18.7630004882812 17.9500007629395 17.6900005340576 18.1889991760254 19.1060009002686 20.0230007171631 20.9400005340576 21.8570003509521 22.7749996185303 23.6919994354248 24.6089992523193 25.5259990692139 25.8740005493164 25.5849990844727 24.8959999084473 23.5949993133545 25.0599994659424 25.8309993743896 25.9790000915527 25.1609992980957 24.5170001983643 22.6900005340576 20.44700050354
24.9349994659424 23.0879993438721 22.9489994049072 23.7749996185303 24.4950008392334 25.0259990692139 25.0300006866455 25.0340003967285 25.0389995574951 27.0209999084473 27.7950000762939 29.0739994049072 29.7919998168945 29.8400001525879 29.75 29.0340003967285 27.7240009307861 26.0559997558594 24.7630004882812 24.7929992675781 23.6730003356934 22.4060001373291 20.5230007171631 19.7159996032715 19.2859992980957 18.867000579834 18.8369998931885 19.8840007781982 20.8010005950928 21.7189998626709 22.6359996795654 23.55299949646 24.4699993133545 25.3880004882812 26.1100006103516 25.9629993438721 25.2229995727539 23.19700050354 19.7369995117188 22.6299991607666 23.6319999694824 22.1229991912842 24.7210006713867 24.0139999389648 23.2199993133545 19.19700050354
28.3530006408691 24.9029998779297 24.7980003356934 23.4640007019043 23.4839992523193 23.1000003814697 23.1040000915527 23.1079998016357 25.19700050354 28.0049991607666 28.9799995422363 29.5160007476807 30.1770000457764 30.257999420166 30.3439998626709 29.2689990997314 27.5 26.6319999694824 25.9020004272461 25.1070003509521 24.0069999694824 21.9139995574951 21.4829998016357 21.05299949646 20.6229991912842 20.1919994354248 19.8759994506836 20.6049995422363 21.5799999237061 22.4969997406006 23.4139995574951 24.3320007324219 25.2490005493164 26.1660003662109 26.3409996032715 26.0520000457764 24.2940006256104 22.2679996490479 19.6989994049072 21.1079998016357 22.3549995422363 21.4580001831055 22.826000213623 22.7600002288818 19.9130001068115 17.113000869751
28.8430004119873 28.0219993591309 26.7159996032715 24.9930000305176 20.9050006866455 20.9260005950928 21.2530002593994 22.1009998321533 23.9710006713867 28.0330009460449 30.0960006713867 30.9640007019043 31.7169990539551 31.6280002593994 31.2189998626709 30.8010005950928 29.6639995574951 28.4820003509521 27.0259990692139 24.931999206543 23.6809997558594 23.25 22.8199996948242 22.3899993896484 21.9589996337891 21.5289993286133 21.0990009307861 21.0949993133545 22.3589992523193 23.2759990692139 24.193000793457 25.1100006103516 26.0270004272461 26.5009994506836 26.4290008544922 25.3899993896484 23.3640003204346 21.3379993438721 20.076000213623 20.6749992370605 21.1200008392334 21.0939998626709 20.6340007781982 20.0879993438721 20.0149993896484 18.4080009460449
29.1560001373291 28.3740005493164 27.0400009155273 24.30299949646 21.1580009460449 22.1229991912842 23.201000213623 24.048999786377 25.738000869751 27.742000579834 29.9489994049072 30.6490001678467 31.5970001220703 31.9309997558594 31.4589996337891 30.5839996337891 29.4449996948242 28.6949996948242 27.4729995727539 24.9400005340576 24.6520004272461 24.4230003356934 24.1569995880127 23.7259998321533 23.2959995269775 22.8659992218018 22.4349994659424 22.0620002746582 22.863000869751 24.0540008544922 24.9720001220703 25.8889999389648 26.6490001678467 26.7450008392334 26.4869995117188 24.4610004425049 22.4930000305176 21.6499996185303 20.806999206543 21.738000869751 21.6319999694824 21.0779991149902 21.3139991760254 21.8659992218018 21.5909996032715 21.1450004577637
29.8269996643066 29.4029998779297 27.0599994659424 23.6380004882812 22.871000289917 23.2730007171631 23.673999786377 24.3449993133545 25.6049995422363 27.6229991912842 28.7360000610352 30.1550006866455 30.8929996490479 31.0919990539551 30.8090000152588 30.1229991912842 29.2590007781982 28.0429992675781 26.4020004272461 25.5499992370605 25.4759998321533 25.2469997406006 25.0179996490479 24.7880001068115 24.5590000152588 24.2019996643066 23.7719993591309 23.3419990539551 23.3519992828369 24.6310005187988 25.75 26.6669998168945 26.8920001983643 26.8959999084473 25.5580005645752 24.0659999847412 23.2229995727539 22.3810005187988 21.5380001068115 22.44700050354 22.5470008850098 24.3649997711182 24.4619998931885 25.1870002746582 24.7439994812012 22.9890003204346
