01_datasets/03_gis/02_asc_chm-r50m/HS210B.asc
NCOLS 200 
NROWS 200 
XLLCORNER 569931 
YLLCORNER 5220987.5 
CELLSIZE 0.5 
NODATA_value -3.4e+38 
[rows 60 to 79 of 200, columns 92 to 137 of 200]
9.0600004196167 9.11299991607666 8.78699970245361 7.44199991226196 6.29199981689453 5.14099979400635 3.9909999370575 2.83999991416931 1.68900001049042 0.538999974727631 0.211999997496605 0.358999997377396 4.45100021362305 10.1459999084473 15.8400001525879 20.3540000915527 13.1940002441406 1.95500004291534 12.2740001678467 22.2409992218018 23.1270008087158 23.2900009155273 23.2229995727539 22.1019992828369 18.1529998779297 14.5629997253418 13.5450000762939 11.8430004119873 11.1040000915527 10.8920001983643 10.5710000991821 9.70100021362305 6.83300018310547 3.65400004386902 0.474999994039536 0.41499999165535 0.731000006198883 0.879999995231628 0.896000027656555 0.727999985218048 0.453999996185303 0.45100000500679 0.337000012397766 0.223000004887581 0.224999994039536 0.224999994039536
19.4500007629395 13.7650003433228 9.52700042724609 8.57199954986572 7.4210000038147 6.24399995803833 4.94199991226196 3.60400009155273 2.26500010490417 1.02499997615814 0.814000010490417 2.13599991798401 5.37599992752075 11.0710000991821 16.7649993896484 16.5879993438721 6.0460000038147 2.92700004577637 10.9390001296997 18.7299995422363 22.9860000610352 23.0639991760254 22.9440002441406 22.0900001525879 18.2929992675781 14.9230003356934 14.0240001678467 11.8070001602173 10.9879999160767 10.4280004501343 9.11200046539307 7.86199998855591 6.15000009536743 2.97099995613098 0.492000013589859 0.556999981403351 0.633000016212463 0.797999978065491 0.925000011920929 0.643999993801117 0.280000001192093 2.00999999046326 1.83399999141693 1.22000002861023 0.488999992609024 1.08200001716614
27.9109992980957 22.8229999542236 9.70499992370605 9.92700004577637 8.88799953460693 7.84800004959106 6.80900001525879 5.76900005340576 4.73000001907349 3.69000005722046 5.9229998588562 6.42899990081787 7.46600008010864 11.996000289917 16.6009998321533 12.8369998931885 5.90000009536743 5.41099977493286 9.35599994659424 19.8929996490479 22.3400001525879 22.6650009155273 23.2900009155273 22.4689998626709 19.7950000762939 16.9899997711182 14.8830003738403 12.8879995346069 11.8739995956421 9.80200004577637 9.3100004196167 6.02299976348877 4.73000001907349 2.28800010681152 0.623000025749207 0.699000000953674 0.767000019550323 0.663999974727631 0.885999977588654 0.518999993801117 1.06400001049042 3.25200009346008 3.87100005149841 1.60800004005432 2.32500004768372 3.25099992752075
19.1669998168945 12.9289999008179 8.4069995880127 8.51099967956543 11.1070003509521 10.5139999389648 9.47399997711182 8.4350004196167 7.39499998092651 6.39400005340576 9.51900005340576 12.1370000839233 11.996000289917 12.9200000762939 13.0690002441406 8.87199974060059 8.38399982452393 7.89599990844727 7.77299976348877 17.5359992980957 22.0839996337891 22.0919990539551 23.1499996185303 22.5030002593994 19.9990005493164 17.1599998474121 15.1429996490479 14.3699998855591 12.9329996109009 8.85900020599365 4.17999982833862 3.46900010108948 3.01600003242493 1.59700000286102 0.815999984741211 0.925999999046326 0.824000000953674 0.712999999523163 0.777999997138977 0.497000008821487 0.759999990463257 4.64400005340576 5.64699983596802 3.47699999809265 4.41699981689453 5.35599994659424
8.19900035858154 7.83199977874756 5.84600019454956 6.94700002670288 9.54300022125244 12.1389999389648 12.1389999389648 11.1000003814697 10.0600004196167 9.98999977111816 13.1140003204346 16.2390003204346 17.3010005950928 15.7250003814697 10.375 5.72800016403198 7.33599996566772 8.35099983215332 8.97900009155273 18.3619995117188 21.0009994506836 21.0450000762939 22.2070007324219 20.5289993286133 18.4130001068115 18.2980003356934 17.4080009460449 15.0629997253418 14.2410001754761 10 1.68700003623962 0.736999988555908 0.769999980926514 1.04100000858307 1.07799994945526 0.945999979972839 0.814000010490417 0.681999981403351 0.550999999046326 0.432000011205673 0.270000010728836 8.86800003051758 7.96700000762939 7.45499992370605 6.69399976730347 7.44799995422363
4.68900012969971 3.95300006866455 3.28500008583069 5.38199996948242 7.97900009155273 10.5749998092651 13.1709995269775 13.7650003433228 12.7259998321533 13.5860004425049 16.5799999237061 15.8839998245239 15.4429998397827 12.7239999771118 5.89099979400635 2.38000011444092 3.98799991607666 5.91499996185303 9.32699966430664 15.3719997406006 19.0259990692139 19.6340007781982 19.6790008544922 17.7019996643066 16.7970008850098 17.2110004425049 17.5559997558594 14.9479999542236 9.30099964141846 9.54100036621094 3.13899993896484 0.823000013828278 0.85699999332428 0.973999977111816 0.857999980449677 0.754000008106232 0.649999976158142 0.546000003814697 0.523999989032745 1.51499998569489 1.29999995231628 10.3470001220703 10.9969997406006 10.3850002288818 10.7189998626709 9.95800018310547
3.64000010490417 1.38900005817413 1.22200000286102 3.81800007820129 6.41400003433228 9.01000022888184 11.6070003509521 14.2030000686646 15.3059997558594 15.7489995956421 14.7729997634888 14.4499998092651 14.71399974823 8.95199966430664 3.28500008583069 2.77600002288818 4.71199989318848 8.12399959564209 12.3959999084473 17.0960006713867 17.761999130249 17.8269996643066 15.4729995727539 16.6180000305176 16.8610000610352 17.6229991912842 17.9349994659424 12.8219995498657 7.24300003051758 4.02899980545044 3.54500007629395 0.898999989032745 0.869000017642975 0.739000022411346 0.630999982357025 0.52700001001358 0.540000021457672 0.592999994754791 1.59800004959106 4.32200002670288 9.11900043487549 11.4180002212524 12.1020002365112 12.8369998931885 12.8030004501343 13.746000289917
7.52099990844727 4.03900003433228 4.03900003433228 5.8769998550415 8.35700035095215 10.8450002670288 13.0590000152588 15.2720003128052 16.6229991912842 16.9780006408691 15.8420000076294 13.8620004653931 12.3470001220703 11.1750001907349 11.1669998168945 8.64900016784668 6.9210000038147 10.3339996337891 14.8380002975464 15.9659996032715 16.7089996337891 16.7649993896484 16.8390007019043 15.3000001907349 16.5419998168945 16.8600006103516 15.8199996948242 14.6160001754761 12.418999671936 8.23499965667725 3.44700002670288 0.908999979496002 0.794000029563904 0.50900000333786 0.549000024795532 0.602999985218048 0.656000018119812 1.43799996376038 5.30600023269653 7.12900018692017 13.5530004501343 12.4879999160767 13.2069997787476 13.9420003890991 14.6770000457764 15.2209997177124
11.4020004272461 8.69600009918213 7.91699981689453 9.98299980163574 11.5609998703003 13.3050003051758 16.0709991455078 18.8379993438721 18.8290004730225 17.9060001373291 17.363000869751 16.5550003051758 18.1760005950928 19.4489994049072 18.5659999847412 14.3900003433228 10.9440002441406 12.5790004730225 13.7110004425049 14.8079996109009 14.8579998016357 14.9320001602173 15.0059995651245 15.7239999771118 16.2929992675781 14.5249996185303 11.8489999771118 10.8090000152588 9.76900005340576 8.57299995422363 5.21000003814697 1.13999998569489 0.695999979972839 0.488999992609024 0.666000008583069 0.718999981880188 1.27900004386902 5.14699983596802 9.01500034332275 9.9350004196167 14.4659996032715 13.5780000686646 14.3120002746582 15.0469999313354 15.7819995880127 16.5160007476807
15.8819999694824 13.5469999313354 12.8850002288818 14.0900001525879 15.6680002212524 17.2450008392334 18.8229999542236 19.5799999237061 19.4169998168945 19.07200050354 18.8700008392334 21.0799999237061 22.4090003967285 22.6599998474121 22.4869995117188 20.6760005950928 17.1630001068115 11.4689998626709 12.6409997940063 12.9499998092651 13.0430002212524 14.6129999160767 16.181999206543 16.0879993438721 16.5249996185303 17.3640003204346 15.2679996490479 12.289999961853 9.3120002746582 6.33300018310547 3.71700000762939 2.07200002670288 0.595000028610229 0.397000014781952 0.708000004291534 1.11899995803833 4.98699998855591 8.85499954223633 12.7229995727539 16.5049991607666 15.3800001144409 14.6829996109009 15.4169998168945 16.1520004272461 16.886999130249 17.621000289917
20.5869998931885 18.3969993591309 17.8540000915527 18.117000579834 19.7740001678467 19.9969997406006 20.2159996032715 19.5970001220703 19.4290008544922 21.7310009002686 24.2740001678467 24.8689994812012 24.7549991607666 24.1830005645752 22.9360008239746 21.6959991455078 19.996000289917 14.4700002670288 11.9320001602173 13.5019998550415 15.0710000991821 16.6399993896484 17.1060009002686 15.918999671936 16.7569999694824 17.5960006713867 18.4349994659424 16.0109996795654 13.0329999923706 10.0539999008179 7.07600021362305 4.09800004959106 0.513000011444092 0.503000020980835 0.796000003814697 4.8270001411438 8.69499969482422 12.5629997253418 15.8290004730225 18.5629997253418 16.2929992675781 15.7880001068115 16.5219993591309 17.2569999694824 17.992000579834 18.7259998321533
22.3780002593994 20.75 21.1730003356934 21.7409992218018 22.0949993133545 21.6389999389648 21.681999206543 22.5729999542236 23.6280002593994 24.4850006103516 26.1770000457764 26.4150009155273 26.306999206543 25.0179996490479 24.8649997711182 24.1900005340576 18.9160003662109 12.3739995956421 13.960000038147 15.5290002822876 17.0979995727539 18.0900001525879 15.7819995880127 16.1509990692139 16.9890003204346 17.8279991149902 18.6669998168945 19.5049991607666 16.753999710083 13.7760000228882 10.7969999313354 7.81899976730347 3.90199995040894 0.621999979019165 0.818000018596649 6.97800016403198 12.4040002822876 16.2719993591309 18.5709991455078 19.4769992828369 17.2070007324219 16.8929996490479 17.6270008087158 18.3619995117188 19.0970001220703 19.8309993743896
23.5949993133545 23.8349990844727 24.4540004730225 22.9039993286133 23.0550003051758 23.5820007324219 23.9379997253418 24.2929992675781 25.3099994659424 26.3889999389648 27.6310005187988 27.7759990692139 27.1900005340576 26.5739994049072 25.8560009002686 25.2870006561279 20.8859996795654 14.5719995498657 15.9870004653931 17.5559997558594 19.0629997253418 16.7999992370605 15.543999671936 16.3819999694824 17.2210006713867 18.0599994659424 18.8990001678467 19.7369995117188 20.4750003814697 17.4969997406006 14.5179996490479 11.4750003814697 8.23799991607666 6.16499996185303 5.69799995422363 9.00399971008301 15.164999961853 19.9799995422363 22.6599998474121 20.3899993896484 18.1200008392334 17.9979991912842 18.7320003509521 19.4669990539551 20.2019996643066 20.9360008239746
26.3959999084473 26.0629997253418 25.6840000152588 24.2329998016357 22.8470001220703 21.7110004425049 22.7600002288818 23.4790000915527 25.7880001068115 27.7250003814697 28.9130001068115 29.7639999389648 28.871000289917 27.753999710083 26.761999130249 26.2280006408691 23.9120006561279 19.7719993591309 18.0319995880127 19.5839996337891 17.8169994354248 15.4759998321533 15.7760000228882 16.6140003204346 17.4529991149902 18.2919998168945 19.1299991607666 19.9689998626709 20.8080005645752 21.2180004119873 18.2399997711182 15.5970001220703 12.5740003585815 18.5389995574951 18.5240001678467 16.7479991912842 19.9990005493164 23.3519992828369 23.5739994049072 21.3040008544922 19.0340003967285 19.1030006408691 19.8369998931885 20.57200050354 21.306999206543 22.0419998168945
27.1849994659424 27.0060005187988 26.7390003204346 25.7110004425049 23.6599998474121 22.0359992980957 23.4349994659424 24.3780002593994 26.7350006103516 29.4689998626709 30.3999996185303 30.4489994049072 30.011999130249 29.1569995880127 28.318000793457 26.0849990844727 24.4710006713867 22.2940006256104 20.8139991760254 18.8349990844727 16.4939994812012 15.168999671936 16.007999420166 16.8460006713867 17.6849994659424 18.5240001678467 19.3619995117188 20.201000213623 21.0400009155273 21.878999710083 21.9610004425049 20.3209991455078 24.0179996490479 25.9650001525879 26.0939998626709 26.2980003356934 26.2670001983643 25.7889995574951 24.3080005645752 22.2169990539551 19.94700050354 20.2080001831055 20.9419994354248 21.6770000457764 21.9850006103516 21.7240009307861
29.1350002288818 28.3680000305176 27.5499992370605 26.4090003967285 24.7290000915527 23.92799949646 25.0370006561279 25.9659996032715 28.6140003204346 29.4479999542236 30.6110000610352 31.1609992980957 31.1760005950928 30.2110004425049 29.1110000610352 26.5170001983643 25.0480003356934 23.9659996032715 21.0809993743896 17.693000793457 15.1709995269775 15.4010000228882 16.2399997711182 17.0779991149902 17.9169998168945 18.7560005187988 19.5939998626709 20.4330005645752 21.3430004119873 22.4160003662109 23.4890003204346 24.9440002441406 26.1959991455078 26.3719997406006 27.7530002593994 28.8600006103516 28.1270008087158 26.9899997711182 25.6520004272461 22.3400001525879 20.8610000610352 21.0240001678467 20.7630004882812 20.5020008087158 20.2409992218018 19.9810009002686
30.0610008239746 29.548999786377 28.6450004577637 27.1149997711182 25.7779998779297 24.4340000152588 24.9599990844727 26.5809993743896 28.056999206543 29.6860008239746 30.6800003051758 31.5240001678467 31.3080005645752 30.3120002746582 29.3740005493164 26.9650001525879 25.6580009460449 23.1509990692139 21.5799999237061 16.9160003662109 14.6630001068115 15.5819997787476 16.6189994812012 17.6560001373291 18.693000793457 19.7299995422363 20.7679996490479 21.8050003051758 22.8419990539551 23.878999710083 24.9160003662109 25.5520000457764 26.6189994812012 29.3950004577637 30.2770004272461 30.6399993896484 30.3589992523193 28.488000869751 27.5480003356934 25.6469993591309 23.3969993591309 19.9330005645752 19.0200004577637 18.7590007781982 18.4979991912842 18.2369995117188
30.8540000915527 30.1609992980957 28.7880001068115 27.4440002441406 26.1420001983643 24.1580009460449 24.5149993896484 25.503999710083 28.4489994049072 29.2399997711182 30.5289993286133 31.1060009002686 30.3299999237061 29.451000213623 27.8460006713867 26.0230007171631 24.6650009155273 23.3490009307861 18.8780002593994 14.3769998550415 14.2880001068115 15.0790004730225 15.871000289917 16.6620006561279 17.4810009002686 18.5179996490479 19.5550003051758 20.5930004119873 21.6299991607666 22.6669998168945 23.82200050354 25.0590000152588 26.9309997558594 29.9699993133545 31.0879993438721 31.3579998016357 31.3610000610352 29.8080005645752 28.1420001983643 24.8409996032715 22.9939994812012 20.451000213623 17.4979991912842 16.9869995117188 16.7549991607666 17.2259998321533
31.2000007629395 30.8299999237061 29.6569995880127 26.8600006103516 25.3840007781982 24.3159999847412 24.1900005340576 24.3239994049072 27.2840003967285 28.011999130249 29.0639991760254 29.382999420166 29.9449996948242 28.1809997558594 27.2980003356934 26.1630001068115 24.0820007324219 23.863000869751 19.242000579834 13.7629995346069 13.9130001068115 14.7040004730225 15.496000289917 16.2870006561279 17.0790004730225 17.8700008392334 18.6620006561279 19.4529991149902 20.4179992675781 21.4549999237061 23.7099990844727 26.4230003356934 28.9619998931885 31.7509994506836 32.382999420166 32.4189987182617 31.746000289917 31.2329998016357 28.8239994049072 24.4979991912842 23.7520008087158 23.5559997558594 11.5159997940063 15.5120000839233 16.5270004272461 16.7000007629395
31.4799995422363 30.8490009307861 29.6420001983643 27.1030006408691 25.5979995727539 24.8859996795654 23.4810009002686 24.4220008850098 25.8610000610352 27.1669998168945 26.8719997406006 27.6590003967285 27.8850002288818 26.2180004119873 26.0069999694824 24.3090000152588 22.8700008392334 21.6189994812012 18.9360008239746 14.0520000457764 13.7849998474121 14.8769998550415 15.6459999084473 16.4139995574951 17.1830005645752 17.9519996643066 18.7199993133545 19.4890003204346 20.257999420166 21 25.3889999389648 27.1149997711182 30.0049991607666 32.0740013122559 32.6790008544922 32.9090003967285 32.1769981384277 31.5380001068115 30.1280002593994 26.4080009460449 24.4500007629395 23.3050003051758 16.4479999542236 17.9200000762939 19.1110000610352 18.3330001831055
