01_datasets/03_gis/02_asc_chm-r50m/HS211C.asc
NCOLS 199 
NROWS 200 
XLLCORNER 571208.5 
YLLCORNER 5220062 
CELLSIZE 0.5 
NODATA_value -3.4e+38 
[rows 120 to 139 of 200, columns 90 to 134 of 199]
4.91300010681152 8.25 11.5909996032715 14.9329996109009 18.2749996185303 21.6180000305176 23.7479991912842 25.1730003356934 25.0100002288818 24.8290004730225 25.7830009460449 25.0849990844727 24.1720008850098 23.3990001678467 23.9869995117188 26.1089992523193 29.1359996795654 30.5669994354248 29.4449996948242 27.7900009155273 24.6089992523193 23.6989994049072 23.1760005950928 18.1340007781982 17.2910003662109 14.9840002059937 22.9769992828369 26.4729995727539 26.6800003051758 26.7159996032715 27.0860004425049 29.136999130249 29.4349994659424 29.4559993743896 28.9640007019043 27.3460006713867 24.7299995422363 21.9209995269775 21.2329998016357 20.1520004272461 22.6100006103516 22.1340007781982 23.6469993591309 27.0340003967285 27.9570007324219
4.10900020599365 7.50500011444092 10.9020004272461 14.2980003356934 17.6949996948242 20.8250007629395 22.0729999542236 23.5349998474121 24.9829998016357 24.6660003662109 23.8819999694824 23.1000003814697 23.0240001678467 23.2770004272461 24.0550003051758 26.1949996948242 28.9909992218018 30.1429996490479 29.4669990539551 28.7029991149902 25.7320003509521 25.2140007019043 24.4340000152588 19.6149997711182 19.3159999847412 18.9020004272461 21.6429996490479 25.681999206543 25.7439994812012 18.9799995422363 25.9720001220703 27.8150005340576 27.5909996032715 28.1450004577637 27.8229999542236 25.4249992370605 22.8880004882812 21.761999130249 21.4230003356934 20.5219993591309 23.2849998474121 24.1959991455078 25.5839996337891 27.6429996490479 27.931999206543
3.04800009727478 6.44399976730347 9.84099960327148 13.2370004653931 16.6340007781982 18.3159999847412 20.3540000915527 21.2569999694824 23.9270000457764 24.2759990692139 23.5279998779297 23.7399997711182 23.382999420166 23.4340000152588 24.3470001220703 26.5289993286133 28.6319999694824 29.5459995269775 27.673999786377 26.8880004882812 25.7689990997314 25.3120002746582 23.2810001373291 18.4260005950928 17.6809997558594 14.7969999313354 9.33500003814697 19.6539993286133 14.5459995269775 7.49300003051758 19.7169990539551 25.5779991149902 26.2329998016357 27.0629997253418 22.2019996643066 14.8920001983643 15.4139995574951 20.2119998931885 20.8050003051758 20.1119995117188 22.5020008087158 22.3929996490479 26.003999710083 27.3010005950928 27.8589992523193
1.98699998855591 5.38399982452393 8.77999973297119 12.1770000457764 13.7239999771118 15.7749996185303 17.2800006866455 18.746000289917 20.6609992980957 23.0580005645752 22.2070007324219 22.7189998626709 23.7059993743896 23.7910003662109 24.0160007476807 26.8309993743896 27.136999130249 26.8759994506836 26.136999130249 25.9599990844727 25.7150001525879 25.4659996032715 24.6499996185303 20.3419990539551 9.89400005340576 5.00500011444092 2.41000008583069 5.49599981307983 1.37999999523163 9.22900009155273 17.3129997253418 26.1469993591309 25.5400009155273 25.1229991912842 19.9020004272461 6.4520001411438 0.386999994516373 9.60000038146973 19.1840000152588 19.7220001220703 19.5470008850098 19.5259990692139 24.6100006103516 25.7360000610352 27.5480003356934
0.925999999046326 4.32299995422363 7.7189998626709 9.30900001525879 11.1960000991821 13.1049995422363 14.3190002441406 16.2339992523193 18.1499996185303 20.0659999847412 22.0970001220703 21.6539993286133 22.7910003662109 23.9580001831055 24.2369995117188 24.9230003356934 25.4909992218018 25.9309997558594 25.7749996185303 25.9090003967285 25.30299949646 23.8759994506836 22.7800006866455 15.0530004501343 3.38899993896484 1.02799999713898 0.870000004768372 0.600000023841858 1.55200004577637 12.9739999771118 23.2870006561279 22.3920001983643 19.9330005645752 20.8899993896484 15.6309995651245 11.1669998168945 0.370999991893768 6.10799980163574 15.58899974823 19.1569995880127 18.9519996643066 19.5100002288818 23.7229995727539 25.4619998931885 27.3330001831055
0.337999999523163 3.26200008392334 5.18400001525879 6.61600017547607 8.52600002288818 10.4350004196167 11.8070001602173 13.7229995727539 15.6389999389648 17.5540008544922 19.0629997253418 18.5279998779297 19.2900009155273 22.4169998168945 23.7689990997314 24.0809993743896 24.5869998931885 25.1509990692139 25.2040004730225 24.9899997711182 22.3689994812012 21.4839992523193 12.4460000991821 8.13700008392334 0.759999990463257 0.757000029087067 0.823000013828278 0.742999970912933 4.47200012207031 13.7950000762939 12.0430002212524 10.2919998168945 6.79699993133545 6.09899997711182 4.85900020599365 0.916999995708466 0.398999989032745 0.629999995231628 4.42000007629395 13.2250003814697 20.0139999389648 20.9489994049072 23.6539993286133 25.7759990692139 26.3360004425049
0.39300000667572 1.05799996852875 2.03200006484985 3.94600009918213 5.85599994659424 7.7649998664856 9.29599952697754 11.2119998931885 13.1269998550415 14.2760000228882 13.3540000915527 12.4329996109009 17.1180000305176 20.0139999389648 21.9459991455078 23.3490009307861 24.0139999389648 23.9839992523193 24.7049999237061 23.7049999237061 21.3040008544922 16.3910007476807 7.41400003433228 0.680000007152557 0.681999981403351 0.734000027179718 0.850000023841858 0.943000018596649 3.83999991416931 2.55100011825562 0.815999984741211 0.716000020503998 0.666000008583069 0.648999989032745 0.640999972820282 0.550000011920929 0.418999999761581 0.234999999403954 3.03200006484985 13.3229999542236 21.5410003662109 22.2339992523193 23.1669998168945 25.5459995269775 25.923999786377
0.758000016212463 0.44200000166893 0.340000003576279 1.27600002288818 3.18600010871887 4.87599992752075 6.78499984741211 8.5939998626709 9.48900032043457 8.56700038909912 11.1110000610352 14.5590000152588 17.9080009460449 19.613000869751 19.6359996795654 21.2199993133545 22.5380001068115 22.8129997253418 23.4599990844727 21.4820003509521 19.1030006408691 14.8940000534058 6.65999984741211 3.50300002098083 0.683000028133392 0.718999981880188 0.833000004291534 0.842000007629395 0.800000011920929 0.667999982833862 0.537000000476837 0.509999990463257 1.04200005531311 0.66100001335144 0.580999970436096 2.29099988937378 0.703999996185303 0.222000002861023 7.37900018692017 16.128999710083 20.5100002288818 20.882999420166 21.3470001220703 24.2140007019043 25.3110008239746
2.12800002098083 1.47599995136261 0.823000013828278 0.416000008583069 0.515999972820282 2.35800004005432 3.99200010299683 4.7020001411438 6.3600001335144 9.80799961090088 13.2559995651245 15.951000213623 18.0030002593994 18.9479999542236 18.0930004119873 18.2019996643066 20.4160003662109 20.4500007629395 20.42799949646 17.871000289917 15.9650001525879 12.8979997634888 9.48400020599365 6.3270001411438 3.17000007629395 0.703999996185303 0.731000006198883 0.5 0.488999992609024 0.358000010251999 0.36599999666214 2.0090000629425 3.65199995040894 6.51800012588501 5.21099996566772 5.97300004959106 4.84999990463257 4.17399978637695 7.68900012969971 8.49899959564209 10.9779996871948 16.9179992675781 17.6770000457764 20.8250007629395 23.7840003967285
3.16199994087219 2.50999999046326 1.85699999332428 1.20500004291534 0.671000003814697 0.465999990701675 1.38800001144409 4.06400012969971 6.73999977111816 9.26799964904785 11.2919998168945 13.3149995803833 15.3380002975464 16.371000289917 15.5659999847412 16.1019992828369 16.4790000915527 16.1380004882812 16.1790008544922 16.1149997711182 15.6079998016357 14.5030002593994 11.1540002822876 7.80399990081787 4.45499992370605 1.10599994659424 0.526000022888184 0.168999999761581 0.179000005125999 1.33399999141693 2.9760000705719 4.61899995803833 6.3600001335144 9.06400012969971 8.98600006103516 8.69799995422363 8.24199962615967 7.84499979019165 7.45599985122681 7.07399988174438 6.28399991989136 11.8249998092651 16.0219993591309 20.1940002441406 21.4370002746582
4.18699979782104 3.49799990653992 2.80999994277954 2.12100005149841 1.42799997329712 0.686999976634979 0.386000007390976 2.55699992179871 4.57999992370605 6.60300016403198 8.6269998550415 10.6499996185303 12.673999786377 13.664999961853 13.0389995574951 13.5749998092651 13.1420001983643 12.3579998016357 12.4659996032715 12.164999961853 12.6730003356934 12.5909996032715 9.92099952697754 6.57200002670288 3.22300004959106 0.605000019073486 0.0759999975562096 0.136000007390976 0.537000000476837 2.77099990844727 5.22499990463257 7.22900009155273 8.86900043487549 9.07400035858154 9.19600009918213 8.94299983978271 8.75800037384033 8.3100004196167 7.46299982070923 7.11399984359741 7.01100015640259 9.78699970245361 15.4849996566772 16.9829998016357 16.8299999237061
4.76800012588501 4.07399988174438 3.38100004196167 2.68700003623962 1.98000001907349 1.20099997520447 0.810999989509583 1.32299995422363 1.93499994277954 3.93799996376038 5.96199989318848 7.9850001335144 10.0089998245239 10.9589996337891 10.5109996795654 10.7969999313354 9.80500030517578 8.59500026702881 8.7519998550415 9.3459997177124 9.85400009155273 9.82299995422363 8.68900012969971 5.34000015258789 1.99000000953674 0.335999995470047 0.123000003397465 0.187000006437302 1.40499997138977 3.56399989128113 5.72300004959106 8.09000015258789 8.60599994659424 8.61600017547607 9.08600044250488 9.39700031280518 9.27099990844727 8.71399974822998 8.52000045776367 8.88799953460693 9.59099960327148 10.6129999160767 12.5299997329712 12.3769998550415 12.2239999771118
5.33400011062622 4.6399998664856 3.94600009918213 3.25300002098083 2.51099991798401 1.72899997234344 1.72399997711182 1.79700005054474 2.30999994277954 2.97099995613098 3.62400007247925 5.32000017166138 7.3439998626709 8.25300025939941 7.98400020599365 7.75400018692017 6.46799993515015 4.88399982452393 4.92500019073486 7.09100008010864 7.08599996566772 7.05499982833862 7.02400016784668 4.10799980163574 0.758000016212463 0.141000002622604 0.177000001072884 0.225999996066093 2.27300000190735 4.43200016021729 6.59100008010864 8.1560001373291 8.80099964141846 8.92300033569336 9.33800029754639 9.96199989318848 9.95400047302246 9.85299968719482 10.5229997634888 10.4940004348755 10.2709999084473 9.93599987030029 8.51900005340576 7.77099990844727 7.61800003051758
5.89900016784668 5.20599985122681 4.51200008392334 3.8050000667572 3.03900003433228 2.59299993515015 2.63700008392334 2.71000003814697 2.78299999237061 3.24399995803833 3.94700002670288 4.61800003051758 5.31400012969971 6.17500019073486 6.74900007247925 6.50099992752075 5.22599983215332 4.21099996566772 3.26600003242493 4.34800004959106 4.31699991226196 4.28599977493286 4.25500011444092 2.875 0.263999998569489 0.167999997735023 0.273000001907349 0.981000006198883 3.14000010490417 5.30000019073486 6.43400001525879 7.42899990081787 8.41600036621094 9.08100032806396 9.19900035858154 9.89599990844727 10.3229999542236 10.3800001144409 10.5249996185303 10.3629999160767 8.67099952697754 8.43099975585938 7.03599977493286 5.75600004196167 4.69000005722046
6.40000009536743 5.77199983596802 5.07800006866455 4.33699989318848 3.56699991226196 3.48900008201599 3.54999995231628 3.62299990653992 3.69600009918213 3.76900005340576 4.17700004577637 4.88000011444092 5.58300018310547 5.97900009155273 6.59999990463257 7.13800001144409 6.2350001335144 6.33199977874756 4.88500022888184 3.91700005531311 2.84500002861023 1.77300000190735 1.48699998855591 1.4559999704361 0.208000004291534 0.218999996781349 0.31700000166893 1.84899997711182 3.71600008010864 4.71099996566772 5.70699977874756 6.70300006866455 8.11299991607666 9.08500003814697 8.94900035858154 10.2639999389648 10.7049999237061 10.4969997406006 10.2259998321533 10.2480001449585 8.45499992370605 5.44799995422363 5.26000022888184 4.13600015640259 2.99300003051758
6.72700023651123 6.28000020980835 5.63100004196167 4.86899995803833 4.41499996185303 4.3899998664856 4.46299982070923 4.53599977493286 4.60900020599365 4.68300008773804 4.75600004196167 5.1100001335144 5.94199991226196 6.21299982070923 6.41499996185303 8.53499984741211 8.74100017547607 8.14000034332275 6.70599985122681 5.35699987411499 4.84499979019165 3.77300000190735 2.45700001716614 0.966000020503998 0.363999992609024 0.361000001430511 0.558000028133392 1.99300003051758 2.98900008201599 4.13899993896484 5.34700012207031 6.55499982833862 7.9060001373291 8.51799964904785 9.04899978637695 10.4899997711182 10.5790004730225 10.4680004119873 10.1379995346069 9.87199974060059 8.47200012207031 4.10300016403198 3.0699999332428 2.08899998664856 1.29499995708466
6.69999980926514 7.09999990463257 6.8270001411438 6.31300020217896 5.98899984359741 4.39099979400635 3.78900003433228 4.05100011825562 4.31300020217896 4.57600021362305 4.96799993515015 5.48299980163574 6.25400018692017 6.71199989318848 8.77099990844727 9.60499954223633 9.48700046539307 9.22799968719482 8.17700004577637 6.35500001907349 5.8439998626709 4.58699989318848 2.92799997329712 1.06900000572205 0.651000022888184 0.629999995231628 0.649999976158142 1.82299995422363 2.99600005149841 4.16900014877319 5.23000001907349 6.24599981307983 7.25600004196167 7.70800018310547 8.92500019073486 9.7519998550415 9.89599990844727 9.62399959564209 9.51299953460693 9.10499954223633 5.24300003051758 3.52099990844727 1.72599995136261 0.691999971866608 0.263000011444092
7.58599996566772 7.96099996566772 8.06400012969971 7.86100006103516 7.2979998588562 5.75500011444092 4.17899990081787 4.3899998664856 4.91900014877319 4.94999980926514 4.98199987411499 5.01300001144409 6.19999980926514 6.7810001373291 9.88300037384033 9.9379997253418 9.99100017547607 9.88500022888184 9.66899967193604 7.94999980926514 6.90199995040894 5.67000007629395 3.44600009918213 1.45899999141693 0.759999990463257 0.764999985694885 0.555999994277954 1.72599995136261 2.74300003051758 3.75999999046326 4.7649998664856 5.75400018692017 6.74200010299683 6.01999998092651 8.73499965667725 9.42599964141846 9.19999980926514 7.79199981689453 6.78700017929077 4.79099988937378 2.01399993896484 1.73800003528595 0.381999999284744 0.291000008583069 0.24099999666214
8.47500038146973 8.50800037384033 8.70199966430664 8.61299991607666 7.89900016784668 7.41099977493286 6.08500003814697 5.65399980545044 5.61999988555908 5.58599996566772 4.87900018692017 4.79099988937378 6.35200023651123 7.73699998855591 9.54199981689453 9.96700000762939 10.4280004501343 10.8070001602173 9.75699996948242 8.4709997177124 7.4060001373291 6.36399984359741 5.01200008392334 3.48499989509583 1.13499999046326 0.966000020503998 0.419999986886978 1.12600004673004 2.11500000953674 3.1029999256134 4.09100008010864 5.07999992370605 5.36100006103516 4.53800010681152 4.32299995422363 9.09099960327148 6.15199995040894 2.2590000629425 0.629999995231628 0.66100001335144 0.492000013589859 0.323000013828278 0.301999986171722 0.28999999165535 0.151999995112419
7.96600008010864 9.46199989318848 9.60999965667725 9.06700038909912 8.14599990844727 7.46799993515015 6.97499990463257 5.87400007247925 4.99599981307983 4.11800003051758 4.35200023651123 4.85400009155273 6.38399982452393 7.63899993896484 8.86299991607666 9.99600028991699 10.4350004196167 10.4390001296997 9.78999996185303 8.88599967956543 6.85300016403198 5.85099983215332 5.27600002288818 3.38800001144409 0.737999975681305 0.515999972820282 0.47299998998642 0.546999990940094 1.44099998474121 2.42899990081787 3.41700005531311 4.40500020980835 3.63499999046326 2.95799994468689 3.15300011634827 6.44000005722046 6.19600009918213 0.663999974727631 0.674000024795532 0.748000025749207 0.72299998998642 0.372999995946884 0.358999997377396 0.0989999994635582 0.063000001013279
