01_datasets/03_gis/02_asc_chm-r50m/HS220H.asc
NCOLS 200 
NROWS 201 
XLLCORNER 572220 
YLLCORNER 5219319.5 
CELLSIZE 0.5 
NODATA_value -3.4e+38 
[rows 60 to 79 of 201, columns 0 to 45 of 200]
-3.4e+38 -3.4e+38 -3.4e+38 -3.4e+38 -3.4e+38 -3.4e+38 -3.4e+38 -3.4e+38 -3.4e+38 20.1240005493164 20.5510005950928 20.753999710083 19.3320007324219 16.1809997558594 10.8839998245239 14.3909997940063 20.6420001983643 26.4249992370605 28.0400009155273 28.0729999542236 28.3649997711182 31.2859992980957 33.273998260498 33.8979988098145 34.4249992370605 34.7680015563965 34.875 34.7109985351562 33.5120010375977 32.1310005187988 32.1230010986328 31.2770004272461 30.238000869751 9.44099998474121 9.26299953460693 9.35000038146973 9.84200000762939 9.8439998626709 9.47500038146973 9.64200019836426 14.6400003433228 25.492000579834 27.3150005340576 26.1009998321533 27.6730003356934 29.0659999847412
-3.4e+38 -3.4e+38 -3.4e+38 -3.4e+38 -3.4e+38 -3.4e+38 -3.4e+38 -3.4e+38 -3.4e+38 23.5009994506836 22.9610004425049 21.4950008392334 19.3020000457764 18.1399993896484 15.6020002365112 16.9020004272461 23.2590007781982 27.0809993743896 27.7250003814697 29.1480007171631 29.4780006408691 30.67799949646 32.7239990234375 33.6189994812012 34.3959999084473 35.2669982910156 34.8849983215332 34.3330001831055 33.4129981994629 32.2249984741211 32.1180000305176 32.2980003356934 31.5990009307861 15.5299997329712 11.0139999389648 9.04599952697754 9.32199954986572 9.46100044250488 9.25399971008301 9.65200042724609 16.5109996795654 24.4300003051758 24.5830001831055 23.9340000152588 25.7360000610352 26.6539993286133
-3.4e+38 -3.4e+38 -3.4e+38 -3.4e+38 -3.4e+38 -3.4e+38 -3.4e+38 -3.4e+38 22.931999206543 23.6259994506836 21.826000213623 20.3850002288818 19.4179992675781 14.9700002670288 11.1499996185303 13.9160003662109 25.3379993438721 25.7940006256104 26.1560001373291 28.7910003662109 30.9409999847412 32.5919990539551 33.3530006408691 34.0839996337891 34.4490013122559 35.6310005187988 35.4179992675781 34.5830001831055 33.3330001831055 32.6949996948242 32.5289993286133 32.5620002746582 32.1809997558594 23.2000007629395 14.9160003662109 8.75599956512451 8.3459997177124 11.3920001983643 9.09000015258789 9.20899963378906 22.0200004577637 25.5020008087158 24.0890007019043 24.4300003051758 26.0669994354248 26.9179992675781
-3.4e+38 -3.4e+38 -3.4e+38 -3.4e+38 -3.4e+38 -3.4e+38 -3.4e+38 -3.4e+38 22.6070003509521 22.4419994354248 19.1520004272461 17.0400009155273 15.5979995727539 12.3839998245239 6.71199989318848 19.0139999389648 25.7019996643066 25.9950008392334 27.4990005493164 29.4969997406006 31.5310001373291 33.0050010681152 33.7299995422363 34.3349990844727 34.7980003356934 35.2309989929199 34.6510009765625 34.4150009155273 33.6500015258789 33.8390007019043 34.2779998779297 33.7439994812012 33.7869987487793 32.5610008239746 28.0030002593994 22.2220001220703 21.0669994354248 23.6979999542236 13.1070003509521 7.44600009918213 24.1469993591309 29.9750003814697 28.4130001068115 24.75 25.9309997558594 27.9829998016357
-3.4e+38 -3.4e+38 -3.4e+38 -3.4e+38 -3.4e+38 -3.4e+38 -3.4e+38 17.5879993438721 20.5450000762939 19.548999786377 16.3360004425049 11.8809995651245 8.60599994659424 7.69999980926514 6.03200006484985 18.8570003509521 23.628999710083 25.7950000762939 28.4930000305176 29.246000289917 31.1959991455078 32.6349983215332 33.5540008544922 34.3269996643066 34.798999786377 34.3730010986328 33.8300018310547 33.7280006408691 33.4910011291504 33.8880004882812 34.5390014648438 34.5909996032715 34.3269996643066 34.2140007019043 32.8849983215332 30.9599990844727 29.7269992828369 28.8470001220703 19.2169990539551 23.6009998321533 32.2470016479492 31.8320007324219 30.4680004119873 29.6860008239746 28.1119995117188 29.4090003967285
-3.4e+38 -3.4e+38 -3.4e+38 -3.4e+38 -3.4e+38 -3.4e+38 -3.4e+38 18.6909999847412 17.3250007629395 16.6469993591309 15.4449996948242 13.789999961853 9.42500019073486 7.07000017166138 11.5740003585815 17.3330001831055 17.8050003051758 21.9449996948242 26.7670001983643 29.1140003204346 29.5729999542236 32.0929985046387 32.5219993591309 33.4309997558594 34.0460014343262 33.5270004272461 33.4669990539551 33.5069999694824 33.4729995727539 33.9370002746582 34.7669982910156 35.5089988708496 35.4959983825684 35.576000213623 35.5289993286133 34.0839996337891 32.5900001525879 29.693000793457 29.6909999847412 30.8619995117188 32.6619987487793 33.015998840332 31.3129997253418 31.6480007171631 30.4069995880127 30.55299949646
-3.4e+38 -3.4e+38 -3.4e+38 -3.4e+38 -3.4e+38 -3.4e+38 12.8420000076294 17.5590000152588 12.1840000152588 13.9020004272461 11.7770004272461 10.53600025177 8.85400009155273 8.48999977111816 12.2819995880127 15.0229997634888 20.0900001525879 25.0809993743896 25.076000213623 27.8020000457764 29.1380004882812 31.4580001831055 32.5410003662109 32.7019996643066 32.9589996337891 33.6020011901855 33.3950004577637 33.4910011291504 34.734001159668 35.1419982910156 37.0429992675781 37.648998260498 37.2919998168945 37.3009986877441 35.8279991149902 35.2869987487793 34.8199996948242 32.2239990234375 30.6009998321533 32.7540016174316 33.2249984741211 33.6699981689453 32.8190002441406 33.298999786377 32.2879981994629 32.7529983520508
-3.4e+38 -3.4e+38 -3.4e+38 -3.4e+38 -3.4e+38 -3.4e+38 16.4220008850098 11.3219995498657 8.18000030517578 6.27199983596802 3.90899991989136 3.53500008583069 4.88800001144409 5.87200021743774 5.30900001525879 14.9440002441406 22.8059997558594 25.2059993743896 25.5960006713867 27.1539993286133 28.6529998779297 29.4610004425049 32.3330001831055 32.1310005187988 31.7639999389648 32.3619995117188 33.3520011901855 34.2169990539551 35.476001739502 36.0509986877441 37.601001739502 38.5699996948242 38.2519989013672 37.8860015869141 35.939998626709 35.3349990844727 34.640998840332 33.3580017089844 31.8379993438721 33.9480018615723 34.0540008544922 34.2290000915527 34.0219993591309 33.7229995727539 33.7190017700195 33.7680015563965
-3.4e+38 -3.4e+38 -3.4e+38 -3.4e+38 -3.4e+38 9.17199993133545 8.75100040435791 1.64100003242493 6.1230001449585 6.22200012207031 5.23199987411499 4.59700012207031 6.33599996566772 11.0679998397827 10.6960000991821 14.1079998016357 17.3899993896484 22.8020000457764 25.2649993896484 25.9099998474121 26.3819999694824 27.1849994659424 31.0030002593994 31.5249996185303 31.4039993286133 31.4309997558594 32.2729988098145 34.451000213623 35.0989990234375 36.7120018005371 38.7540016174316 39.7949981689453 39.4910011291504 38.439998626709 36.8440017700195 35.3059997558594 34.6430015563965 33.2890014648438 33.5169982910156 33.7770004272461 33.9210014343262 34.1450004577637 34.0960006713867 33.8460006713867 33.8289985656738 34.4370002746582
-3.4e+38 -3.4e+38 -3.4e+38 -3.4e+38 -3.4e+38 6.16200017929077 5.11100006103516 4.78999996185303 6.23799991607666 6.59899997711182 7.07499980926514 6.76999998092651 7.36499977111816 11.2469997406006 12.4840002059937 14.5909996032715 15.1009998321533 21.4850006103516 25.2479991912842 16.7749996185303 21.5359992980957 25.5380001068115 28.2430000305176 30.1730003356934 30.7229995727539 30.738000869751 30.5769996643066 33.6129989624023 35.4480018615723 37.2830009460449 38.6360015869141 40.0390014648438 39.398998260498 38.5299987792969 37.2649993896484 35.6940002441406 35.3240013122559 34.5379981994629 34.0449981689453 33.2200012207031 33.3610000610352 33.7690010070801 33.7459983825684 33.2290000915527 33.4729995727539 34.6209983825684
-3.4e+38 -3.4e+38 -3.4e+38 -3.4e+38 -3.4e+38 4.63299989700317 4.72200012207031 5.83099985122681 6.87400007247925 6.87599992752075 7.57100009918213 7.3289999961853 7.87099981307983 10.8699998855591 10.1929998397827 10.173999786377 11.4010000228882 17.2830009460449 21.6760005950928 14.5950002670288 14.6820001602173 15.3090000152588 21.4340000152588 26.5639991760254 26.0590000152588 27.6259994506836 30.1660003662109 33.7379989624023 35.5009994506836 36.9980010986328 38.1689987182617 39.3769989013672 39.1139984130859 38.3300018310547 37.8409996032715 36.8409996032715 35.4360008239746 34.5830001831055 33.5890007019043 32.3089981079102 31.8810005187988 32.8170013427734 32.7410011291504 31.8500003814697 31.7819995880127 34.7919998168945
-3.4e+38 -3.4e+38 -3.4e+38 -3.4e+38 -3.4e+38 7.00099992752075 6.01200008392334 5.33799982070923 8.11299991607666 8.27099990844727 8.06400012969971 8.89099979400635 7.31300020217896 7.31199979782104 5.6729998588562 4.04699993133545 4.77199983596802 10.5920000076294 13.1529998779297 13.0340003967285 12.5299997329712 12.8929996490479 11.2700004577637 17.0830001831055 18.1909999847412 21.9969997406006 29.0939998626709 31.4689998626709 35.306999206543 36.6780014038086 37.3409996032715 37.6279983520508 37.443000793457 37.2169990539551 36.818000793457 36.4889984130859 34.8489990234375 34.3300018310547 33.6529998779297 32.9609985351562 32.2299995422363 31.9249992370605 31.5440006256104 31.3430004119873 31.3360004425049 32.2919998168945
-3.4e+38 -3.4e+38 -3.4e+38 -3.4e+38 15.0419998168945 15.7530002593994 15.414999961853 7.45599985122681 11.1079998016357 9.48900032043457 9.86400032043457 9.45400047302246 8.04399967193604 7.83300018310547 7.61499977111816 6.51700019836426 5.2519998550415 8.07999992370605 9.89500045776367 9.75500011444092 8.80599975585938 8.39200019836426 5.63800001144409 7.65700006484985 14.1949996948242 22.8239994049072 27.5480003356934 30.1879997253418 34.3629989624023 34.7879981994629 35.2550010681152 35.6889991760254 35.3849983215332 35.4389991760254 35.3730010986328 35.1510009765625 35.189998626709 34.9109992980957 33.8289985656738 33.4869995117188 33.1809997558594 32.5250015258789 31.3689994812012 30.6879997253418 30.6630001068115 30.0060005187988
-3.4e+38 -3.4e+38 -3.4e+38 -3.4e+38 15.1099996566772 22.8269996643066 25.5279998779297 22.2350006103516 16.6439990997314 13.1540002822876 10.0240001678467 9.48299980163574 8.15900039672852 7.60799980163574 7.19099998474121 5.94299983978271 4.68599987030029 5.56199979782104 7.42600011825562 6.47599983215332 5.52699995040894 5.11700010299683 9.0649995803833 11.2679996490479 12.1009998321533 22.0900001525879 26.6499996185303 29.3840007781982 33.0950012207031 34.5260009765625 35.1279983520508 35.2569999694824 35.060001373291 35.5130004882812 35.2999992370605 34.9659996032715 35.5499992370605 35.2649993896484 34.7130012512207 34.1920013427734 33.7599983215332 32.548999786377 30.7549991607666 29.507999420166 29.4150009155273 29.7070007324219
-3.4e+38 -3.4e+38 -3.4e+38 -3.4e+38 25.1089992523193 30.3659992218018 35.3699989318848 31.0690002441406 21.5279998779297 12.8909997940063 9.20800018310547 8.32699966430664 7.49599981307983 7.22300004959106 6.93800020217896 5.80299997329712 5.01999998092651 4.3769998550415 4.58900022506714 4.97800016403198 5.36800003051758 5.75699996948242 9.74300003051758 10.9779996871948 10.5010004043579 14.1639995574951 18.988000869751 23.132999420166 28.7240009307861 33.9630012512207 34.3889999389648 34.2919998168945 33.7360000610352 33.9990005493164 35.4440002441406 35.7910003662109 36.0460014343262 36.8979988098145 36.617000579834 34.4529991149902 33.7480010986328 32.023998260498 29.2679996490479 28.5459995269775 28.878999710083 28.8759994506836
-3.4e+38 -3.4e+38 -3.4e+38 -3.4e+38 34.2019996643066 36.015998840332 35.564998626709 32.3219985961914 26.1800003051758 21.32200050354 14.2430000305176 10.6619997024536 9.39400005340576 7.15999984741211 6.17700004577637 5.51399993896484 4.92700004577637 5.50400018692017 5.39300012588501 5.30900001525879 5.70800018310547 6.10599994659424 9 11.1029996871948 10.8129997253418 10.331000328064 10.3640003204346 12.0719995498657 23.363000869751 31.6000003814697 29.5330009460449 30.8439998626709 29.9220008850098 30.5020008087158 33.5800018310547 35.5670013427734 36.6580009460449 37.7630004882812 37.4490013122559 35.9309997558594 34.5800018310547 32.2750015258789 29.0990009307861 27.6989994049072 24.5820007324219 24.0319995880127
-3.4e+38 -3.4e+38 -3.4e+38 -3.4e+38 37.185001373291 38.1180000305176 37.523998260498 35.5330009460449 32.359001159668 30.1630001068115 24.0830001831055 20.8889999389648 16.7900009155273 15.3439998626709 8.96500015258789 7.55900001525879 14.5329999923706 15.9079999923706 6.88500022888184 6.50600004196167 6.1269998550415 6.65500020980835 8.90100002288818 15.6429996490479 18.9260005950928 18.5359992980957 17.6410007476807 11.3109998703003 20.3600006103516 28.1959991455078 25.4529991149902 27.3959999084473 27.6959991455078 31.3379993438721 34.4550018310547 36.4990005493164 38.351001739502 38.8440017700195 37.931999206543 36.8380012512207 35.2179985046387 33.2220001220703 30.3530006408691 25.0590000152588 18.9029998779297 18.75
-3.4e+38 -3.4e+38 -3.4e+38 30.8479995727539 37.6809997558594 38.4000015258789 38.5639991760254 37.2039985656738 37.2080001831055 35.0149993896484 32.3549995422363 27.4549999237061 24.1849994659424 20.9160003662109 25.048999786377 19.2490005493164 23.878999710083 26.4890003204346 13.4259996414185 6.71400022506714 10.1820001602173 11.3739995956421 9.76000022888184 23.1049995422363 27.2840003967285 25.1620006561279 24.701000213623 17.9790000915527 9.79300022125244 21.6450004577637 26.4009990692139 24.3040008544922 25.67799949646 28.4409999847412 33.9850006103516 36.4059982299805 37.4550018310547 37.6209983825684 37.734001159668 37.0950012207031 34.9889984130859 33.4220008850098 29.125 23.4850006103516 16.9680004119873 16.0939998626709
-3.4e+38 -3.4e+38 -3.4e+38 37.1469993591309 38.0589981079102 38.8940010070801 39.318000793457 38.734001159668 37.8779983520508 37.1790008544922 33.0769996643066 32.5559997558594 30.6490001678467 27.9890003204346 27.2080001831055 27.4139995574951 28.0769996643066 28.5809993743896 27.1469993591309 22.0540008544922 25.8379993438721 21.6000003814697 13.6140003204346 27.121000289917 32.314998626709 30.5319995880127 30.3819999694824 28.7980003356934 26.7700004577637 26.4650001525879 25.80299949646 24.5209999084473 22.1690006256104 25.8850002288818 34.4210014343262 34.984001159668 35.8059997558594 36.3969993591309 36.4889984130859 35.4669990539551 34.6940002441406 31.1660003662109 24.5669994354248 19.2630004882812 16.3360004425049 16.1459999084473
-3.4e+38 -3.4e+38 -3.4e+38 37.7299995422363 39.1230010986328 39.8209991455078 40.1669998168945 38.9790000915527 38.7820014953613 38.4640007019043 37.2299995422363 34.0330009460449 31.867000579834 28.117000579834 27.7310009002686 28.6350002288818 29.4820003509521 29.5590000152588 29.0149993896484 26.9869995117188 27.5410003662109 24.2119998931885 17.621000289917 28.0629997253418 33.4389991760254 34.5190010070801 35.0519981384277 35.1759986877441 34.3199996948242 32.9000015258789 32.9169998168945 29.3050003051758 28.0620002746582 31.9759998321533 34.0250015258789 34.2109985351562 35.3429985046387 35.3969993591309 34.9860000610352 34.935001373291 31.7880001068115 25.5890007019043 21.7950000762939 18.5289993286133 14.7670001983643 13.7150001525879
