01_datasets/03_gis/02_asc_chm-r50m/HS221B.asc
NCOLS 200 
NROWS 200 
XLLCORNER 567926 
YLLCORNER 5222690.5 
CELLSIZE 0.5 
NODATA_value -3.4e+38 
[rows 20 to 39 of 200, columns 92 to 137 of 200]
13.4689998626709 21.5419998168945 23.3799991607666 24.1060009002686 23.6989994049072 23.2029991149902 19.6149997711182 21.7150001525879 24.9669990539551 25.9090003967285 27.9990005493164 29.7259998321533 30.2240009307861 33.0989990234375 33.4609985351562 34.273998260498 34.7050018310547 34.7309989929199 35.5730018615723 36.0610008239746 36.1310005187988 35.576000213623 34.9609985351562 33.4150009155273 31.8439998626709 30.7660007476807 28.6580009460449 22.2910003662109 12.7670001983643 14.9139995574951 15.6040000915527 15.4040002822876 14.8470001220703 13.9490003585815 11.8079996109009 12.5030002593994 15.2720003128052 24.5240001678467 27.9610004425049 28.8239994049072 30.5550003051758 31.886999130249 32.2849998474121 32.1160011291504 31.8780002593994 27.8509998321533
19.1499996185303 23.6149997711182 25.2849998474121 25.4939994812012 26.0830001831055 24.9190006256104 22.4039993286133 22.0729999542236 23.6709995269775 24.871000289917 26.548999786377 28.3899993896484 29.6749992370605 31.5400009155273 32.6689987182617 33.5029983520508 33.5379981994629 33.0900001525879 34.673999786377 35.443000793457 35.6419982910156 35.0260009765625 34.0909996032715 32.8240013122559 31.3689994812012 29.7199993133545 27.3439998626709 25.9640007019043 14.7889995574951 15.8179998397827 16.496000289917 16.242000579834 16.1110000610352 14.6269998550415 13.3549995422363 12.7069997787476 14.9720001220703 22.8549995422363 26.6979999542236 27.8819999694824 29.0620002746582 30.7099990844727 30.9459991455078 31.3309993743896 28.8589992523193 21.7390003204346
17.4150009155273 24.5979995727539 26.4930000305176 26.8239994049072 26.8859996795654 24.6399993896484 22.6159992218018 21.6429996490479 20.7320003509521 22.5200004577637 25.1019992828369 26.3080005645752 28.0370006561279 28.7150001525879 30.8229999542236 31.9659996032715 31.8950004577637 32.2470016479492 33.6539993286133 34.5509986877441 34.8610000610352 33.859001159668 32.8209991455078 32.2980003356934 31.6529998779297 28.5310001373291 26.4260005950928 23.9589996337891 17.8199996948242 14.9519996643066 16.0590000152588 16.2469997406006 16.0610008239746 15.0179996490479 14.4090003967285 13.668999671936 15.8610000610352 23.2229995727539 23.7210006713867 23.6539993286133 28.9729995727539 29.5540008544922 29.9330005645752 29.5340003967285 26.367000579834 21.3950004577637
23.0259990692139 24.7210006713867 26.1159992218018 26.7770004272461 26.5799999237061 25.9009990692139 24.0659999847412 22.1060009002686 19.2849998474121 20.2679996490479 23.2369995117188 24.94700050354 26.3959999084473 27.6140003204346 28.4720001220703 30.4559993743896 31.6070003509521 32.0929985046387 33.4420013427734 33.8819999694824 34.3330001831055 33.3779983520508 31.9290008544922 30.9650001525879 29.6229991912842 27.3430004119873 24.9529991149902 20.3689994812012 13.66100025177 11.1660003662109 13.2040004730225 15.8170003890991 14.4139995574951 12.9770002365112 15.039999961853 14.9829998016357 17.0750007629395 19.8619995117188 18.4419994354248 17.4169998168945 24.9850006103516 21.9449996948242 25.9699993133545 28.4790000915527 23.4090003967285 12.8999996185303
22.3470001220703 23.8959999084473 25.3859996795654 26.5459995269775 25.8430004119873 24.7549991607666 23.9780006408691 21.5340003967285 18.2950000762939 20.451000213623 22.3199996948242 21.55299949646 22.867000579834 27.7189998626709 28.5060005187988 29.3929996490479 30.8159999847412 31.2129993438721 31.9790000915527 32.2480010986328 32.5859985351562 30.8619995117188 30.2759990692139 28.9769992828369 27.5240001678467 26.7229995727539 24.6439990997314 24.1599998474121 8.93099975585938 5.64599990844727 10.831000328064 13.835000038147 10.7390003204346 14.4429998397827 15.7489995956421 15.5459995269775 18.431999206543 19.1240005493164 18.617000579834 18.6770000457764 17.5690002441406 14.6999998092651 15.9350004196167 21.4899997711182 22.5599994659424 11.0959997177124
18.69700050354 22.8880004882812 24.2150001525879 25.1550006866455 24.3689994812012 22.9829998016357 22.5930004119873 19.746000289917 17.8369998931885 16.9120006561279 15.835000038147 17.8729991912842 18.9130001068115 25.1450004577637 27.4950008392334 29.5459995269775 30.0620002746582 30.4379997253418 31.0380001068115 30.5709991455078 30.6079998016357 28.201000213623 27.7649993896484 25.9969997406006 25.3379993438721 25.3059997558594 25.9330005645752 25.9559993743896 18.5410003662109 23.6450004577637 15.4169998168945 5.93499994277954 8.27400016784668 14.6490001678467 15.9049997329712 16.5370006561279 18.6299991607666 19.7980003356934 20.6389999389648 20.7880001068115 19.1340007781982 16.9160003662109 16.4610004425049 16.2789993286133 12.8330001831055 11.4250001907349
12.7810001373291 22.1270008087158 22.0370006561279 22.738000869751 22.7649993896484 21.8600006103516 21.1669998168945 19.6229991912842 19.0590000152588 16.7600002288818 16.3169994354248 20.3850002288818 19.0100002288818 22.8490009307861 24.7549991607666 27.3379993438721 27.943000793457 27.492000579834 28.7639999389648 28.9120006561279 29.3129997253418 27.9309997558594 27.2940006256104 26.1809997558594 25.7189998626709 25.8050003051758 26.5400009155273 27.0459995269775 27.1429996490479 26.0259990692139 18.7810001373291 9.0600004196167 7.70100021362305 10.6770000457764 13.9320001602173 13.418999671936 19.3479995727539 20.3400001525879 21.5330009460449 21.9160003662109 21.193000793457 20.3619995117188 19.4720001220703 17.9640007019043 13.9569997787476 12.7360000610352
13.1470003128052 20.3400001525879 20.6270008087158 20.8859996795654 20.5389995574951 17.5650005340576 20.2830009460449 20.1100006103516 20.443000793457 21.4389991760254 22.2150001525879 22.3080005645752 21.67799949646 21.2040004730225 21.2430000305176 22.7490005493164 22.4950008392334 23.3099994659424 24.2339992523193 25.9540004730225 27.9349994659424 27.2220001220703 26.2040004730225 26.0370006561279 25.9349994659424 26.5100002288818 27.6860008239746 28.5330009460449 28.0279998779297 26.8689994812012 24.4459991455078 13.9709997177124 9.35000038146973 11.3009996414185 14.3920001983643 15.0159997940063 18.8129997253418 20.7360000610352 22.1270008087158 22.7049999237061 22.0049991607666 20.4179992675781 19.0179996490479 18.3850002288818 14.1569995880127 13.3760004043579
11.3240003585815 14.5150003433228 13.5579996109009 13.2650003433228 16.2399997711182 7.35900020599365 20.6550006866455 21.1879997253418 22.9640007019043 24.0820007324219 24.4950008392334 24.3129997253418 22.8339996337891 21.9379997253418 22.0499992370605 22.5179996490479 22.4570007324219 18.0470008850098 22.3250007629395 23.8379993438721 25.9559993743896 24.6860008239746 24.4489994049072 24.3360004425049 24.9260005950928 26.5470008850098 27.8729991912842 28.4799995422363 28.1439990997314 27.2849998474121 24.8980007171631 15.8900003433228 10.9709997177124 11.2170000076294 15.9280004501343 17.2360000610352 20.2530002593994 21.2189998626709 22.6639995574951 22.4130001068115 22.5009994506836 20.2859992980957 19.3619995117188 17.9309997558594 14.871000289917 13.2880001068115
3.45799994468689 2.82800006866455 1.25800001621246 7.17700004577637 15.4160003662109 16.1499996185303 22.2970008850098 23.7840003967285 23.9160003662109 24.9680004119873 25.9500007629395 26.2150001525879 24.6389999389648 23.4850006103516 22.2159996032715 22.7779998779297 15.3819999694824 7.75899982452393 13.9130001068115 22.4829998016357 23.367000579834 24.0410003662109 23.2089996337891 18.9909992218018 18.4449996948242 25.3770008087158 27.451000213623 27.7810001373291 27.8409996032715 26.875 24.1909999847412 19.82200050354 15.7639999389648 16.2919998168945 18.3460006713867 18.1149997711182 19.2339992523193 20.9169998168945 22.0359992980957 21.7089996337891 21.1110000610352 19.9610004425049 19.0690002441406 15.8219995498657 15.6129999160767 15.1140003204346
10.3529996871948 4.30200004577637 4.7020001411438 11.1560001373291 17.8090000152588 21.2310009002686 23.8110008239746 24.3439998626709 26.4750003814697 27.57200050354 27.7129993438721 27.7520008087158 26.9599990844727 25.8430004119873 24.4370002746582 23.4230003356934 18.0809993743896 10.6789999008179 6.35200023651123 8.27799987792969 14.8159999847412 23.1340007781982 23.1299991607666 11.1370000839233 6.22700023651123 24.1590003967285 27.0669994354248 27.0090007781982 26.9710006713867 17.5879993438721 23.4309997558594 22.1660003662109 21.2019996643066 21.3509998321533 18.7929992675781 19.2029991149902 19.1019992828369 19.5069999694824 20.9069995880127 21.0860004425049 20.4839992523193 19.1909999847412 18.8880004882812 16.451000213623 15.5319995880127 14.3120002746582
12.0749998092651 6.28000020980835 4.15299987792969 8.27799987792969 16.8309993743896 20.7180004119873 23.7609996795654 24.9710006713867 27.6149997711182 29.44700050354 29.318000793457 29.3339996337891 28.7350006103516 26.9810009002686 25.3460006713867 23.761999130249 19.632999420166 18.3409996032715 14.7019996643066 8.42199993133545 6.0149998664856 16.0650005340576 20.5869998931885 8.23099994659424 6.08500003814697 19.2800006866455 20.5769996643066 21.7590007781982 19.8269996643066 7.65999984741211 17.5890007019043 22.6860008239746 23.8649997711182 24.4710006713867 21.9890003204346 20.8360004425049 18.0319995880127 17.6949996948242 18.8490009307861 19.3159999847412 19.6580009460449 17.6879997253418 17.2880001068115 16.0559997558594 15.0649995803833 14.3219995498657
17.306999206543 12.7440004348755 9.42399978637695 6.10099983215332 17.3290004730225 19.7129993438721 22.8369998931885 25.621000289917 28.1860008239746 30.0559997558594 30.7099990844727 30.7819995880127 29.5690002441406 27.7919998168945 26.3619995117188 23.7450008392334 19.5130004882812 19.2479991912842 18.05299949646 15.375 13.7589998245239 12.8819999694824 14.6960000991821 11.6709995269775 8.97000026702881 8.83800029754639 9.04599952697754 8.72599983215332 12.5900001525879 12.5579996109009 20.0499992370605 23.9069995880127 25.3850002288818 26.0669994354248 24.8400001525879 23.3129997253418 17.67799949646 16.8430004119873 15.1049995422363 15.1549997329712 15.9820003509521 16.7290000915527 15.3470001220703 15.7449998855591 15.1999998092651 14.7279996871948
20.1580009460449 17.576000213623 12.3120002746582 14.4980001449585 18.8570003509521 21.1669998168945 23.2520008087158 25.568000793457 28.5349998474121 30.3910007476807 31.0009994506836 30.943000793457 29.8080005645752 27.8889999389648 25.8999996185303 23.0240001678467 21.2059993743896 19.9449996948242 19.9610004425049 18.451000213623 17.4780006408691 16.4139995574951 13.668999671936 13.298999786377 11.8929996490479 12.0670003890991 10.5979995727539 9.80799961090088 8.53899955749512 11.8249998092651 21.2220001220703 24.6959991455078 24.8689994812012 25.2189998626709 23.9570007324219 24.1399993896484 22.7399997711182 17.6630001068115 14.1370000839233 13.9499998092651 15.0389995574951 14.8640003204346 13.1020002365112 12.8719997406006 13.5670003890991 12.3719997406006
21.5300006866455 17.8470001220703 10.8509998321533 14.2700004577637 17.2409992218018 20.742000579834 23.4290008544922 25.6280002593994 28.1189994812012 29.2889995574951 30.117000579834 29.9740009307861 29.2159996032715 28.2859992980957 25.3409996032715 23.2360000610352 22.6569995880127 22.7000007629395 22.1940002441406 20.8589992523193 17.6119995117188 17.1380004882812 15.3240003585815 15.2259998321533 15.0950002670288 13.8780002593994 13.2180004119873 11.1269998550415 9.50300025939941 10.2819995880127 18.8010005950928 22.6989994049072 22.0869998931885 23.2409992218018 23.2360000610352 19.2919998168945 18.1350002288818 14.4250001907349 14.2279996871948 13.8240003585815 14.1520004272461 13.0200004577637 11.0229997634888 11.9770002365112 12.2550001144409 11.6269998550415
22.6879997253418 16.7439994812012 12.5319995880127 12.8170003890991 14.4280004501343 19.0580005645752 22.3850002288818 23.4120006561279 25.5440006256104 28.0540008544922 28.3999996185303 27.9389991760254 27.9400005340576 26.367000579834 24.9109992980957 24.318000793457 24.4799995422363 24.0540008544922 23.5009994506836 23.3759994506836 22.1280002593994 21.4209995269775 19.9869995117188 18.7999992370605 17.8330001831055 14.2040004730225 12.4259996414185 11.9729995727539 10.9739999771118 10.0069999694824 12.125 18.1849994659424 18.9599990844727 21.9449996948242 21.5729999542236 18.9500007629395 19.9710006713867 18.82200050354 16.6499996185303 14.9130001068115 13.9209995269775 10.5329999923706 10.5419998168945 10.7609996795654 11.5120000839233 10.4949998855591
20.951000213623 17.6679992675781 13.2370004653931 15.2329998016357 17.2290000915527 19.44700050354 21.8120002746582 22.7369995117188 22.9389991760254 26.1229991912842 26.4519996643066 25.8560009002686 24.7070007324219 24.5639991760254 23.0389995574951 25.5480003356934 26.326000213623 25.7759990692139 25.621000289917 25.1040000915527 25.1800003051758 25.5200004577637 22.9799995422363 21.4570007324219 19.8799991607666 19.3570003509521 15.1809997558594 12.5159997940063 11.6359996795654 10.8470001220703 9.06999969482422 9.94799995422363 9.48499965667725 19.0130004882812 22.1030006408691 19.673999786377 21.8910007476807 21.5620002746582 17.8700008392334 14.3540000915527 9.86699962615967 8.5649995803833 10.2729997634888 10.4720001220703 9.93000030517578 8.26399993896484
20.0830001831055 18.2800006866455 14.6000003814697 15.9449996948242 17.4249992370605 19.9139995574951 20.1809997558594 22.371000289917 22.6860008239746 24.2759990692139 23.2150001525879 23.5300006866455 23.5429992675781 20.8209991455078 22.5809993743896 26.55299949646 27.1410007476807 28.1040000915527 29.5659999847412 29.6509990692139 29.375 29.3939990997314 27.1790008544922 25.4549999237061 21.6919994354248 18.6180000305176 14.3229999542236 14.5590000152588 13.4010000228882 14.3620004653931 9.08699989318848 7.87099981307983 11.039999961853 17.5 22.488000869751 24.2369995117188 24.9720001220703 22.8619995117188 19.80299949646 12.4890003204346 5.9060001373291 4.6399998664856 6.4539999961853 6.02199983596802 3.40700006484985 4.1729998588562
17.9409999847412 15.3409996032715 15.71399974823 17.3479995727539 19.0739994049072 23.5139999389648 23.6420001983643 21.3950004577637 21.9459991455078 21.9270000457764 22.7199993133545 22.8390007019043 20.3110008239746 18.4610004425049 21.7859992980957 28.05299949646 29.3649997711182 30.9060001373291 31.8050003051758 30.4720001220703 30.8080005645752 30.3990001678467 28.9659996032715 24.5949993133545 21.2059993743896 19.4589996337891 16.6949996948242 18.9249992370605 20.8600006103516 20.6690006256104 18.2000007629395 11.2849998474121 15.2150001525879 19.1420001983643 23.1310005187988 24.6520004272461 26.6550006866455 26.7220001220703 23.0380001068115 11.253999710083 2.53200006484985 2.01300001144409 0.921999990940094 0.382999986410141 0.564999997615814 1.71099996566772
17.2880001068115 15.7969999313354 17.1110000610352 18.8299999237061 22.5480003356934 26.1700000762939 25.2049999237061 22.9759998321533 24.6569995880127 26.0139999389648 26.6270008087158 25.0419998168945 20.8099994659424 17.9169998168945 19.9309997558594 26.6119995117188 31.5799999237061 33.2080001831055 33.5410003662109 33.1790008544922 32.9000015258789 31.7409992218018 30.3279991149902 22.9360008239746 21.7240009307861 18.0459995269775 18.8139991760254 24.1000003814697 23.7560005187988 24.0389995574951 25.2070007324219 23.6380004882812 21.6149997711182 20.0400009155273 22.7299995422363 25.2849998474121 26.8920001983643 26.2749996185303 23.6639995574951 14.0319995880127 2.33999991416931 2.3840000629425 1.3309999704361 0.703999996185303 0.749000012874603 7.68599987030029
