01_datasets/03_gis/02_asc_chm-r50m/HS222C.asc
NCOLS 200 
NROWS 200 
XLLCORNER 571011 
YLLCORNER 5220161.5 
CELLSIZE 0.5 
NODATA_value -3.4e+38 
[rows 100 to 119 of 200, columns 0 to 45 of 200]
25.535999298095700 24.0069999694824 23.6620006561279 23.5869998931885 23.9179992675781 25.6070003509521 25.4759998321533 25.5450000762939 27.0939998626709 26.5219993591309 25.6499996185303 24.1860008239746 23.2600002288818 22.5049991607666 21.0389995574951 21.7299995422363 24.5990009307861 25.8439998626709 27.2859992980957 26.9529991149902 28.4829998016357 27.5480003356934 26.2329998016357 23.8570003509521 17.6679992675781 18.2479991912842 19.7549991607666 21.4740009307861 21.753999710083 21.8020000457764 21.5470008850098 20.7409992218018 18.8929996490479 16.5030002593994 14.7969999313354 13.5209999084473 9.52299976348877 14.4949998855591 16.1509990692139 22.6000003814697 24.2269992828369 23.6989994049072 24.0849990844727 23.9209995269775 23.6889991760254 23.5510005950928
25.0149993896484 24.7919998168945 22.8059997558594 23.4680004119873 24.5450000762939 26.6490001678467 27.4349994659424 27.7259998321533 28.3059997558594 28.3409996032715 27.5709991455078 25.2819995880127 22.9850006103516 22.6240005493164 19.3600006103516 20.3899993896484 20.2849998474121 23.636999130249 24.6490001678467 23.628999710083 25.0090007781982 24.5639991760254 24.492000579834 21.753999710083 17.0970001220703 18.173999786377 19.0179996490479 20.7199993133545 21.4570007324219 20.8509998321533 20.9160003662109 20.1000003814697 19.0200004577637 16.8910007476807 15.5819997787476 12.5609998703003 8.30099964141846 10.7329998016357 15.6660003662109 27.8139991760254 28.0149993896484 26.0209999084473 23.6669998168945 23.6000003814697 23.382999420166 23.2970008850098
26.5639991760254 25.8770008087158 22.6630001068115 23.6730003356934 25.5300006866455 27.05299949646 28.5359992980957 29.0310001373291 29.6840000152588 29.4519996643066 28.8309993743896 27.9780006408691 26.1469993591309 23.8040008544922 17.69700050354 16.386999130249 17.6749992370605 19.3080005645752 22.2159996032715 21.2919998168945 21.2129993438721 22.2980003356934 20.0179996490479 16.2099990844727 12.3830003738403 16.9740009307861 19.246000289917 20.3239994049072 20.7859992980957 24.5669994354248 23.2770004272461 20.996000289917 19.9209995269775 18.5240001678467 17.5650005340576 12.7609996795654 6.57499980926514 8.06099987030029 14.2980003356934 27.4449996948242 30.6509990692139 28.7339992523193 25.8980007171631 23.3589992523193 22.9990005493164 22.9389991760254
26.9979991912842 25.7970008850098 23.2159996032715 24.4300003051758 26.2700004577637 27.6569995880127 29.2749996185303 30.136999130249 30.4150009155273 30.3850002288818 29.7639999389648 28.8610000610352 27.7819995880127 23.8549995422363 17.9599990844727 17.0990009307861 17.8040008544922 18.9160003662109 18.1359996795654 18.2469997406006 17.8099994659424 18.3549995422363 14.1280002593994 9.84200000762939 15.5640001296997 19.1690006256104 19.8910007476807 24.2439994812012 25.6100006103516 26.7439994812012 25.6060009002686 21.5739994049072 20.0990009307861 19.1700000762939 18.5009994506836 15.2779998779297 8.72000026702881 9.68000030517578 13.923999786377 19.9829998016357 28.4589996337891 30.9360008239746 28.8910007476807 25.4799995422363 23.951000213623 23.2830009460449
26.2719993591309 25.0890007019043 23.2649993896484 23.0970001220703 25.1140003204346 27.2830009460449 28.9979991912842 29.9230003356934 30.9349994659424 31.2549991607666 30.0279998779297 29.1270008087158 26.9300003051758 24.5949993133545 18.9650001525879 19.2259998321533 18.2080001831055 17.8229999542236 19.6420001983643 19.6410007476807 18.0459995269775 17.3320007324219 16.6459999084473 8.17399978637695 11.5920000076294 20.2299995422363 26.0380001068115 28.9589996337891 28.4689998626709 27.7819995880127 27.4050006866455 25.8449993133545 25.0820007324219 24.5189990997314 24.6119995117188 15.8719997406006 10.9130001068115 12.0570001602173 13.1759996414185 18.943000793457 26.8040008544922 30.382999420166 29.7040004730225 26.9099998474121 24.7549991607666 23.2749996185303
-3.4e+38 24.9090003967285 25.0179996490479 23.5160007476807 25.7929992675781 27.7689990997314 28.8880004882812 29.878999710083 30.318000793457 30.7199993133545 29.3360004425049 28.3649997711182 26.2590007781982 23.3430004119873 19.9270000457764 19.9559993743896 19.0340003967285 18.617000579834 22.7369995117188 23.8500003814697 21.556999206543 19.632999420166 19.1340007781982 8.69699954986572 17.9200000762939 24.0849990844727 28.8589992523193 29.7229995727539 29.693000793457 28.9619998931885 31.9459991455078 32.6889991760254 29.6270008087158 27.7940006256104 27.5060005187988 24.2679996490479 11.8769998550415 11.2329998016357 10.8959999084473 17.1399993896484 19.8309993743896 24.32200050354 28.2910003662109 27.8619995117188 26.4810009002686 21.9500007629395
-3.4e+38 25.8330001831055 26.3090000152588 25.3859996795654 26.7479991912842 27.0510005950928 27.875 29.3439998626709 28.92799949646 29.2779998779297 28.1259994506836 26.4270000457764 25.44700050354 23.6709995269775 19.1660003662109 15.8509998321533 20.7409992218018 21.8549995422363 24.9020004272461 24.4990005493164 23.8360004425049 22.9360008239746 20.6529998779297 19.6620006561279 27.503999710083 29.242000579834 31.0540008544922 30.0790004730225 32.6370010375977 34.4150009155273 35.5880012512207 37.0880012512207 35.4290008544922 33.5750007629395 30.6550006866455 29.5970001220703 12.5590000152588 12.168999671936 12.4449996948242 16.3139991760254 19.0909996032715 19.3640003204346 20.0499992370605 25.6830005645752 22.6200008392334 19.7339992523193
-3.4e+38 27.1240005493164 27.6070003509521 26.8500003814697 26.193000793457 26.1700000762939 26.9309997558594 27.4869995117188 26.8400001525879 27.6840000152588 26.9200000762939 25.2999992370605 24.6219997406006 23.8740005493164 20.4029998779297 21.0130004882812 24.4750003814697 25.5189990997314 26.0580005645752 26.306999206543 26.1119995117188 25.6439990997314 24.9029998779297 27.8010005950928 28.8010005950928 29.0020008087158 32.8110008239746 34.9220008850098 38.4860000610352 38.7970008850098 38.5579986572266 37.4780006408691 37.5970001220703 37.681999206543 36.0960006713867 33.2070007324219 28.0599994659424 19.1079998016357 16.7859992980957 18.9810009002686 19.0779991149902 19.7759990692139 20.3600006103516 21.3209991455078 19.2129993438721 17.8600006103516
-3.4e+38 27.7999992370605 28.261999130249 27.5769996643066 25.8419990539551 25.5400009155273 26.4990005493164 27.0189990997314 26.6599998474121 26.4060001373291 25.8560009002686 25.0839996337891 24.6040000915527 23.2609996795654 21.511999130249 23.5300006866455 26.1669998168945 26.5820007324219 27.0830001831055 27.1149997711182 27.2910003662109 26.6650009155273 26.2840003967285 28.6749992370605 29.0590000152588 29.4349994659424 37.7220001220703 37.9029998779297 39.0929985046387 39.9990005493164 40.1570014953613 39.5019989013672 38.9830017089844 38.7070007324219 37.1829986572266 35.0709991455078 30.2660007476807 23.1529998779297 21.7670001983643 20.4080009460449 19.9799995422363 20.2229995727539 19.8390007019043 19.2549991607666 18.1439990997314 16.7019996643066
-3.4e+38 27.253999710083 28.8880004882812 28.3209991455078 26.8560009002686 25.3339996337891 26.5030002593994 27.4559993743896 27.7719993591309 27.4179992675781 26.9009990692139 25.6009998321533 24.6100006103516 21.7450008392334 22.0480003356934 24.492000579834 25.7649993896484 26.7329998016357 27.423999786377 27.6550006866455 27.8509998321533 27.3190002441406 27.2479991912842 28.7549991607666 29.5109996795654 34.5169982910156 38.318000793457 39.3740005493164 40.3619995117188 40.8059997558594 40.5209999084473 40.056999206543 39.7540016174316 39.2700004577637 38.6279983520508 36.9480018615723 33.6990013122559 24.2700004577637 20.8589992523193 17.2129993438721 19.5520000457764 19.8939990997314 19.3880004882812 18.8719997406006 16.9680004119873 15.2329998016357
-3.4e+38 24.9829998016357 28.8150005340576 28.2560005187988 27.5990009307861 26.9659996032715 26.6709995269775 27.488000869751 28.238000869751 27.9599990844727 27.0440006256104 26.1949996948242 23.6229991912842 20.1690006256104 21.8409996032715 23.9249992370605 25.8999996185303 26.9850006103516 27.2819995880127 28.0090007781982 27.9720001220703 27.1650009155273 27.693000793457 28.8309993743896 29.5219993591309 34.7309989929199 39.0429992675781 40.0620002746582 40.9300003051758 41.0349998474121 41.314998626709 41.1699981689453 40.564998626709 39.7789993286133 38.8959999084473 37.7099990844727 34.2249984741211 28.9050006866455 21.056999206543 17.5849990844727 18.6509990692139 19.0440006256104 19.2689990997314 18.8400001525879 17.1189994812012 13.5939998626709
-3.4e+38 -3.4e+38 28.0650005340576 27.3799991607666 26.7140007019043 25.8939990997314 25.8540000915527 27.5310001373291 28.3269996643066 28.3290004730225 27.7560005187988 26.67799949646 21.8929996490479 19.5639991760254 19.9589996337891 22.193000793457 25.2029991149902 26.2880001068115 27.2360000610352 27.8349990844727 27.2159996032715 26.826000213623 28.0799999237061 28.6900005340576 28.9130001068115 35.2299995422363 40.242000579834 40.8610000610352 41.1300010681152 41.8129997253418 42.3740005493164 42.367000579834 41.1049995422363 40.2980003356934 39.6279983520508 38.3639984130859 32.7519989013672 26.9139995574951 23.2779998779297 16.4729995727539 16.9379997253418 17.3470001220703 19.3649997711182 20.7229995727539 17.9260005950928 14.8140001296997
-3.4e+38 -3.4e+38 27.3640003204346 26.5650005340576 26.0860004425049 24.878999710083 25.4160003662109 27.1660003662109 27.6580009460449 27.4990005493164 26.5610008239746 24.0879993438721 23.4060001373291 20.8640003204346 20.0259990692139 20.125 26.996000289917 26.7670001983643 28.0690002441406 28.632999420166 28.2250003814697 28.4780006408691 28.7840003967285 28.9540004730225 29.67799949646 32.3240013122559 40.1549987792969 41.1510009765625 41.3779983520508 41.8289985656738 42.3819999694824 42.7179985046387 41.7700004577637 40.7509994506836 39.6640014648438 37.8339996337891 37.242000579834 25.8349990844727 22.238000869751 17.2169990539551 15.4329996109009 16.5030002593994 22.7929992675781 24.628999710083 23.2080001831055 20.3269996643066
-3.4e+38 -3.4e+38 25.9810009002686 25.7310009002686 25.2310009002686 24.4659996032715 24.8840007781982 25.9950008392334 26.1979999542236 25.8859996795654 25.617000579834 24.1499996185303 23.8099994659424 22.5809993743896 22.5270004272461 23.056999206543 27.1959991455078 28.1800003051758 29.3059997558594 29.2210006713867 29.1240005493164 29.1070003509521 29.80299949646 31.4379997253418 32.6430015563965 34.4799995422363 38.1829986572266 41.0089988708496 41.2879981994629 41.1790008544922 41.9129981994629 42.5970001220703 42.398998260498 40.9370002746582 39.375 37.9700012207031 36.1150016784668 31.5540008544922 17.261999130249 14.6579999923706 16.9120006561279 21.871000289917 26.0830001831055 26.0440006256104 24.7660007476807 18.4169998168945
-3.4e+38 -3.4e+38 26.0419998168945 25.2299995422363 24.1909999847412 24.1310005187988 24.1749992370605 25.5179996490479 25.0389995574951 25.048999786377 25.0230007171631 24.44700050354 23.05299949646 22.2019996643066 20.511999130249 18.9169998168945 22.1310005187988 29.0020008087158 30.0410003662109 30.568000793457 31.0109996795654 31.8910007476807 32.5190010070801 33.7649993896484 34.1110000610352 34.931999206543 37.8440017700195 40.173999786377 40.8810005187988 40.7540016174316 41.4850006103516 41.9189987182617 41.0699996948242 40.4620018005371 39.0620002746582 37.1660003662109 34.8699989318848 33.3650016784668 21.0839996337891 15.923999786377 17.3939990997314 22.2469997406006 27.67799949646 26.4190006256104 22.1399993896484 32.2540016174316
-3.4e+38 -3.4e+38 27.4130001068115 26.2339992523193 25.4619998931885 24.3250007629395 23.4200000762939 24.1730003356934 23.7679996490479 24.0069999694824 24.1840000152588 24.3010005950928 21.9360008239746 19.9220008850098 18.0240001678467 17.5769996643066 16.1580009460449 25.4060001373291 31.7549991607666 33.185001373291 33.0859985351562 34.9970016479492 35.7789993286133 35.181999206543 35.5670013427734 35.7190017700195 37.4099998474121 39.7389984130859 40.6990013122559 40.5719985961914 40.9080009460449 40.6380004882812 40.132999420166 39.515998840332 38.2719993591309 35.6020011901855 34.5970001220703 33.9599990844727 30.8349990844727 16.7110004425049 15.0170001983643 17.2169990539551 26.6119995117188 30.6219997406006 38.2970008850098 41.5750007629395
-3.4e+38 -3.4e+38 28.6200008392334 27.4939994812012 24.8129997253418 20.5820007324219 20.4039993286133 22.2259998321533 23.2299995422363 23.3460006713867 23.1229991912842 22.2959995269775 20.9340000152588 20.0790004730225 17.7240009307861 16.7210006713867 22.0020008087158 31.121000289917 32.6570014953613 34.382999420166 34.7929992675781 35.7849998474121 36.2029991149902 36.0740013122559 36.6279983520508 36.8969993591309 38.2750015258789 38.5209999084473 39.7589988708496 39.4010009765625 39.4189987182617 39.3460006713867 39.2410011291504 38.5379981994629 36.8400001525879 35.4869995117188 35.2070007324219 33.773998260498 26.8880004882812 20.0020008087158 15.1870002746582 16.7569999694824 27.4489994049072 31.2630004882812 38.2120018005371 41.4480018615723
-3.4e+38 -3.4e+38 -3.4e+38 29.5860004425049 27.3020000457764 21.1089992523193 18.5970001220703 21.056999206543 22.1909999847412 21.9869995117188 21.2970008850098 19.8780002593994 19.9330005645752 18.8349990844727 16.431999206543 16.5370006561279 27.568000793457 31.9780006408691 32.7430000305176 33.6549987792969 35.2150001525879 36.3489990234375 36.7270011901855 37.25 37.939998626709 38.1829986572266 38.2509994506836 38.2410011291504 36.431999206543 36.4210014343262 37.5909996032715 38.0120010375977 37.6889991760254 36.939998626709 35.4169998168945 19.07200050354 18.80299949646 23.8479995727539 21.2639999389648 16.3570003509521 13.8850002288818 11.5819997787476 29.9459991455078 39.4029998779297 42.0460014343262 42.6969985961914
-3.4e+38 -3.4e+38 -3.4e+38 30.0440006256104 28.9169998168945 23.7019996643066 18.007999420166 18.0400009155273 20.1630001068115 19.1889991760254 17.742000579834 18.746000289917 17.2299995422363 16.4740009307861 14.5600004196167 24.0699996948242 30.4389991760254 31.5869998931885 32.9640007019043 33.3639984130859 36.5769996643066 36.8769989013672 37.0299987792969 38.1030006408691 38.8940010070801 39.1259994506836 38.5050010681152 36.8170013427734 34.7960014343262 35.507999420166 36.734001159668 37.382999420166 32.1809997558594 22.9220008850098 26.2870006561279 19.2220001220703 18.9060001373291 18.3649997711182 16.3719997406006 16.0389995574951 14.0139999389648 6.26100015640259 20.6399993896484 38.6419982910156 42.9679985046387 43.6020011901855
-3.4e+38 -3.4e+38 -3.4e+38 28.8139991760254 28.0909996032715 24.9540004730225 17.7670001983643 15.3929996490479 17.1159992218018 17.738000869751 15.41100025177 15.4460000991821 15.1110000610352 15.78600025177 17.4699993133545 29.4729995727539 29.3229999542236 30.8560009002686 32.4930000305176 34.5359992980957 36.0250015258789 36.9869995117188 37.3790016174316 38.5940017700195 39.3250007629395 39.4029998779297 38.8129997253418 37.2919998168945 32.7299995422363 32.3300018310547 35.0620002746582 25.8969993591309 18.3150005340576 18.6219997406006 18.6529998779297 19.0470008850098 18.7900009155273 16.1480007171631 14.8620004653931 14.5719995498657 8.26200008392334 4.90399980545044 10.2819995880127 35.0950012207031 41.2060012817383 44.5900001525879
