01_datasets/03_gis/02_asc_chm-r50m/HS222I.asc
NCOLS 200 
NROWS 201 
XLLCORNER 569173.5 
YLLCORNER 5220850 
CELLSIZE 0.5 
NODATA_value -3.4e+38 
[rows 120 to 139 of 201, columns 46 to 91 of 200]
11.9119997024536 14.4440002441406 16.798999786377 18.3369998931885 19.4500007629395 18.6620006561279 19.2959995269775 17.8780002593994 16.8770008087158 15.9320001602173 15.4949998855591 14.9280004501343 13.1870002746582 10.0830001831055 7.06500005722046 4.63800001144409 4.4980001449585 4.58900022506714 4.61299991607666 5.54699993133545 6.50500011444092 8.2810001373291 8.99600028991699 8.92500019073486 8.80900001525879 8.23600006103516 6.43699979782104 5.99300003051758 5.90199995040894 10.9300003051758 13.1630001068115 14.4790000915527 16.69700050354 20.701000213623 22.6949996948242 23.636999130249 23.1679992675781 23.1690006256104 24.1900005340576 24.2199993133545 22.1079998016357 21.0659999847412 17.6420001983643 15.8760004043579 14.0640001296997 8.82100009918213
12.28600025177 15.5620002746582 18.0160007476807 20.0310001373291 22.4729995727539 22.1919994354248 21.4969997406006 20.6399993896484 20.1119995117188 17.0319995880127 15.8280000686646 15.1020002365112 13.6630001068115 9.77600002288818 7.43900012969971 4.82100009918213 4.08900022506714 4.34600019454956 4.57100009918213 4.53499984741211 4.41400003433228 4.92500019073486 6.74100017547607 7.84899997711182 7.08400011062622 5.44700002670288 5.59899997711182 5.74100017547607 5.57399988174438 5.35799980163574 11.5710000991821 16.3330001831055 17.6630001068115 20.6030006408691 23.8819999694824 24.7110004425049 24.8250007629395 26.2180004119873 26.25 24.4270000457764 23.6089992523193 23.076000213623 21.4549999237061 21.1569995880127 16.3129997253418 14.8599996566772
15.4409999847412 18.9899997711182 20.2439994812012 23.2880001068115 24.2929992675781 24.7999992370605 24.1399993896484 23.613000869751 21.5739994049072 18.0049991607666 16.923999786377 16.3250007629395 14.3610000610352 9.03499984741211 5.64599990844727 4.12099981307983 3.71700000762939 4.18599987030029 4.4850001335144 4.39699983596802 4.45900011062622 4.81400012969971 5.47300004959106 5.90799999237061 5.33099985122681 4.75600004196167 5.19799995422363 5.40500020980835 5.38000011444092 6.36199998855591 15.3879995346069 18.4799995422363 18.6900005340576 22.6679992675781 25.0459995269775 27.6760005950928 28.1200008392334 28.5030002593994 27.6909999847412 26.5 25.3540000915527 23.0429992675781 21.8239994049072 22.326000213623 18.1049995422363 17.0139999389648
15.8959999084473 20.0930004119873 22.6989994049072 23.988000869751 25.5540008544922 26.3409996032715 25.9869995117188 24.0890007019043 21.2819995880127 18.4230003356934 16.8400001525879 15.5550003051758 13.5780000686646 8.8439998626709 4.28900003433228 3.72900009155273 4.02199983596802 4.41400003433228 4.69099998474121 4.73000001907349 4.80200004577637 5.77400016784668 4.52299976348877 4.51999998092651 5.09499979019165 5.07200002670288 5.28700017929077 5.37799978256226 5.40799999237061 9.18299961090088 19.4150009155273 19.3910007476807 20.5690002441406 23.4130001068115 27.3659992218018 29.6919994354248 30.4099998474121 30.431999206543 29.556999206543 28.8290004730225 27.6520004272461 25.3910007476807 23.6529998779297 23.0289993286133 21.1259994506836 19.3320007324219
15.3900003433228 17.6949996948242 23.3120002746582 23.5919990539551 25.0470008850098 26.8740005493164 26.5540008544922 24.3209991455078 20.326000213623 18.9529991149902 15.673999786377 13.6169996261597 10.8800001144409 6.74499988555908 4.02400016784668 5.52899980545044 5.24900007247925 5.08900022506714 5.35200023651123 5.5019998550415 5.48400020599365 8.48600006103516 5.55999994277954 5.38100004196167 7.14400005340576 8.45600032806396 7.58500003814697 6.69500017166138 6.25099992752075 12.6660003662109 21.193000793457 22.818000793457 23.8360004425049 26.0799999237061 28.6599998474121 30.7390003204346 31.7609996795654 32.7569999694824 32.4290008544922 30.4209995269775 27.6459999084473 28.2169990539551 27.7169990539551 24.0729999542236 23.6480007171631 23.298999786377
15.9079999923706 17.3969993591309 21.1940002441406 22.1359996795654 24.8099994659424 26.5259990692139 26.0130004882812 24.4769992828369 22.6350002288818 19.9139995574951 16.0459995269775 11.7049999237061 9.66699981689453 8.46199989318848 6.08099985122681 8.77600002288818 8.88000011444092 7.57999992370605 6.21400022506714 9.25399971008301 11.3009996414185 10.8719997406006 10.0430002212524 7.69199991226196 9.22900009155273 9.43400001525879 9.35900020599365 8.9680004119873 8.29699993133545 9.32600021362305 19.7479991912842 23.9029998779297 24.8729991912842 27.4389991760254 30.1350002288818 33.6959991455078 33.7919998168945 34.9329986572266 34.4109992980957 32.951000213623 30.0629997253418 30.0750007629395 29.9449996948242 27.0790004730225 25.9899997711182 25.1189994812012
10.1110000610352 15.4809999465942 17.8889999389648 21.0939998626709 23.4540004730225 24.6450004577637 24.5340003967285 23.4340000152588 21.2789993286133 18.742000579834 13.7910003662109 11.0640001296997 10.0530004501343 9.42800045013428 9.65999984741211 9.94299983978271 10.8129997253418 9.9680004119873 8.40499973297119 9.60099983215332 12.2040004730225 11.6280002593994 11.1879997253418 10.2399997711182 10.418999671936 9.47799968719482 9.51000022888184 9.83600044250488 9.56999969482422 13.1459999084473 21.1580009460449 23.8819999694824 24.7040004730225 28.1509990692139 30.4680004119873 34.0279998779297 34.8349990844727 35.8339996337891 34.6609992980957 33.859001159668 33.2179985046387 32.2779998779297 31.6340007781982 28.9020004272461 27.7479991912842 27.6200008392334
9.70600032806396 15.8199996948242 17.2250003814697 19.2630004882812 21.6770000457764 22.3320007324219 22.1079998016357 19.7560005187988 18.3570003509521 16.511999130249 10.6020002365112 10.7530002593994 10.4320001602173 10.4099998474121 11.0290002822876 11.4549999237061 11.548999786377 11.1549997329712 9.83100032806396 12.4250001907349 14.0860004425049 13.6520004272461 12.289999961853 13.1309995651245 11.6949996948242 9.90799999237061 10.0260000228882 10.4689998626709 10.5590000152588 14.6709995269775 19.5690002441406 22.8159999847412 24.0380001068115 28.5739994049072 31.1319999694824 32.6800003051758 34.5559997558594 35.6319999694824 36.2410011291504 34.8880004882812 34.4389991760254 34.2529983520508 33.4039993286133 32.4109992980957 29.9060001373291 28.1569995880127
13.3819999694824 12.4370002746582 15.9429998397827 17.7970008850098 18.6270008087158 19.9230003356934 19.17799949646 16.2390003204346 15.0089998245239 11.8450002670288 11.0389995574951 10.5450000762939 10.6300001144409 10.3059997558594 11.58899974823 13.7040004730225 14.7629995346069 13.9549999237061 12.25 14.1359996795654 14.8149995803833 14.8240003585815 15.6890001296997 15.2399997711182 13.5030002593994 11.1099996566772 10.6459999084473 10.5959997177124 10.6529998779297 12 15.9790000915527 20.9449996948242 23.3959999084473 28.6730003356934 30.2019996643066 31.7689990997314 34.2109985351562 34.8899993896484 35.1520004272461 35.3460006713867 35.4379997253418 35.1279983520508 35.117000579834 32.9389991760254 31.2999992370605 30.1410007476807
14.6809997558594 6.77799987792969 9.41600036621094 15.668999671936 17.1989994049072 15.8269996643066 14.5880002975464 14.2700004577637 14.4479999542236 11.4820003509521 10.8290004730225 10.3900003433228 9.64700031280518 10.0880002975464 12.6859998703003 14.4060001373291 15.0170001983643 14.2620000839233 14.5699996948242 15.0010004043579 15.6260004043579 16.2199993133545 16.6580009460449 15.9569997787476 14.1450004577637 12.0710000991821 10.8170003890991 10.7080001831055 10.668999671936 15.5109996795654 17.6350002288818 22.2830009460449 23.2859992980957 25.8320007324219 28.5520000457764 30.3250007629395 32.0979995727539 34.7849998474121 36.1020011901855 36.5250015258789 36.2299995422363 35.7869987487793 35.1800003051758 33.9500007629395 31.9090003967285 30.8110008239746
15.5089998245239 7.98099994659424 4.78599977493286 9.33500003814697 12.1260004043579 12.6560001373291 11.2829999923706 11.5340003967285 11.7620000839233 11.628999710083 11.2290000915527 9.78499984741211 9.16499996185303 7.93699979782104 11.5410003662109 12.8570003509521 14.1409997940063 14.5089998245239 14.3100004196167 15.6510000228882 16.5860004425049 17.0879993438721 17.1560001373291 15.9530000686646 14.8380002975464 13.8559999465942 10.7069997787476 10.1009998321533 11.039999961853 16.2140007019043 20.8840007781982 22.128999710083 22.4839992523193 23.1509990692139 27.1079998016357 29.2269992828369 30.5830001831055 34.189998626709 36.5379981994629 37.6619987487793 38.0709991455078 37.7840003967285 35.7369995117188 34.0890007019043 33.0439987182617 31.30299949646
17.3010005950928 13.4540004730225 7.27899980545044 8.28499984741211 8.55599975585938 10.585000038147 11.7159996032715 11.6490001678467 11.585000038147 11.6400003433228 11.3839998245239 8.46300029754639 8.30200004577637 8.14000034332275 11.4849996566772 12.0019998550415 12.7659997940063 13.210000038147 14.1870002746582 14.8520002365112 16.6760005950928 16.8819999694824 16.9559993743896 15.9750003814697 15.0389995574951 13.71399974823 10.6219997406006 10.3529996871948 11.5080003738403 16.5259990692139 20.5990009307861 22.9869995117188 25.3920001983643 28.2999992370605 28.9659996032715 29.003999710083 31.4190006256104 32.576000213623 35.625 37.3959999084473 38.5340003967285 37.8279991149902 36.7470016479492 34.0979995727539 33.4379997253418 32.9179992675781
17.3339996337891 15.081000328064 7.79400014877319 7.36299991607666 9.47999954223633 10.9809999465942 11.8050003051758 11.6599998474121 11.5329999923706 11.3109998703003 11.2220001220703 10.1700000762939 7.43400001525879 8.72200012207031 9.71199989318848 10.8959999084473 10.8699998855591 11.4169998168945 12.3000001907349 14.418999671936 15.8719997406006 16.1909999847412 16.2639999389648 15.0679998397827 14.1579999923706 12.9440002441406 10.6520004272461 10.2720003128052 11.4610004425049 18.7849998474121 21.2199993133545 24.5839996337891 25.8540000915527 27.6040000915527 28.8799991607666 30.5690002441406 31.7029991149902 32.6430015563965 33.726001739502 36.6800003051758 37.2529983520508 36.6860008239746 35.9290008544922 33.6749992370605 32.4080009460449 32.8629989624023
17.4699993133545 12.8319997787476 9.08500003814697 7.21299982070923 8.99199962615967 10.1359996795654 10.8120002746582 10.6260004043579 10.4359998703003 10.2950000762939 10.2609996795654 8.48499965667725 5.21199989318848 4.14200019836426 5.8730001449585 6.59999990463257 6.87099981307983 8.66600036621094 12.1020002365112 13.7180004119873 14.2370004653931 14.8649997711182 15.1490001678467 14.423999786377 13.8420000076294 12.2580003738403 11.0769996643066 10.5679998397827 13.5220003128052 19.8209991455078 22.1849994659424 23.5990009307861 25.4340000152588 28.25 29.9689998626709 30.6509990692139 32.3440017700195 33.8730010986328 34.4099998474121 35.1889991760254 35.7599983215332 35.173999786377 33.8219985961914 31.7749996185303 30.3950004577637 32.1030006408691
17.6870002746582 14.6379995346069 10.1169996261597 5.38000011444092 6.06500005722046 8.54199981689453 8.53899955749512 8.52299976348877 8.97399997711182 8.80000019073486 8.35499954223633 6.8769998550415 4.62900018692017 3.61899995803833 3.92600011825562 2.7739999294281 3.03999996185303 4.81799983978271 11.1719999313354 12.4870004653931 12.7170000076294 13.8190002441406 14.2969999313354 14.8400001525879 14.875 17.2600002288818 16.8920001983643 11.9209995269775 19.7299995422363 22.2080001831055 25.1040000915527 26.2369995117188 23.9610004425049 28.3640003204346 32.2550010681152 34.1139984130859 34.4669990539551 35.2099990844727 35.3199996948242 35.6160011291504 34.9749984741211 34.2249984741211 32.9179992675781 31.4669990539551 30.121000289917 31.0709991455078
18.0790004730225 15.7489995956421 9.04300022125244 4.73999977111816 5.67999982833862 6.6729998588562 8.01599979400635 8.19499969482422 8.29300022125244 8.29899978637695 7.81300020217896 6.81199979782104 4.31199979782104 3.52999997138977 2.61999988555908 1.79299998283386 3.64199995994568 7.27099990844727 10.6909999847412 10.710000038147 11.1510000228882 12.3979997634888 14.8699998855591 15.4390001296997 16.128999710083 20.2320003509521 22.2189998626709 19.1660003662109 22.8610000610352 24.8419990539551 27.693000793457 27.5669994354248 29.6200008392334 31.80299949646 33.4990005493164 34.5139999389648 35.2919998168945 35.8219985961914 36.0750007629395 35.6590003967285 34.1230010986328 32.976001739502 32.2019996643066 31.1809997558594 28.5960006713867 29.496000289917
19.6590003967285 17.3020000457764 12.7469997406006 9.02499961853027 10.0450000762939 8.86400032043457 6.25299978256226 7.25600004196167 7.36999988555908 7.39300012588501 6.97499990463257 5.67600011825562 3.81800007820129 2.37599992752075 1.3289999961853 1.66299998760223 3.72099995613098 4.5310001373291 6.44500017166138 8.16399955749512 9.94099998474121 11.1569995880127 15.0970001220703 15.8559999465942 20.1660003662109 23.2600002288818 24.5480003356934 24.6569995880127 25.7469997406006 27.3859996795654 27.8619995117188 26.7609996795654 29.6660003662109 32.4480018615723 32.9589996337891 33.8479995727539 34.8950004577637 36.8019981384277 37.8400001525879 38.1479988098145 36.3470001220703 33.5589981079102 32.673999786377 31.5510005950928 28.7159996032715 30.3819999694824
21.3279991149902 20.007999420166 16.5890007019043 10.8649997711182 10.3219995498657 7.55299997329712 3.75200009346008 4.89499998092651 5.44099998474121 5.37099981307983 4.95100021362305 3.71399998664856 3.07100009918213 2.37599992752075 0.833999991416931 2.65899991989136 4.93200016021729 7.7020001411438 8.58300018310547 9.44200038909912 11.4519996643066 11.5520000457764 13.5509996414185 16.1140003204346 20.3369998931885 22.9360008239746 24.9909992218018 25.8239994049072 26.9139995574951 28.2779998779297 28.8460006713867 29.1000003814697 30.55299949646 31.1180000305176 31.1830005645752 33.9440002441406 34.4020004272461 37.5069999694824 38.3709983825684 38.1459999084473 36.2309989929199 33.351001739502 33.0130004882812 31.9810009002686 31.2350006103516 31.6650009155273
21.2390003204346 18.6280002593994 14.3400001525879 10.5349998474121 10.039999961853 6.25299978256226 4.83799982070923 4.82600021362305 4.80200004577637 4.83900022506714 4.34499979019165 3.63800001144409 3.13000011444092 2.41300010681152 1.69500005245209 5.96099996566772 13.5430002212524 15.1169996261597 15.4750003814697 14.3590002059937 12.5010004043579 12.3549995422363 12.6090002059937 13.2329998016357 13.4790000915527 18.0179996490479 25.1590003967285 27.7360000610352 28.3479995727539 29.4080009460449 29.7789993286133 29.7089996337891 29.9340000152588 32.0900001525879 32.9099998474121 33.2519989013672 33.1370010375977 36.7389984130859 36.9599990844727 36.0460014343262 34.3839988708496 33.5730018615723 32.6640014648438 30.6870002746582 30.6760005950928 31.9650001525879
17.0270004272461 14.8500003814697 10.293999671936 10.3470001220703 9.7480001449585 8.16199970245361 5.58799982070923 5.37900018692017 4.97700023651123 4.74599981307983 4.35400009155273 4.04099988937378 3.51900005340576 4.93300008773804 10.4209995269775 13.4420003890991 16.8449993133545 19.9839992523193 18.8439998626709 16.1959991455078 14.2600002288818 12.4879999160767 13.4700002670288 11.0229997634888 11.3809995651245 14.5609998703003 26.2129993438721 28.55299949646 29.6159992218018 30.0189990997314 30.6389999389648 30.6100006103516 29.5979995727539 28.2649993896484 32.2789993286133 32.3330001831055 32.560001373291 34.1870002746582 34.2960014343262 33.6160011291504 33.4410018920898 32.1860008239746 31.9400005340576 30.4009990692139 30.6410007476807 31.681999206543
