01_datasets/03_gis/02_asc_chm-r50m/HS221A.asc
NCOLS 201 
NROWS 200 
XLLCORNER 568457 
YLLCORNER 5220614.5 
CELLSIZE 0.5 
NODATA_value -3.4e+38 
[rows 100 to 119 of 200, columns 0 to 45 of 201]
-339999999999999996123846586046231871488.000000000000000 24 26.7089996337891 25.9790000915527 29.7849998474121 31.6119995117188 30.4899997711182 30.9230003356934 30.1380004882812 28.7169990539551 29.943000793457 31.3139991760254 31.7819995880127 31.9950008392334 31.6359996795654 30.871000289917 31.0739994049072 31.4130001068115 34.8230018615723 36.0989990234375 36.0379981994629 35.6380004882812 35.4500007629395 34.3899993896484 35.1720008850098 35.1650009155273 31.6310005187988 32.4850006103516 28.1410007476807 27.9099998474121 32.2299995422363 34.2809982299805 35.8190002441406 36.5550003051758 37.7000007629395 38.314998626709 38.2050018310547 37.5870018005371 36.7519989013672 34.5419998168945 30.9409999847412 30.5270004272461 25.6439990997314 24.3120002746582 22.8999996185303 22.67799949646
-3.4e+38 23.1019992828369 21.3540000915527 22.7549991607666 23.8360004425049 29.1949996948242 29.0100002288818 25.3439998626709 22.7660007476807 25.8409996032715 27.9820003509521 29.3530006408691 29.7929992675781 30.507999420166 30.201000213623 29.5949993133545 30.3309993743896 31.8969993591309 35.234001159668 36.2939987182617 36.8849983215332 36.242000579834 35.5320014953613 34.8330001831055 34.8059997558594 32.8400001525879 24.8320007324219 30.4729995727539 28.8080005645752 26.6089992523193 31.0930004119873 34.7210006713867 36.0250015258789 37.0089988708496 38.1230010986328 38.9500007629395 39.4020004272461 38.2249984741211 37.0800018310547 35.5060005187988 33.6580009460449 32.7249984741211 25.5170001983643 24.5629997253418 23.1380004882812 22.9449996948242
-3.4e+38 21.3700008392334 19.5629997253418 19.8689994812012 20.882999420166 23.1439990997314 22.7600002288818 19.2980003356934 22.136999130249 23.2339992523193 26.753999710083 28.568000793457 28.943000793457 29.0219993591309 28.6909999847412 29.6410007476807 31.4559993743896 32.8079986572266 34.9490013122559 36.7849998474121 37.2480010986328 36.6619987487793 35.3800010681152 34.9099998474121 35.25 35.2680015563965 31.3910007476807 30.6679992675781 30.2189998626709 26.8239994049072 30.4090003967285 34.3479995727539 36.048999786377 37.1980018615723 37.9449996948242 38.3129997253418 38.7509994506836 38.0400009155273 37.1450004577637 35.7080001831055 34.2109985351562 30.7259998321533 25.5209999084473 25.1509990692139 22.7240009307861 22.6749992370605
-3.4e+38 20.4890003204346 19.261999130249 19.636999130249 19.7639999389648 19.5620002746582 19.2110004425049 20.2150001525879 24.4029998779297 24.0879993438721 24.7490005493164 28.3430004119873 27.5990009307861 27.7000007629395 27.5170001983643 28.1119995117188 32.3800010681152 32.6749992370605 35.3930015563965 36.1769981384277 36.5009994506836 35.5830001831055 34.7060012817383 34.1809997558594 34.7760009765625 35.8680000305176 35.4099998474121 33.8819999694824 32.3930015563965 31.3859996795654 31.0739994049072 33.7220001220703 35.5419998168945 36.2480010986328 37.5019989013672 37.4879989624023 37.492000579834 36.4850006103516 35.5419998168945 34.8030014038086 34.0330009460449 30.8889999389648 29.1340007781982 29.0009994506836 26.7950000762939 23
-3.4e+38 18.6459999084473 19.2140007019043 19.7290000915527 19.8889999389648 20.6490001678467 23.3339996337891 23.132999420166 24.8889999389648 24.4479999542236 25.4939994812012 27.3299999237061 27.0240001678467 25.5820007324219 27.1849994659424 28.2129993438721 30.3659992218018 32.7519989013672 33.7729988098145 34.5229988098145 34.8530006408691 34.6459999084473 34.4640007019043 33.8940010070801 35.382999420166 35.5989990234375 35.1839981079102 33.875 32.1279983520508 32.2029991149902 32.2120018005371 33.9930000305176 34.8479995727539 35.2249984741211 35.8959999084473 36.2929992675781 36.4910011291504 35.3660011291504 34.3370018005371 33.8549995422363 33.2480010986328 32.431999206543 32.931999206543 32.0390014648438 30.0450000762939 26.5459995269775
-3.4e+38 19.2630004882812 20.0830001831055 20.1979999542236 20.3449993133545 22.0219993591309 25.7849998474121 26.6319999694824 27.2220001220703 28.306999206543 27.943000793457 28.2749996185303 27.8330001831055 25.7310009002686 24.4120006561279 25.9979991912842 28.3169994354248 31.4360008239746 32.7550010681152 32.8689994812012 32.7490005493164 31.6499996185303 30.371000289917 31.2700004577637 34.7080001831055 34.7410011291504 34.4570007324219 33.2290000915527 31.05299949646 31.2070007324219 31.4689998626709 32.4910011291504 33.8380012512207 34.1399993896484 34.7490005493164 35.1809997558594 34.6580009460449 33.4659996032715 33.1399993896484 32.6230010986328 32.7400016784668 32.9339981079102 34.0550003051758 33.9480018615723 33.140998840332 27.0249996185303
-3.4e+38 19.8409996032715 20.6919994354248 21.1200008392334 23.8339996337891 25.6949996948242 26.8470001220703 28.511999130249 29.4109992980957 30.7819995880127 31.1989994049072 30.8899993896484 29.7360000610352 28.7730007171631 26.7840003967285 25.7730007171631 27.386999130249 28.2919998168945 30.1270008087158 31.1000003814697 30.6690006256104 29.431999206543 27.7919998168945 28.5949993133545 33.3300018310547 33.6209983825684 33.306999206543 31.8600006103516 30.3229999542236 28.7250003814697 28.9580001831055 31.0520000457764 32.7910003662109 33.2610015869141 33.4459991455078 33.4539985656738 32.8950004577637 32.9210014343262 32.5439987182617 32.2820014953613 32.5340003967285 33.5639991760254 34.3370018005371 35.193000793457 34.9199981689453 33.9039993286133
-3.4e+38 14.5930004119873 22.3689994812012 23.7910003662109 29.8680000305176 29.6219997406006 28.5510005950928 30.0300006866455 31.701000213623 32.0629997253418 32.4630012512207 32.2249984741211 31.1189994812012 30.753999710083 29.8549995422363 27.2140007019043 26.2199993133545 25.8840007781982 26.2870006561279 27.5990009307861 28.4200000762939 28.4580001831055 28.0629997253418 30.1650009155273 30.7859992980957 32.3349990844727 32.1980018615723 30.8400001525879 29.6529998779297 27.1690006256104 26.8390007019043 28.9610004425049 30.8969993591309 32.0709991455078 32.0009994506836 30.738000869751 31.3360004425049 32.0509986877441 32.8489990234375 33.4650001525879 34.7000007629395 35.5530014038086 35.9710006713867 35.9519996643066 35.3470001220703 28.7390003204346
-3.4e+38 -3.4e+38 27.8999996185303 28.4519996643066 30.4099998474121 31.2779998779297 29.5669994354248 28.7919998168945 31.2240009307861 33.2309989929199 33.2939987182617 33.1139984130859 31.8939990997314 29.9540004730225 28.1760005950928 27.3479995727539 26.6639995574951 24.3719997406006 23.4540004730225 24.9190006256104 27.5699996948242 28.8050003051758 29.0240001678467 30.2360000610352 31.7749996185303 32.4150009155273 32.0559997558594 31.2719993591309 29.6700000762939 27.3600006103516 26.2709999084473 26.5030002593994 28.5209999084473 30.3929996490479 29.6259994506836 29.3589992523193 30.382999420166 31.798999786377 33.1549987792969 34.7319984436035 36.2859992980957 37.0209999084473 37.306999206543 37.4850006103516 36.5060005187988 32.7519989013672
-3.4e+38 -3.4e+38 27.4190006256104 31.5690002441406 31.8460006713867 31.7409992218018 29.488000869751 30.5219993591309 32.4150009155273 33.6230010986328 34.3300018310547 34.1679992675781 32.5999984741211 29.2000007629395 28.9099998474121 27.8530006408691 24.8850002288818 22.931999206543 20.6760005950928 21.5230007171631 26.1259994506836 27.9619998931885 28.4540004730225 30.0499992370605 31.9130001068115 33.1220016479492 32.4259986877441 31.69700050354 30.0419998168945 28.4080009460449 27.2040004730225 26.4699993133545 27.5650005340576 28.2019996643066 27.5669994354248 27.5100002288818 29.0340003967285 31.2399997711182 33.3569984436035 34.4720001220703 36.8120002746582 38.189998626709 38.3810005187988 38.4300003051758 37.5219993591309 35.8720016479492
-3.4e+38 -3.4e+38 27.7849998474121 33.109001159668 33.2649993896484 31.7080001831055 29.298999786377 29.9570007324219 32.7140007019043 33.5359992980957 34.5800018310547 34.859001159668 32.8959999084473 32.2379989624023 30.3560009002686 27.5639991760254 23.0540008544922 21.9300003051758 20.8430004119873 22.7360000610352 26.6319999694824 29.3369998931885 30.3229999542236 30.7399997711182 33.2849998474121 34.0670013427734 32.431999206543 31.1490001678467 29.7950000762939 27.7430000305176 27.4360008239746 26.6989994049072 26.6280002593994 27.4750003814697 27.5209999084473 27.7180004119873 28.7679996490479 29.3159999847412 32.5660018920898 35.1599998474121 36.9459991455078 38.4339981079102 38.8289985656738 38.7980003356934 37.5480003356934 35.2439994812012
-3.4e+38 -3.4e+38 27.92799949646 33.0509986877441 33.9990005493164 32.2120018005371 31.4729995727539 30.7630004882812 31.4930000305176 32.8779983520508 33.9790000915527 34.5670013427734 33.0979995727539 29.5419998168945 27.8110008239746 26.5340003967285 24.2649993896484 24.2900009155273 28.5340003967285 28.6469993591309 30.1809997558594 30.8299999237061 30.3430004119873 31.0429992675781 32.9290008544922 32.9959983825684 32.6020011901855 31.7970008850098 30.1159992218018 27.7320003509521 27.0230007171631 27.1189994812012 27.3020000457764 27.1359996795654 26.878999710083 27.5599994659424 28.9939994812012 30.742000579834 33.3520011901855 34.1790008544922 36.4080009460449 37.4280014038086 38.0870018005371 37.7449989318848 36.1829986572266 34.8689994812012
-3.4e+38 -3.4e+38 28.3330001831055 33.5890007019043 33.564998626709 32.6419982910156 31.4799995422363 29.8050003051758 31.4570007324219 32.1879997253418 32.5589981079102 32.3359985351562 31.6849994659424 29.1299991607666 27.806999206543 26.625 26.7439994812012 28.6200008392334 30.7369995117188 31.0189990997314 31.2310009002686 32.2109985351562 30.3549995422363 30.8899993896484 30.1690006256104 30.701000213623 30.5 29.9580001831055 28.7240009307861 27.1280002593994 27.2740001678467 28.4580001831055 28.4419994354248 27.1280002593994 26.9300003051758 28.5179996490479 28.4950008392334 30.0149993896484 33.1669998168945 34.7130012512207 35.5149993896484 36.0050010681152 36.4280014038086 36.5719985961914 36.1539993286133 35.0149993896484
-3.4e+38 -3.4e+38 20.9169998168945 32.3499984741211 32.5369987487793 31.6019992828369 30.1760005950928 29.193000793457 30.4659996032715 30.9930000305176 31.4120006561279 31.0090007781982 30.5650005340576 29.9899997711182 28.3689994812012 27.3700008392334 27.6639995574951 29.3129997253418 30.4400005340576 31.4179992675781 32.6669998168945 33.0849990844727 32.3860015869141 31.9160003662109 30.4290008544922 28.6490001678467 29.1630001068115 27.8400001525879 26.4759998321533 25.753999710083 27.1480007171631 28.5179996490479 28.9349994659424 29.367000579834 28.5559997558594 29.2740001678467 29.4209995269775 30.2859992980957 32.9010009765625 33.9119987487793 34.273998260498 34.5460014343262 35.3320007324219 35.6839981079102 34.6910018920898 34.4029998779297
-3.4e+38 -3.4e+38 -3.4e+38 31.2910003662109 31.7910003662109 31.6100006103516 29.9409999847412 28.5629997253418 28.4710006713867 29.0520000457764 29.5830001831055 27.3600006103516 26.7609996795654 28.3799991607666 28.0620002746582 28.576000213623 28.628999710083 29.9939994812012 30.8080005645752 31.8969993591309 32.8699989318848 33.9179992675781 33.6500015258789 32.3819999694824 30.7490005493164 27.6650009155273 28.3239994049072 27.0100002288818 26.1000003814697 25.3640003204346 28.1200008392334 29.4529991149902 30.5799999237061 31.6429996490479 31.201000213623 31 31.076000213623 30.5139999389648 31.4909992218018 31.8889999389648 32.5519981384277 32.8629989624023 34.015998840332 33.4959983825684 33.0550003051758 31.7840003967285
-3.4e+38 -3.4e+38 -3.4e+38 31.1949996948242 31.7430000305176 30.9529991149902 29.5779991149902 28.1989994049072 25.4680004119873 25.5729999542236 25.5450000762939 23.7889995574951 24.6679992675781 27.9529991149902 28.6389999389648 29.2339992523193 29.3810005187988 30.2980003356934 31.7450008392334 32.4710006713867 33.6590003967285 34.2229995727539 33.6910018920898 31.9850006103516 29.3959999084473 27.6180000305176 26.9629993438721 25.4379997253418 29.0200004577637 27.5389995574951 29.3859996795654 30.8010005950928 32.8139991760254 32.7709999084473 32.3269996643066 32.4230003356934 31.8530006408691 29.6350002288818 29.4409999847412 30.4850006103516 31.3470001220703 32.351001739502 33.0369987487793 31.5279998779297 31.0470008850098 28.2169990539551
-3.4e+38 -3.4e+38 -3.4e+38 27.6580009460449 31.3610000610352 30.5690002441406 29.3129997253418 25.5849990844727 21.1730003356934 19.7409992218018 19.6700000762939 16.4599990844727 21.6030006408691 28.0979995727539 28.9069995880127 29.3959999084473 29.6079998016357 30.4810009002686 31.5799999237061 32.4480018615723 33.226001739502 33.3230018615723 32.5989990234375 31.9580001831055 30.7810001373291 30.8059997558594 27.7730007171631 29.3269996643066 32.4589996337891 30.6639995574951 30.5179996490479 31.7159996032715 33.2669982910156 33.5699996948242 33.2099990844727 33.4819984436035 32.3549995422363 30.3250007629395 28.3899993896484 25.0799999237061 26.6410007476807 28.951000213623 30.7199993133545 29.6380004882812 22.0739994049072 11.8439998626709
-3.4e+38 -3.4e+38 -3.4e+38 24.5639991760254 30.431999206543 29.9979991912842 26.4589996337891 21.117000579834 18.8229999542236 16.7360000610352 17.7450008392334 23.2110004425049 26.0860004425049 26.9179992675781 28.4820003509521 28.9720001220703 28.9340000152588 29.6259994506836 30.5659999847412 31.1219997406006 32.0050010681152 32.181999206543 32.0250015258789 31.1030006408691 31.1240005493164 32.0209999084473 32.5499992370605 32.1629981994629 32.1059989929199 31.1429996490479 31.2350006103516 31.3290004730225 33.1529998779297 34.3199996948242 34.4589996337891 33.9609985351562 32.5149993896484 31.6009998321533 25.6520004272461 18.8939990997314 19.5779991149902 22.4379997253418 25.2520008087158 27.3600006103516 16.5149993896484 12.8900003433228
-3.4e+38 -3.4e+38 -3.4e+38 25.7749996185303 28.4209995269775 27.4349994659424 18.5139999389648 15.293999671936 15.4540004730225 15.3610000610352 13.076000213623 18.5459995269775 17.8500003814697 25.2830009460449 26.82200050354 27.6660003662109 27.5790004730225 28.0849990844727 29.3369998931885 30.5389995574951 30.8980007171631 31.0389995574951 31.257999420166 31.0590000152588 31.7719993591309 31.9290008544922 31.9820003509521 33.7980003356934 32.9160003662109 31.8889999389648 32.0279998779297 31.9990005493164 33.7750015258789 34.6049995422363 34.6180000305176 33.7389984130859 32.9830017089844 25.576000213623 15.7790002822876 15.1319999694824 13.5640001296997 16.386999130249 20.5970001220703 25.5240001678467 27.7199993133545 25.636999130249
-3.4e+38 -3.4e+38 -3.4e+38 24.6919994354248 23.3470001220703 23.4379997253418 15.6049995422363 11.3249998092651 11.8229999542236 11.0380001068115 11.4340000152588 11.1840000152588 11.6199998855591 19.7430000305176 24.2609996795654 25.4899997711182 26.6399993896484 26.7000007629395 27.7789993286133 29.121000289917 29.3530006408691 29.488000869751 30.1079998016357 32.1599998474121 32.492000579834 33.1440010070801 34.0509986877441 34.0859985351562 34.2299995422363 34.1459999084473 33.4679985046387 32.0009994506836 32.6580009460449 34.0999984741211 33.9109992980957 33.8489990234375 33.5589981079102 28.5170001983643 27.9820003509521 28.9349994659424 21.6979999542236 23.0170001983643 25.4340000152588 28.5960006713867 29.5450000762939 30.2089996337891
