01_datasets/03_gis/02_asc_chm-r50m/HS220G.asc
NCOLS 200 
NROWS 200 
XLLCORNER 572648 
YLLCORNER 5219566 
CELLSIZE 0.5 
NODATA_value -3.4e+38 
[rows 40 to 59 of 200, columns 46 to 91 of 200]
12.2510004043579 11.6940002441406 12.3970003128052 12.0710000991821 15.5349998474121 18.5849990844727 20.0410003662109 21.4829998016357 23.9419994354248 26.8840007781982 27.6529998779297 28.9759998321533 29.8570003509521 30.1609992980957 27.3549995422363 25.757999420166 27.0650005340576 27.8759994506836 29.0170001983643 28.9580001831055 28.4150009155273 27.3759994506836 26.0419998168945 24.2569999694824 22.6800003051758 20.6119995117188 21.1110000610352 22.0520000457764 23.242000579834 24.3610000610352 25.367000579834 25.378999710083 26.4080009460449 26.6860008239746 27.7859992980957 28.8899993896484 28.8269996643066 28.4610004425049 27.9629993438721 27.117000579834 25.9990005493164 26.2569999694824 27.0410003662109 27.1529998779297 26.7159996032715 25.8040008544922
11.9689998626709 12.331000328064 13.9739999771118 16.1660003662109 19.7029991149902 21.0750007629395 21.746000289917 22.8530006408691 25.7129993438721 28.0580005645752 30.3910007476807 31.1940002441406 31.1609992980957 30.9109992980957 29.5669994354248 26.6159992218018 26.8400001525879 27.548999786377 28.7040004730225 29.1709995269775 28.9400005340576 27.5459995269775 25.9139995574951 25.1539993286133 24.2840003967285 22.2040004730225 23.0270004272461 23.0699996948242 24.6480007171631 24.3409996032715 25.0909996032715 24.4869995117188 25.0200004577637 25.5330009460449 26.9559993743896 28.0130004882812 27.3610000610352 27.0970001220703 26.6399993896484 25.7730007171631 25.6539993286133 26.3719997406006 26.7180004119873 25.9179992675781 25.7830009460449 25.4610004425049
12.0649995803833 12.8900003433228 14.2220001220703 17.4930000305176 18.753999710083 20.8889999389648 22.8910007476807 23.6189994812012 27.2759990692139 29.9629993438721 30.5130004882812 31.67799949646 32.3790016174316 31.9150009155273 30.8689994812012 28.2250003814697 27.3020000457764 28.5499992370605 28.8959999084473 29.4599990844727 29.238000869751 28.6650009155273 27.69700050354 26.8659992218018 25.4309997558594 24.3129997253418 25.0520000457764 25.0949993133545 25.443000793457 24.7810001373291 24.7590007781982 23.7999992370605 24.2059993743896 24.738000869751 25.4610004425049 26.7609996795654 26.3199996948242 25.8129997253418 26.2609996795654 26.4020004272461 27.4479999542236 28.2520008087158 28.4300003051758 27.2549991607666 25.9650001525879 25.7029991149902
15.4259996414185 17.3819999694824 16.2569999694824 18.4080009460449 19.6389999389648 21.7059993743896 23.6040000915527 23.761999130249 25.7509994506836 28.69700050354 30.7099990844727 32.2229995727539 32.6619987487793 32.1389999389648 30.8169994354248 29.4169998168945 27.7320003509521 28.8649997711182 29.511999130249 30.0909996032715 30.4220008850098 29.6319999694824 29.2399997711182 28.0459995269775 26.4810009002686 25.5340003967285 25.753999710083 26.1049995422363 26.1070003509521 26.0100002288818 24.92799949646 23.4060001373291 23.0540008544922 22.6979999542236 23.3939990997314 23.9930000305176 24.5650005340576 24.5219993591309 26.3250007629395 27.1679992675781 28.4979991912842 29.4169998168945 29.4150009155273 27.923999786377 27.0030002593994 27.0550003051758
17.4850006103516 18.2649993896484 18.1639995574951 18.4270000457764 22.3439998626709 22.6860008239746 23.5610008239746 25.8819999694824 26.6539993286133 28.7110004425049 30.4529991149902 30.8020000457764 31.5779991149902 31.1919994354248 28.7000007629395 27.507999420166 28.4589996337891 29.4449996948242 30.1389999389648 31.0109996795654 31.2910003662109 30.5580005645752 29.5429992675781 28.4260005950928 25.7679996490479 25.5520000457764 25.7859992980957 26.7019996643066 26.5669994354248 25.8939990997314 24.6650009155273 22.7439994812012 21.9090003967285 21.8910007476807 22.7229995727539 23.923999786377 24.3309993743896 24.943000793457 27.7469997406006 28.6860008239746 29.6909999847412 30.3920001983643 30.2719993591309 28.9990005493164 27.2520008087158 27.0289993286133
17.4610004425049 18.4120006561279 18.9029998779297 21.492000579834 23.4610004425049 24.7310009002686 25.4020004272461 26.2700004577637 26.3889999389648 28.3939990997314 28.9220008850098 29.2759990692139 29.4890003204346 29.8460006713867 27.7250003814697 27.3080005645752 27.9979991912842 29.4370002746582 30.4799995422363 30.9309997558594 31.1520004272461 30.5960006713867 29.7479991912842 28.4589996337891 26.1959991455078 25.2900009155273 25.5690002441406 26.0659999847412 25.8689994812012 25.3400001525879 24.4150009155273 23.1529998779297 22.1730003356934 21.9459991455078 22.3470001220703 23.7889995574951 24.1049995422363 26.0879993438721 28.5869998931885 29.4409999847412 30.7520008087158 30.8239994049072 30.7560005187988 29.6439990997314 27.4300003051758 26.5849990844727
17.2040004730225 18.2290000915527 19.7840003967285 22.1660003662109 24.2810001373291 25.5480003356934 26.0879993438721 25.8470001220703 25.4729995727539 26.0550003051758 27.0659999847412 27.4169998168945 27.6889991760254 27.5429992675781 26.6660003662109 25.2910003662109 26.4029998779297 28.8390007019043 29.8290004730225 30.0869998931885 30.2560005187988 29.7840003967285 29.1800003051758 28.1800003051758 25.0769996643066 24.3549995422363 24.42799949646 24.5839996337891 24.7749996185303 24.4979991912842 24.6009998321533 23.3840007781982 22.80299949646 22.2660007476807 22.306999206543 22.7910003662109 23.9930000305176 24.1189994812012 27.3229999542236 29.5219993591309 30.1879997253418 30.5209999084473 29.7000007629395 29.0960006713867 28.0699996948242 25.2439994812012
18.3369998931885 19.8229999542236 22.0629997253418 23.7399997711182 24.7019996643066 25.7810001373291 26.6259994506836 26.2870006561279 25.2509994506836 24.371000289917 26.121000289917 26.8509998321533 26.67799949646 25.7950000762939 25.1550006866455 25.2280006408691 26.2140007019043 27.2789993286133 28.3059997558594 29.2399997711182 28.8920001983643 28.318000793457 27.556999206543 26.30299949646 24.5809993743896 23.2339992523193 23.3479995727539 23.1310005187988 23.4689998626709 23.7369995117188 23.9349994659424 23.6019992828369 23.1420001983643 22.3929996490479 22.0090007781982 22.0009994506836 23.4109992980957 24.882999420166 26.992000579834 29.0629997253418 29.6760005950928 29.4829998016357 29.2019996643066 28.9039993286133 28.0270004272461 23.1909999847412
19.3680000305176 20.5249996185303 20.9969997406006 23.2269992828369 24.4169998168945 25.3339996337891 25.9169998168945 25.3110008239746 24.8159999847412 23.7199993133545 25.5659999847412 26.1909999847412 25.2530002593994 24.8579998016357 24.9930000305176 25.6700000762939 26.4899997711182 26.8090000152588 27.3610000610352 28.5869998931885 28.1889991760254 27.6630001068115 27.5069999694824 26.2019996643066 23.8059997558594 23.0219993591309 22.5970001220703 21.7779998779297 21.6439990997314 22.9969997406006 23.05299949646 22.9909992218018 22.7520008087158 22.5419998168945 21.9810009002686 20.9740009307861 20.6429996490479 24.4720001220703 26.8110008239746 28.0809993743896 28.4689998626709 28.3430004119873 28.4699993133545 28.0879993438721 26.7110004425049 23.0359992980957
19.9039993286133 20.5860004425049 20.8980007171631 22.4990005493164 23.3080005645752 24.2880001068115 24.5629997253418 24.25 23.9659996032715 23.2250003814697 23.4689998626709 24.0580005645752 24.568000793457 24.632999420166 24.3810005187988 26.1550006866455 26.0590000152588 26.3150005340576 26.621000289917 26.7980003356934 27.0650005340576 26.5240001678467 26.3600006103516 24.507999420166 23.7159996032715 22.8899993896484 21.7280006408691 19.2110004425049 20.6060009002686 21.7040004730225 21.7700004577637 21.7919998168945 21.9589996337891 22.0009994506836 21.0480003356934 19.7679996490479 18.4230003356934 22.4389991760254 25.4370002746582 25.242000579834 24.4389991760254 27.6240005493164 27.6030006408691 26.7919998168945 25.4860000610352 21.8159999847412
20.1949996948242 20.7280006408691 21.1599998474121 22.2430000305176 22.9349994659424 23.5030002593994 23.4860000610352 23.1919994354248 22.9860000610352 23.181999206543 23.4400005340576 23.8470001220703 24.3390007019043 25.1079998016357 26.2730007171631 26.7350006103516 26.6919994354248 26.4659996032715 26.2280006408691 25.4839992523193 25.4750003814697 25.7119998931885 24.5499992370605 22.4580001831055 22.7800006866455 20.4540004730225 17.3990001678467 18.878999710083 20.7849998474121 21.4589996337891 21.4740009307861 20.9020004272461 20.75 20.6889991760254 20.2169990539551 18.3409996032715 16.2749996185303 18.7250003814697 21.44700050354 19.6450004577637 19.4750003814697 24.6879997253418 25.7150001525879 24.1590003967285 22.5799999237061 20.4069995880127
21.1270008087158 20.6380004882812 20.9580001831055 21.1450004577637 21.8549995422363 23.1569995880127 23.2399997711182 23.7350006103516 23.7709999084473 23.0310001373291 23.0900001525879 23.6410007476807 23.7789993286133 25.7019996643066 28.0330009460449 27.5470008850098 27.2700004577637 26.8540000915527 25.7689990997314 24.8910007476807 24.5310001373291 24.0750007629395 23.9179992675781 22.5620002746582 21.7299995422363 18.7019996643066 17.6340007781982 19.3050003051758 20.5729999542236 21.4179992675781 21.3980007171631 20.5380001068115 19.2369995117188 18.4099998474121 18.0849990844727 14.4750003814697 15.1750001907349 17.2569999694824 17.4160003662109 17.1770000457764 17.9829998016357 19.8120002746582 19.988000869751 20.2150001525879 19.4829998016357 18.6700000762939
21.3619995117188 20.7549991607666 20.6340007781982 20.9629993438721 20.7849998474121 23.3080005645752 24.1359996795654 24.5240001678467 24.0240001678467 21.9939994812012 22.0830001831055 22.5259990692139 23.2880001068115 27.7770004272461 28.7520008087158 28.3729991912842 27.7950000762939 26.6599998474121 25.5090007781982 24.3680000305176 23.2350006103516 22.3740005493164 21.8929996490479 21.2819995880127 19.5830001831055 17.8619995117188 17.1459999084473 18.6749992370605 20.2800006866455 21.253999710083 20.8439998626709 20.2630004882812 18.625 16.1270008087158 14.8000001907349 13.4259996414185 13.5570001602173 14.9770002365112 15.4320001602173 17.1840000152588 17.8050003051758 19.4619998931885 19.7830009460449 19.7189998626709 19.1389999389648 18.8040008544922
21.4249992370605 20.632999420166 20.2469997406006 21.0750007629395 22.0200004577637 23.8770008087158 25.8519992828369 26.121000289917 25.7859992980957 23.9839992523193 22.1889991760254 22.3680000305176 26.0340003967285 28.7469997406006 29.4839992523193 29.7229995727539 28.9020004272461 28.2870006561279 26.2029991149902 24.121000289917 23.4330005645752 21.4740009307861 20.2269992828369 19.3700008392334 19.0879993438721 18.7569999694824 18.2700004577637 17.4740009307861 18.6720008850098 20.2950000762939 20.3330001831055 19.3040008544922 18.2910003662109 16.2490005493164 14.4720001220703 11.6999998092651 11.5229997634888 10.2950000762939 11.8839998245239 16.3460006713867 19.4769992828369 20.1060009002686 20.7080001831055 20.7259998321533 19.6989994049072 19.1840000152588
20.6049995422363 20.2479991912842 20.1469993591309 20.007999420166 22.0820007324219 25.2040004730225 26.3689994812012 26.2740001678467 25.5230007171631 23.4540004730225 21.6679992675781 23.8229999542236 26.6079998016357 28.9290008544922 29.4069995880127 29.5970001220703 28.8460006713867 26.8850002288818 24.878999710083 24.4589996337891 22.5949993133545 19.4120006561279 20.9400005340576 22.5839996337891 21.9790000915527 21.6359996795654 21.0900001525879 20.6280002593994 18.5160007476807 19.0659999847412 18.7000007629395 17.5849990844727 16.5380001068115 15.0950002670288 11.1719999313354 8.60599994659424 6.45900011062622 8.14999961853027 10.2019996643066 17.0599994659424 19.7609996795654 20.8169994354248 20.867000579834 20.5769996643066 20.113000869751 19.4769992828369
19.5540008544922 19.0049991607666 19.7439994812012 20.6070003509521 22.4069995880127 24.8500003814697 25.132999420166 25.386999130249 24.4139995574951 23.0109996795654 22.1749992370605 24.1630001068115 27.1849994659424 28.2569999694824 28.7290000915527 28.5249996185303 27.867000579834 26.4260005950928 24.5289993286133 23.5 21.8950004577637 19.2140007019043 21.0459995269775 23.5970001220703 23.7180004119873 23.7779998779297 22.7980003356934 22.7730007171631 20.5109996795654 16.6149997711182 15.4270000457764 15.1719999313354 13.5159997940063 12.753999710083 10.793999671936 9.67599964141846 7.90199995040894 8.53299999237061 10.9079999923706 16.9619998931885 19.306999206543 20.5890007019043 21.1690006256104 21.6809997558594 22.1299991607666 21.1630001068115
18.867000579834 18.2399997711182 18.6760005950928 20.0189990997314 21.7689990997314 22.9899997711182 23.375 23.621000289917 23.6720008850098 22.5429992675781 22.6270008087158 23.9729995727539 24.7660007476807 26.0170001983643 27.5779991149902 27.2749996185303 27.0750007629395 25.2000007629395 24.0709991455078 22.6669998168945 21.8819999694824 21.7530002593994 23.4029998779297 24.7700004577637 25.0779991149902 25.1149997711182 24.1560001373291 23.443000793457 20.7070007324219 15.1730003356934 12.3990001678467 11.7250003814697 11.3940000534058 10.5170001983643 10.0620002746582 10.0699996948242 9.9980001449585 9.88099956512451 15.9589996337891 19.0709991455078 20.1200008392334 21.431999206543 21.951000213623 22.8010005950928 23.5130004882812 22.7320003509521
18.2210006713867 17.6580009460449 17.9610004425049 19.4160003662109 21.0149993896484 22.0450000762939 21.8659992218018 21.9619998931885 21.867000579834 23.0189990997314 23.5820007324219 24.2339992523193 24.5629997253418 25.3369998931885 26.2549991607666 25.3589992523193 26.5790004730225 24.7749996185303 24.0890007019043 21.2350006103516 20.7210006713867 22.1700000762939 24.3390007019043 26.2369995117188 26.6609992980957 26.2649993896484 26.0069999694824 25.2929992675781 21.1669998168945 15.6400003433228 11.875 10.5459995269775 10.7959995269775 10.6429996490479 10.7370004653931 10.8549995422363 10.7480001449585 11.6110000610352 15.7189998626709 19.0389995574951 22.0359992980957 23.5580005645752 24.4829998016357 23.8320007324219 24.7320003509521 24.3150005340576
19.2029991149902 17.1159992218018 17.753999710083 17.4400005340576 18.2150001525879 20.9260005950928 21.5209999084473 21.1879997253418 20.9409999847412 22.5550003051758 23.496000289917 24.3999996185303 24.8990001678467 24.9270000457764 24.7220001220703 22.3409996032715 23.5359992980957 24.4069995880127 24.298999786377 20.1229991912842 21.4899997711182 23.2450008392334 25.3939990997314 27.0340003967285 27.4209995269775 27.2210006713867 26.67799949646 25.2660007476807 23.3419990539551 19.1679992675781 14.6370000839233 10.5030002593994 10.9259996414185 11.2959995269775 11.83899974823 12.9250001907349 14.0719995498657 17.1809997558594 16.8339996337891 19.3139991760254 23.2479991912842 23.8780002593994 26.6879997253418 27.1749992370605 26.7900009155273 26.0310001373291
19.1609992980957 17.6499996185303 17.443000793457 15.9390001296997 18.0659999847412 20.7450008392334 21.306999206543 20.7240009307861 21.2240009307861 22.8859996795654 23.3169994354248 24.2490005493164 24.488000869751 24.7819995880127 23.5830001831055 21.2049999237061 22.3229999542236 23.5149993896484 21.8439998626709 20.4580001831055 22.3330001831055 23.6560001373291 25.3810005187988 27.0610008239746 27.5809993743896 27.5879993438721 26.7070007324219 25.3360004425049 21.9810009002686 22.9349994659424 19.2360000610352 12.8439998626709 10.9289999008179 11.7609996795654 13.2580003738403 18.1450004577637 18.5289993286133 20.4869995117188 17.1389999389648 20.5179996490479 24.0580005645752 26.8020000457764 28.0450000762939 28.2600002288818 28.05299949646 27.1889991760254
