01_datasets/03_gis/02_asc_chm-r50m/HS22X7.asc
NCOLS 201 
NROWS 200 
XLLCORNER 570872 
YLLCORNER 5219304.5 
CELLSIZE 0.5 
NODATA_value -3.4e+38 
[rows 40 to 59 of 200, columns 46 to 91 of 201]
38.6619987487793 38.2220001220703 37.9000015258789 36.7529983520508 36.6279983520508 36.1150016784668 33.7639999389648 33.6450004577637 34.0699996948242 34.1780014038086 33.7109985351562 34.2070007324219 34.0830001831055 32.9090003967285 31.3929996490479 29.7590007781982 29.9640007019043 30.1860008239746 30.5590000152588 31.5510005950928 33.7709999084473 35.6699981689453 35.5229988098145 35.7070007324219 36.7649993896484 37.5690002441406 37.1080017089844 36.2999992370605 35.5289993286133 34.4370002746582 33.7630004882812 33.7599983215332 33.1440010070801 31.5030002593994 30.4090003967285 30.1700000762939 30.9249992370605 32.6290016174316 32.6430015563965 32.7999992370605 32.798999786377 32.5940017700195 32.6310005187988 32.6199989318848 33.060001373291 36.1870002746582
38.3979988098145 38.273998260498 38.5909996032715 38.1940002441406 37.5800018310547 36.7589988708496 33.5470008850098 33.1049995422363 33.7060012817383 33.6069984436035 32.5480003356934 32.6399993896484 32.4560012817383 31.1410007476807 31.4109992980957 30.3780002593994 31.7779998779297 31.117000579834 31.6219997406006 32.2639999389648 32.4809989929199 34.4609985351562 34.0449981689453 35.5989990234375 36.5349998474121 37.0429992675781 36.0859985351562 35.6030006408691 34.7229995727539 33.6349983215332 32.6430015563965 33.0410003662109 29.8059997558594 30.0520000457764 30.8600006103516 31.3190002441406 32.2229995727539 32.7760009765625 32.3440017700195 32.1279983520508 30.6919994354248 30.7229995727539 31.5799999237061 32.367000579834 33.4799995422363 35.6910018920898
38.132999420166 38.8600006103516 39.351001739502 39.1150016784668 38.2890014648438 37.2379989624023 35.2400016784668 34.0200004577637 32.734001159668 31.5179996490479 30.4360008239746 31.4699993133545 30.4179992675781 31.5860004425049 32.8440017700195 32.1380004882812 32.9049987792969 32.5340003967285 33.3170013427734 33.5530014038086 33.7379989624023 32.5849990844727 32.1110000610352 32.2150001525879 35.2299995422363 35.2750015258789 35.4150009155273 34.726001739502 34.1860008239746 33.1440010070801 31.3010005950928 30.5860004425049 28.7339992523193 30.6940002441406 31.1340007781982 32.7410011291504 33.0460014343262 33.4560012817383 33.1650009155273 31.8290004730225 30.5370006561279 30.6490001678467 30.9489994049072 31.5270004272461 33.5670013427734 34.5449981689453
38.2060012817383 39.0890007019043 39.5069999694824 39.2389984130859 38.4269981384277 37.5060005187988 36.4780006408691 34.7140007019043 32.689998626709 27.9300003051758 29.1709995269775 30.6299991607666 27.2070007324219 32.0579986572266 34.2459983825684 35.9259986877441 35.2019996643066 34.3660011291504 34.5299987792969 34.3839988708496 34.3540000915527 31.9570007324219 31.3349990844727 31.2800006866455 32.7400016784668 33.8689994812012 33.0470008850098 33.7830009460449 33.5 31.4559993743896 28.7709999084473 27.9710006713867 30.1410007476807 31.5930004119873 32.3370018005371 32.8530006408691 33.5069999694824 33.4860000610352 32.8839988708496 32.2809982299805 30.9230003356934 30.4230003356934 30.2059993743896 31.3449993133545 34.1510009765625 34.6020011901855
37.5989990234375 38.2220001220703 38.7490005493164 38.4370002746582 37.7719993591309 36.9449996948242 36.4179992675781 35.0279998779297 33.0909996032715 30.4479999542236 28.9519996643066 29.4230003356934 26.7469997406006 31.6389999389648 35.8819999694824 36.8880004882812 36.564998626709 36.1769981384277 36.9970016479492 36.4550018310547 35.4410018920898 33.7509994506836 32.8720016479492 31.1490001678467 32.3310012817383 33.2849998474121 31.5300006866455 31.4740009307861 32.0169982910156 29.3269996643066 26.9449996948242 27.2259998321533 30.1140003204346 31.6749992370605 32.0639991760254 32.7210006713867 33.2190017700195 33.1389999389648 32.3190002441406 32.0040016174316 30.3549995422363 29.5820007324219 28.1459999084473 29.3050003051758 31.0790004730225 33.7179985046387
37.1650009155273 37.7130012512207 38.1539993286133 37.6419982910156 37.4679985046387 36.7060012817383 36.3279991149902 34.8629989624023 32.6790008544922 30.6840000152588 29.6720008850098 28.992000579834 32.7000007629395 35.3689994812012 36.9770011901855 38.0779991149902 38.1590003967285 38.2060012817383 38.4599990844727 37.4290008544922 36.4830017089844 36.1710014343262 34.2439994812012 32.0270004272461 34.1040000915527 33.4809989929199 31.3129997253418 30.5069999694824 30.1060009002686 28.7779998779297 26.5170001983643 25.9130001068115 28.7600002288818 29.5809993743896 31.5179996490479 31.5270004272461 32.8330001831055 32.3769989013672 31.7350006103516 31.5499992370605 30.4629993438721 28.8439998626709 27.5669994354248 28.4330005645752 30.5839996337891 31.8099994659424
36.2000007629395 36.851001739502 37.2599983215332 37.2159996032715 37.0839996337891 36.3170013427734 35.882999420166 34.2639999389648 33.3689994812012 30.5699996948242 29.5739994049072 31.1079998016357 34.568000793457 36.201000213623 36.9300003051758 38.3470001220703 39.4990005493164 39.7179985046387 39.3470001220703 38.3030014038086 37.064998626709 37.1629981994629 35.0250015258789 35.1100006103516 35.443000793457 34.5620002746582 32.2060012817383 32.1910018920898 31.5550003051758 29.0550003051758 26.8279991149902 25.8619995117188 26.0049991607666 26.0030002593994 28.7810001373291 31.4529991149902 32.4819984436035 31.5550003051758 30.6140003204346 30.0909996032715 29.7679996490479 27.9570007324219 26.9479999542236 27.4860000610352 29.3229999542236 29.8589992523193
35.0699996948242 36.7690010070801 37.0180015563965 37.5029983520508 36.9980010986328 35.576000213623 33.9070014953613 33.1839981079102 31.8619995117188 31.3369998931885 30.5060005187988 31.7399997711182 32.7779998779297 34.9379997253418 37.4830017089844 39.2970008850098 40.3779983520508 40.7690010070801 40.2690010070801 39.3919982910156 37.9770011901855 37.2890014648438 36.7480010986328 35.9449996948242 35.9169998168945 35.2560005187988 33.9609985351562 33.9790000915527 32.7859992980957 30.5389995574951 27.0799999237061 26.8819999694824 28.7110004425049 28.7630004882812 30.0690002441406 29.6110000610352 31.4230003356934 30.7980003356934 29.443000793457 28.753999710083 28.9309997558594 28.3759994506836 27.4340000152588 27.9549999237061 28.3530006408691 28.1669998168945
34.2869987487793 35.7249984741211 37.234001159668 37.443000793457 36.6679992675781 35.4160003662109 33.367000579834 32.5219993591309 31.1749992370605 30.1200008392334 31.2870006561279 32.2770004272461 32.9070014953613 35.9669990539551 38.0880012512207 39.1510009765625 40.3089981079102 40.5890007019043 40.3040008544922 38.6479988098145 38.625 37.2319984436035 37.2830009460449 36.3959999084473 37.2439994812012 36.0690002441406 34.6290016174316 33.6699981689453 32.9129981994629 31.8209991455078 28.2730007171631 27.4570007324219 29.0750007629395 32.6590003967285 32.1800003051758 30.2630004882812 29.7070007324219 29.7019996643066 29.4020004272461 28.9810009002686 29.2369995117188 29.1499996185303 28.4529991149902 27.2849998474121 26.0310001373291 25.5419998168945
34.2910003662109 34.8460006713867 36.3969993591309 36.3889999389648 36.2109985351562 36.1800003051758 34.0460014343262 32.3190002441406 30.55299949646 29.4839992523193 29.6949996948242 31.1469993591309 33.1479988098145 35.8310012817383 37.7379989624023 38.8440017700195 39.7610015869141 40.0550003051758 39.7980003356934 38.4599990844727 37.5069999694824 38.5209999084473 38.568000793457 38.1380004882812 38.1110000610352 37.1800003051758 35.0069999694824 32.8450012207031 32.6749992370605 29.8560009002686 26.8020000457764 26.7320003509521 30.1429996490479 32.689998626709 32.7770004272461 29.431999206543 29.2140007019043 29.0830001831055 29.1459999084473 28.9130001068115 29.253999710083 29.193000793457 28.3980007171631 27.1650009155273 25.8299999237061 25.5879993438721
33.2980003356934 34.5909996032715 35.2270011901855 35.4080009460449 35.1290016174316 34.5639991760254 33.4980010986328 32.4700012207031 29.9440002441406 28.1700000762939 26.4340000152588 27.4909992218018 30.9529991149902 36.2830009460449 37.1430015563965 38.4550018310547 38.7060012817383 39.451000213623 39.2400016784668 38.9930000305176 38.4939994812012 38.6860008239746 39.2089996337891 38.8450012207031 37.9990005493164 37.1069984436035 34.2970008850098 33.3079986572266 33.1100006103516 30.4890003204346 26.996000289917 26.875 26.8700008392334 26.9039993286133 27.0599994659424 25.4950008392334 26.1879997253418 28.1749992370605 28.1830005645752 28.6459999084473 28.576000213623 28.5830001831055 27.6700000762939 26.7770004272461 26.1410007476807 24.3689994812012
31.5470008850098 33.048999786377 33.8059997558594 34.2630004882812 34.3310012817383 33.2719993591309 32.2210006713867 31.4150009155273 29.9489994049072 28.7700004577637 26.6490001678467 29.4950008392334 33.3499984741211 35.4280014038086 36.4249992370605 37.423999786377 37.6199989318848 37.7550010681152 38.1699981689453 37.5950012207031 37.867000579834 38.1949996948242 38.9329986572266 38.4309997558594 37.8400001525879 36.4980010986328 34.4959983825684 33.6679992675781 33.3839988708496 31.5830001831055 27.9029998779297 27.3680000305176 26.7430000305176 26.0090007781982 25.3530006408691 25.0499992370605 24.826000213623 26.7250003814697 27.8209991455078 28.7129993438721 28.6000003814697 28.2189998626709 27.3309993743896 26.3959999084473 24.2849998474121 23.1049995422363
30.8939990997314 31.048999786377 31.4689998626709 32.3979988098145 32.5740013122559 31.3369998931885 31.261999130249 30.556999206543 29.9939994812012 30.8729991912842 31.9790000915527 32.4560012817383 34.6980018615723 34.476001739502 35.201000213623 36.5260009765625 36.4280014038086 36.242000579834 36.8190002441406 35.9690017700195 37.0480003356934 37.7900009155273 38.1319999694824 38.1310005187988 36.8569984436035 36.2910003662109 35.5 33.8269996643066 33.4570007324219 32.3129997253418 30.0849990844727 27.9039993286133 27.5790004730225 28.6200008392334 29.7660007476807 26.5769996643066 26.1509990692139 26.4860000610352 28.6590003967285 29.431999206543 29.0659999847412 27.6749992370605 26.8560009002686 26.0359992980957 24.488000869751 22.0599994659424
29.9720001220703 30.193000793457 31.1149997711182 31.3390007019043 31.0930004119873 30.1940002441406 30.2250003814697 30.8619995117188 32.3440017700195 32.9449996948242 33.9070014953613 34.3040008544922 34.3680000305176 33.0169982910156 33.1559982299805 34.132999420166 35.1020011901855 35.4099998474121 35.492000579834 35.193000793457 36.3569984436035 36.8110008239746 37.2690010070801 37.3950004577637 36.8650016784668 36.0410003662109 34.3629989624023 33.2840003967285 31.8719997406006 30.125 28.7099990844727 29.9790000915527 30.3659992218018 32.2179985046387 32.5909996032715 29.7110004425049 27.5370006561279 28.2660007476807 29.8059997558594 30.2339992523193 30.1830005645752 30.4829998016357 30.69700050354 28.4599990844727 27.8369998931885 26.8600006103516
27.6469993591309 29.6399993896484 30.4080009460449 30.0900001525879 30.0900001525879 30.1159992218018 30.5979995727539 31.5330009460449 33.0579986572266 34.0480003356934 35.1279983520508 35.318000793457 35.2070007324219 34.9010009765625 32.5359992980957 33.8740005493164 34.1570014953613 34.1590003967285 34.0200004577637 34.3709983825684 36.1440010070801 36.2690010070801 36.5870018005371 36.9379997253418 36.1990013122559 35.1720008850098 32.2560005187988 31.8659992218018 31.7150001525879 30.3150005340576 30.0790004730225 31.0520000457764 32.0120010375977 32.9830017089844 32.9280014038086 31.7670001983643 29.6949996948242 29.431999206543 31.0270004272461 32.3050003051758 31.9650001525879 31.3530006408691 31.4370002746582 30.82200050354 29.5990009307861 29.2970008850098
26.9080009460449 28.1959991455078 29.3950004577637 29.0429992675781 29.6140003204346 30.4069995880127 31.3439998626709 32.2789993286133 33.7639999389648 35.023998260498 36.7070007324219 36.6279983520508 36.310001373291 36.3950004577637 34.9150009155273 33.5359992980957 33.0470008850098 33.2789993286133 33.6689987182617 33.6809997558594 34.2939987182617 34.9290008544922 35.2150001525879 34.8470001220703 34.117000579834 33.9739990234375 31.8339996337891 31.9120006561279 32.2309989929199 32.1959991455078 33.0610008239746 33.5900001525879 34.1110000610352 34.2490005493164 34.4939994812012 32.9900016784668 32.2089996337891 31.4139995574951 32.6609992980957 33.6430015563965 33.6180000305176 32.7229995727539 32.9179992675781 32.3429985046387 31.8059997558594 30.4370002746582
26.6359996795654 26.7749996185303 28.2660007476807 29.6079998016357 29.9290008544922 31.121000289917 32.6520004272461 34.2389984130859 34.8600006103516 36.5139999389648 37.7089996337891 37.6180000305176 37.398998260498 37.1710014343262 36.0200004577637 33.7589988708496 33.1650009155273 33.2239990234375 32.6800003051758 32.3269996643066 32.8289985656738 34.3219985961914 33.7789993286133 33.8460006713867 34.298999786377 32.9469985961914 31.0639991760254 31.443000793457 32.9799995422363 33.9109992980957 35.0270004272461 35.2760009765625 36.0359992980957 35.798999786377 35.3320007324219 34.515998840332 33.3390007019043 33.4930000305176 33.5839996337891 34.2900009155273 34.5979995727539 34.4770011901855 34.4049987792969 33.4339981079102 33.0340003967285 32.2929992675781
21.625 25.4120006561279 25.8330001831055 28.9330005645752 29.8589992523193 32.7760009765625 33.5670013427734 34.7729988098145 36.2350006103516 37.5830001831055 38.0620002746582 38.5250015258789 38.2859992980957 37.5400009155273 36.8019981384277 35.3429985046387 33.4099998474121 32.7140007019043 31.7759990692139 30.7919998168945 30.4659996032715 31.9610004425049 32.8470001220703 33.2729988098145 33.8680000305176 32.1419982910156 30.4850006103516 30.7070007324219 32.6959991455078 34.3240013122559 35.2760009765625 35.7610015869141 36.7789993286133 36.5970001220703 35.9700012207031 35.0060005187988 33.9090003967285 33.6059989929199 33.273998260498 34.9059982299805 35.6870002746582 35.5089988708496 35.4300003051758 34.3089981079102 33.5540008544922 32.7099990844727
22.0429992675781 24.7950000762939 22.8129997253418 23.9200000762939 27.8080005645752 32.3530006408691 33.9070014953613 35.7169990539551 36.7929992675781 37.4249992370605 38.5029983520508 39.3030014038086 39.1529998779297 38.1300010681152 36.2459983825684 35.8839988708496 33.2099990844727 32.6290016174316 30.6959991455078 31.0380001068115 31.2029991149902 32.1959991455078 32.3279991149902 32.8759994506836 33.185001373291 31.371000289917 30.173999786377 30.4220008850098 31.7830009460449 33.6199989318848 35.3409996032715 36.1689987182617 36.9379997253418 37.0719985961914 36.4280014038086 35.1689987182617 33.8810005187988 32.7760009765625 33.9179992675781 34.7719993591309 35.8230018615723 36.359001159668 36.3170013427734 34.9129981994629 34.0180015563965 32.5880012512207
24.42799949646 23.7320003509521 23.1319999694824 23.0580005645752 24.7229995727539 30.0470008850098 31.9740009307861 35.7239990234375 37.0610008239746 37.818000793457 38.7449989318848 39.4020004272461 39.1800003051758 38.4140014648438 36.1669998168945 35.6720008850098 34.3849983215332 31.2959995269775 30.5559997558594 31.8500003814697 33.0439987182617 33.3429985046387 33.2529983520508 33.5349998474121 32.9029998779297 31.7089996337891 30.4489994049072 29.9659996032715 31.6550006866455 33.560001373291 35.4370002746582 36.4049987792969 36.7050018310547 36.875 36.3600006103516 34.9469985961914 34.6969985961914 34.560001373291 34.7439994812012 34.9480018615723 35.8779983520508 36.439998626709 36.189998626709 35.3849983215332 34.4729995727539 32.8320007324219
