01_datasets/03_gis/02_asc_chm-r50m/HS221B.asc
NCOLS 200 
NROWS 200 
XLLCORNER 567926 
YLLCORNER 5222690.5 
CELLSIZE 0.5 
NODATA_value -3.4e+38 
[rows 120 to 139 of 200, columns 138 to 183 of 200]
26.056999206543 27.2889995574951 27.6469993591309 27.55299949646 27.4150009155273 20.9930000305176 15.6040000915527 9.39200019836426 1.88800001144409 1.02100002765656 0.86599999666214 0.676999986171722 0.628000020980835 0.665000021457672 1.56900000572205 4.2189998626709 4.76800012588501 5.83699989318848 17.9009990692139 23.8090000152588 25.7770004272461 26.9400005340576 27.9039993286133 27.5429992675781 27.1529998779297 25.0189990997314 23.7490005493164 24.5639991760254 24.7889995574951 24.9659996032715 26.2749996185303 29.8969993591309 31.6490001678467 34.8559989929199 37.3110008239746 38.8629989624023 39.6150016784668 39.6510009765625 37.0330009460449 37.0019989013672 34.4799995422363 33.0670013427734 32.8940010070801 31.9759998321533 31.1700000762939 28.7450008392334
16.69700050354 21.6299991607666 24.5400009155273 22.4389991760254 20.4820003509521 16.826000213623 11.6309995651245 7.16900014877319 1.19799995422363 0.837999999523163 0.699000000953674 0.623000025749207 0.592999994754791 0.564000010490417 1.1139999628067 4.48899984359741 10.0989999771118 10.5649995803833 18.7229995727539 22.4370002746582 23.1940002441406 25.7609996795654 28.132999420166 28.8239994049072 28.636999130249 27.6019992828369 24.9300003051758 27.0400009155273 26.9300003051758 27.056999206543 25.4839992523193 27.9290008544922 33.1189994812012 34.681999206543 37.3019981384277 38.5369987487793 38.6749992370605 38.5149993896484 37.7379989624023 36.4980010986328 35.0830001831055 33.7809982299805 33.3390007019043 31.7000007629395 31.5030002593994 30.1009998321533
5.30100011825562 8.14900016784668 22.7479991912842 16.3050003051758 13.164999961853 10.5970001220703 8.43900012969971 4.05399990081787 1.10699999332428 1.0789999961853 0.734000027179718 0.689000010490417 0.658999979496002 0.629000008106232 0.742999970912933 1.13100004196167 7.40899991989136 13.8100004196167 19.4179992675781 22.0610008239746 25.7360000610352 27.8059997558594 28.9409999847412 29.7740001678467 30.1989994049072 30.6919994354248 30.1310005187988 29.1140003204346 28.4699993133545 28.2430000305176 28.8449993133545 29.4720001220703 32.0190010070801 35.3380012512207 36.3499984741211 37.3330001831055 37.806999206543 37.6980018615723 36.818000793457 35.951000213623 35.310001373291 34.5279998779297 33.5 33.0050010681152 31.2299995422363 30.257999420166
5.85200023651123 19.3799991607666 27.8290004730225 15.1540002822876 8.04699993133545 9.10900020599365 3.72099995613098 1.27100002765656 1.05999994277954 0.958000004291534 0.861000001430511 0.833999991416931 0.723999977111816 0.694999992847443 0.665000021457672 1.00199997425079 3.92799997329712 10.8199996948242 17.3369998931885 22.2709999084473 28.761999130249 28.7660007476807 30.2310009002686 30.9109992980957 30.9249992370605 30.613000869751 29.9549999237061 29.8899993896484 29.3540000915527 28.298999786377 27.9869995117188 28.5440006256104 30.2560005187988 33.2960014343262 34.931999206543 34.976001739502 35.9329986572266 35.8979988098145 35.1539993286133 34.7879981994629 34.6829986572266 33.7820014953613 32.5979995727539 31.4130001068115 31.1499996185303 28.9810009002686
29.1870002746582 29.7689990997314 29.7220001220703 18.9710006713867 16.4540004730225 15.0010004043579 6.60099983215332 1.03600001335144 0.949000000953674 0.666000008583069 0.458000004291534 0.580999970436096 0.703999996185303 0.819999992847443 0.730000019073486 0.820999979972839 0.850000023841858 13.7740001678467 22.3439998626709 27.6730003356934 30.2900009155273 31.0209999084473 31.8430004119873 32.0970001220703 32.2350006103516 32.2820014953613 31.67799949646 30.7759990692139 30.1940002441406 28.8169994354248 27.613000869751 27.1189994812012 29.1490001678467 30.3419990539551 32.2560005187988 30.056999206543 32.5060005187988 33.7849998474121 33.8289985656738 33.3709983825684 33.4129981994629 33.1080017089844 32.2820014953613 31.2119998931885 31.5419998168945 28.3640003204346
29.8560009002686 29.6690006256104 29.6049995422363 26.3209991455078 25.7849998474121 20.4190006256104 12.6070003509521 4.20800018310547 0.521000027656555 2.87400007247925 5.33099985122681 3.84400010108948 2.03399991989136 0.596000015735626 0.663999974727631 0.731000006198883 0.867999970912933 19.3250007629395 24.6720008850098 28.3939990997314 30.6849994659424 32.4150009155273 33.4080009460449 33.451000213623 33.4500007629395 33.0900001525879 33.0120010375977 31.2770004272461 30.82200050354 29.5659999847412 28.2080001831055 25.2919998168945 27.0359992980957 29.69700050354 30.5930004119873 31.2240009307861 31.238000869751 32.0750007629395 32.484001159668 32.826000213623 32.867000579834 32.8870010375977 31.8649997711182 30.9610004425049 29.9570007324219 28.9020004272461
31.3610000610352 31.6429996490479 31.3369998931885 31.1420001983643 28.818000793457 27.1520004272461 20.2299995422363 10.1800003051758 5.49200010299683 10.3900003433228 13.4989995956421 1.12600004673004 9.30799961090088 7.4980001449585 5.68800020217896 4.68800020217896 6.09499979019165 20.8509998321533 20.9529991149902 27.5310001373291 31.0270004272461 33.015998840332 33.5909996032715 34.3720016479492 34.3050003051758 34.1619987487793 33.2060012817383 31.798999786377 31.2450008392334 30.5960006713867 27.0020008087158 20.6060009002686 23.1909999847412 26.173999786377 28.6450004577637 29.3349990844727 30.7859992980957 31.5669994354248 32.4799995422363 32.673999786377 32.5769996643066 32.7770004272461 31.2089996337891 30.1900005340576 28.5480003356934 27.9050006866455
31.9839992523193 32.5359992980957 32.8460006713867 32.0690002441406 30.3640003204346 28.7959995269775 27.363000869751 19.0200004577637 12.6490001678467 17.753999710083 20.4330005645752 18.2299995422363 4.14699983596802 14.7720003128052 13.7829999923706 14.0920000076294 16.2889995574951 20.94700050354 20.7450008392334 26.7350006103516 30.8470001220703 32.560001373291 33.484001159668 34.4640007019043 34.5499992370605 34.2569999694824 33.3730010986328 32.1949996948242 30.6580009460449 29.3729991912842 29.7110004425049 22.9689998626709 23.7390003204346 26.9300003051758 28.44700050354 29.4669990539551 31.9479999542236 32.0429992675781 32.8040008544922 33.0289993286133 32.9830017089844 32.8339996337891 31.4519996643066 30.5629997253418 29.9629993438721 27.9190006256104
32.2060012817383 32.939998626709 32.9169998168945 32.2169990539551 30.8579998016357 29.1380004882812 28.8659992218018 28.0930004119873 20.7189998626709 23.7740001678467 22.8850002288818 21.3169994354248 14.4569997787476 20.0340003967285 16.8299999237061 17.1909999847412 20.9759998321533 20.6790008544922 20.128999710083 27.0669994354248 29.632999420166 31.9939994812012 33.1259994506836 33.4500007629395 34.3849983215332 34.1269989013672 33.7519989013672 31.9029998779297 29.8700008392334 29.2220001220703 29.1439990997314 23.753999710083 24.9389991760254 27.3980007171631 29.6749992370605 31.1989994049072 32.1689987182617 33.640998840332 34.2760009765625 34.5400009155273 34.6440010070801 33.7890014648438 32.7480010986328 31.6840000152588 30.9640007019043 28.0869998931885
31.44700050354 32.5579986572266 32.7859992980957 32.1689987182617 30.8729991912842 29.2929992675781 29.0429992675781 27.2810001373291 25.6070003509521 26.6620006561279 25.1389999389648 24.4080009460449 24.3509998321533 24.1949996948242 21.0839996337891 17.4290008544922 18.2719993591309 18.2369995117188 17.9979991912842 27.2310009002686 28.9050006866455 30.246000289917 32.148998260498 32.4480018615723 33.4589996337891 33.0610008239746 32.556999206543 31.7099990844727 28.25 27.9890003204346 28.2719993591309 23.1270008087158 22.8299999237061 26.576000213623 30.3950004577637 32.0379981994629 32.9990005493164 33.9939994812012 35.9490013122559 36.1230010986328 34.8219985961914 34.1889991760254 32.6710014343262 31.6229991912842 29.132999420166 26.5580005645752
30.113000869751 30.3190002441406 30.9519996643066 30.9400005340576 29.6280002593994 28.5839996337891 29.7910003662109 29.6359996795654 28.4309997558594 27.0429992675781 28.1800003051758 29.632999420166 28.3309993743896 25.19700050354 26.2059993743896 25.2080001831055 19.5930004119873 19.0739994049072 19.4220008850098 28.007999420166 28.3799991607666 29.2080001831055 31.1089992523193 31.9669990539551 31.9759998321533 31.5300006866455 30.8759994506836 31.1389999389648 27.0249996185303 27.2940006256104 25.9950008392334 21.9689998626709 22.3279991149902 26.3400001525879 29.8990001678467 32.0279998779297 34.0460014343262 35.2099990844727 36.5219993591309 37.4860000610352 36.8440017700195 34.7779998779297 34.1399993896484 32.2169990539551 28.7530002593994 26.75
29.0499992370605 28.4969997406006 28.2660007476807 28.9069995880127 29.1350002288818 28.6030006408691 30.0389995574951 30.8840007781982 32.4589996337891 31.6180000305176 31.4249992370605 32.2980003356934 31.2320003509521 29.0540008544922 28.0830001831055 30.2929992675781 29.6940002441406 26.9419994354248 25.511999130249 26.3560009002686 26.7119998931885 28.2670001983643 29.0790004730225 31.0650005340576 30.6410007476807 30.3239994049072 30.5669994354248 29.3500003814697 26.2259998321533 25.8880004882812 23.3980007171631 22.5820007324219 24.3980007171631 27.7310009002686 29.0970001220703 30.4109992980957 32.8979988098145 34.3320007324219 35.9889984130859 36.7169990539551 35.6959991455078 35.0480003356934 32.8219985961914 31.3579998016357 28.9610004425049 28.2859992980957
28.4029998779297 28.0370006561279 27.0729999542236 27.931999206543 28.0629997253418 29.5389995574951 30.7089996337891 31.1529998779297 33.4119987487793 34.6389999389648 34.1220016479492 34.4879989624023 33.6940002441406 26.9710006713867 29.6580009460449 31.1889991760254 30.7759990692139 29.8600006103516 27.9459991455078 26.7600002288818 25.6539993286133 26.3040008544922 26.4640007019043 29.2980003356934 29.5009994506836 28.871000289917 28.0380001068115 26.0410003662109 25.44700050354 24.738000869751 23.2169990539551 23.4230003356934 25.3540000915527 26.5389995574951 29.0860004425049 30.0550003051758 31.1580009460449 32.6730003356934 34.648998260498 34.9500007629395 34.5400009155273 33.2550010681152 31.2660007476807 29.5240001678467 27.5109996795654 24.1180000305176
27.8819999694824 27.3400001525879 24.9729995727539 26.4890003204346 26.8990001678467 29.0909996032715 29.3229999542236 30.6679992675781 33.6339988708496 35.6290016174316 35.7039985656738 35.4860000610352 33.4140014648438 28.5709991455078 31.1089992523193 32.226001739502 32.5999984741211 33.5369987487793 32.0989990234375 30.9300003051758 27.7369995117188 26.8250007629395 25.492000579834 26.2290000915527 26.3610000610352 25.5380001068115 24.7290000915527 24.2840003967285 24.1900005340576 24.4990005493164 23.9389991760254 24.5389995574951 24.2900009155273 25.0820007324219 27.507999420166 29.9020004272461 30.8470001220703 32.7410011291504 32.5470008850098 32.8040008544922 33.4059982299805 31.3400001525879 30.3090000152588 29.4829998016357 28.0359992980957 22.7600002288818
29.0690002441406 27.7199993133545 26.0739994049072 26.3579998016357 26.2630004882812 27.1299991607666 27.5860004425049 30.003999710083 34.556999206543 36.3289985656738 36.7929992675781 36.1139984130859 34.4799995422363 32.1609992980957 34.0289993286133 35.2229995727539 35.3370018005371 34.9259986877441 33.5209999084473 32.6040000915527 31.2749996185303 27.2700004577637 24.0520000457764 24.2749996185303 23.6989994049072 23.5480003356934 23.7810001373291 23.878999710083 23.5440006256104 23.9230003356934 24.8649997711182 25.4160003662109 25.2099990844727 24.5219993591309 26.2409992218018 28.5069999694824 30.2600002288818 31.6140003204346 30.2399997711182 31.1049995422363 31.1720008850098 29.6909999847412 29.693000793457 28.6079998016357 26.7900009155273 21.3279991149902
30.5979995727539 29.9540004730225 28.9610004425049 26.7439994812012 26.2749996185303 27.1259994506836 29.0930004119873 30.3610000610352 33.310001373291 35.9269981384277 36.8040008544922 36.4339981079102 35.1319999694824 33.7109985351562 35.4749984741211 36.851001739502 36.4970016479492 36.398998260498 35.1389999389648 32.9199981689453 31.3950004577637 26.8479995727539 23.4729995727539 22.1359996795654 22.0779991149902 20.9409999847412 21.6189994812012 22.9519996643066 23.2660007476807 24.193000793457 25.2950000762939 25.8880004882812 25.6760005950928 24.9829998016357 25.2849998474121 26.9169998168945 28.3700008392334 27.2870006561279 26.3999996185303 28.0139999389648 27.2800006866455 27.8150005340576 27.6590003967285 23.2900009155273 22.8379993438721 17.3419990539551
32.7610015869141 31.9169998168945 31.0349998474121 27.7929992675781 27.1200008392334 27.8390007019043 29.92799949646 32.0709991455078 33.8199996948242 34.6829986572266 35.1559982299805 34.8330001831055 34.6640014648438 35.0820007324219 36.7919998168945 37.8930015563965 37.6590003967285 36.6030006408691 35.7750015258789 33.7879981994629 31.6830005645752 28.8740005493164 23.82200050354 22.5359992980957 21.757999420166 18.6019992828369 17.7339992523193 22.3449993133545 23.2350006103516 24.2730007171631 25.3589992523193 25.8050003051758 25.0799999237061 24.4249992370605 25.0729999542236 25.2250003814697 25.6630001068115 23.7520008087158 23.4570007324219 25.0939998626709 25.5429992675781 25.0209999084473 22.9580001831055 16.0869998931885 16.2959995269775 16.2299995422363
35.2249984741211 34.5870018005371 31.9529991149902 30.9500007629395 25.2649993896484 26.2950000762939 28.8530006408691 29.6520004272461 30.5930004119873 31.136999130249 32.5270004272461 33.1269989013672 33.0610008239746 34.7680015563965 35.8860015869141 37.4010009765625 37.4669990539551 36.515998840332 35.6440010070801 33.7360000610352 31.8150005340576 28.8959999084473 23.5279998779297 23.068000793457 21.8770008087158 19.9769992828369 18.3400001525879 21.5 22.4629993438721 23.2959995269775 24.4799995422363 24.9869995117188 24.798999786377 24.076000213623 23.80299949646 24.1089992523193 23.9440002441406 23.1359996795654 19.8560009002686 23.3479995727539 24.5919990539551 24.3810005187988 20.576000213623 15.2740001678467 15.0100002288818 14.5659999847412
36.9329986572266 36.4339981079102 33.3680000305176 30.6509990692139 27.7970008850098 26.0060005187988 26.0359992980957 25.6560001373291 25.488000869751 29.4759998321533 30.8320007324219 31.9349994659424 32.5830001831055 33.9480018615723 35.4550018310547 36.0429992675781 36.6290016174316 36.4059982299805 35.1780014038086 32.8889999389648 31.0069999694824 26.2590007781982 23.2339992523193 21.6550006866455 21.0450000762939 17.9950008392334 18.0869998931885 21.1889991760254 21.943000793457 22.5349998474121 23.9150009155273 23.8239994049072 23.6749992370605 23.5799999237061 22.9850006103516 21.6520004272461 20.4810009002686 19.4519996643066 18.1439990997314 18.3159999847412 17.6879997253418 15.5 15.1510000228882 14.2370004653931 8.8100004196167 9.45199966430664
38.3810005187988 35.6100006103516 32.0470008850098 30.5 26.6420001983643 25.4449996948242 23.0459995269775 24.2630004882812 26.0209999084473 30.3740005493164 29.8570003509521 31.1569995880127 32.0999984741211 32.9410018920898 33.9850006103516 34.1730003356934 33.9059982299805 35.0970001220703 33.9990005493164 32.7190017700195 32.3250007629395 26.9120006561279 23.4290008544922 19.8129997253418 19.0750007629395 16.5259990692139 17.7569999694824 19.5629997253418 20.621000289917 21.2660007476807 22.4950008392334 22.2159996032715 21.9969997406006 21.8770008087158 21.4699993133545 20.4409999847412 19.5599994659424 17.1229991912842 14.7399997711182 13.1669998168945 13.3430004119873 12.8179998397827 14.9130001068115 15.3070001602173 15.2740001678467 2.31500005722046
