01_datasets/03_gis/02_asc_chm-r50m/HS22X7.asc
NCOLS 201 
NROWS 200 
XLLCORNER 570872 
YLLCORNER 5219304.5 
CELLSIZE 0.5 
NODATA_value -3.4e+38 
[rows 20 to 39 of 200, columns 46 to 91 of 201]
31.4820003509521 30.8950004577637 32.5660018920898 33.8720016479492 32.6100006103516 34.4770011901855 33.6300010681152 33.1459999084473 30.2210006713867 29.0100002288818 27.4389991760254 21.7199993133545 30.4330005645752 31.6660003662109 37.1829986572266 39.4049987792969 41.0260009765625 42.9329986572266 43.5149993896484 43.8050003051758 42.6699981689453 41.6539993286133 40.7569999694824 38.7379989624023 35.6629981994629 31.8190002441406 25.4060001373291 21.7999992370605 21.8840007781982 21.9689998626709 21.5729999542236 20.9599990844727 20.9179992675781 21.4130001068115 27.6889991760254 29.7210006713867 33.9370002746582 34.4160003662109 34.7560005187988 34.7389984130859 37.3120002746582 38.5050010681152 38.4710006713867 38.3199996948242 37.0629997253418 34.935001373291
32.5629997253418 31.0450000762939 33.8520011901855 34.8730010986328 34.0810012817383 35.7649993896484 36.0309982299805 35.0970001220703 32.810001373291 32.556999206543 29.0580005645752 28.3500003814697 30.8560009002686 31.3969993591309 39.0340003967285 40.4550018310547 41.5209999084473 42.9160003662109 43.8470001220703 43.9589996337891 43.4539985656738 42.101001739502 41.1160011291504 39.1969985961914 36.0909996032715 34.0670013427734 28.2789993286133 19.8700008392334 18.9589996337891 18.3460006713867 17.7339992523193 17.2910003662109 19.2089996337891 20.7059993743896 21.3579998016357 27.4300003051758 33.0279998779297 34.5099983215332 34.4980010986328 34.2089996337891 35.4469985961914 37.3769989013672 37.9379997253418 37.4970016479492 36.2229995727539 34.5559997558594
31.4249992370605 30.8999996185303 35.181999206543 36.2840003967285 36.7319984436035 37.8089981079102 37.8580017089844 36.9160003662109 35.6559982299805 33.5009994506836 30.238000869751 29.6620006561279 30.1140003204346 30.636999130249 36.234001159668 40.2960014343262 42.1360015869141 42.4449996948242 43.3580017089844 43.3479995727539 42.7389984130859 41.8880004882812 41.1180000305176 39.1619987487793 36.4099998474121 35.5480003356934 24.3899993896484 18.5200004577637 15.701000213623 14.5080003738403 13.8959999084473 15.7589998245239 17.5009994506836 18.9839992523193 19.9939994812012 25.2310009002686 29.3819999694824 32.3930015563965 33.8040008544922 33.7319984436035 34.3400001525879 35.4630012512207 35.8349990844727 35.8889999389648 35.5740013122559 34.7869987487793
31.4729995727539 32.1559982299805 35.564998626709 37.943000793457 38.5029983520508 39.2350006103516 39.2610015869141 37.8860015869141 37.0709991455078 34.6969985961914 33.2859992980957 31.8689994812012 30.5629997253418 34.0200004577637 37.3009986877441 38.7770004272461 41.9300003051758 42.3320007324219 42.9090003967285 42.9379997253418 42.7529983520508 42.265998840332 41.3969993591309 38.9690017700195 36.0470008850098 33.0660018920898 26.4750003814697 20.2169990539551 16.6229991912842 13.3249998092651 12.1850004196167 13.9890003204346 14.9060001373291 17.0200004577637 18.0979995727539 24.0809993743896 27.6270008087158 29.8799991607666 32.7280006408691 32.6860008239746 32.9809989929199 33.9249992370605 34.1660003662109 34.7960014343262 34.7709999084473 35.2210006713867
33.3880004882812 34.7760009765625 37.101001739502 38.8250007629395 39.5149993896484 40.548999786377 40.2470016479492 38.5890007019043 37.7999992370605 36.2309989929199 33.0890007019043 32.9640007019043 31.4050006866455 35.6100006103516 36.3460006713867 37.9410018920898 41.0120010375977 41.5110015869141 42.0810012817383 42.2680015563965 42.0810012817383 41.4809989929199 40.6539993286133 36.1399993896484 33.9020004272461 29.451000213623 24.7189998626709 22.1359996795654 19.9669990539551 17.7970008850098 16.7240009307861 17.6560001373291 16.9150009155273 19.3309993743896 19.4689998626709 22.3589992523193 25.9899997711182 28.2520008087158 31.5270004272461 32.3110008239746 32.726001739502 32.5069999694824 33.681999206543 34.4029998779297 34.1269989013672 34.5660018920898
34.7190017700195 36.8129997253418 38.2210006713867 39.2169990539551 40.234001159668 40.8400001525879 40.3450012207031 39.0719985961914 38.173999786377 36.4620018005371 33.7890014648438 32.4230003356934 32.4900016784668 33.3730010986328 35.1339988708496 35.9129981994629 39.2890014648438 39.4029998779297 39.9770011901855 40.6360015869141 40.0439987182617 38.7200012207031 37.9440002441406 35.5919990539551 32.8390007019043 26.9650001525879 23.0450000762939 23.4099998474121 21.4449996948242 18.6800003051758 17.121000289917 20.4260005950928 20.1359996795654 20.4200000762939 20.011999130249 21.7520008087158 24.0319995880127 28.7959995269775 32.1650009155273 32.173999786377 32.3530006408691 32.5699996948242 33.3959999084473 34.2879981994629 34.5219993591309 35.3849983215332
35.185001373291 36.9860000610352 38.5830001831055 39.5530014038086 39.8339996337891 40.1199989318848 39.7239990234375 39.109001159668 38.0999984741211 37.2910003662109 34.9379997253418 31.7759990692139 32.068000793457 31.9300003051758 31.8579998016357 32.7029991149902 35.2480010986328 37.1959991455078 38.1380004882812 38.3320007324219 37.1230010986328 35.3979988098145 34.0670013427734 32.351001739502 29.5400009155273 25.1140003204346 21.7910003662109 22.6480007171631 25.8969993591309 21.4869995117188 20.4589996337891 21.4179992675781 21.3560009002686 22.3430004119873 22.3010005950928 22.0550003051758 24.6539993286133 26.621000289917 30.9720001220703 31.0319995880127 31.5450000762939 31.5510005950928 32.8359985351562 34.2589988708496 35.1710014343262 36.242000579834
34.9539985656738 36.6209983825684 38.0970001220703 38.814998626709 38.9500007629395 39.2210006713867 38.9449996948242 38.3660011291504 37.5099983215332 36.3199996948242 34.8050003051758 31.9860000610352 30.4419994354248 29.8490009307861 29.5970001220703 29.0340003967285 31.1700000762939 33.2509994506836 37.7389984130859 37.2550010681152 34.5859985351562 34.0709991455078 31.6849994659424 29.3600006103516 28.2080001831055 24.2660007476807 22.121000289917 24.7280006408691 27.1189994812012 26.4759998321533 24.0020008087158 22.3920001983643 22.8470001220703 23.1809997558594 23.3369998931885 23.92799949646 24.7390003204346 25.8020000457764 26.9060001373291 29.181999206543 29.5319995880127 30.3889999389648 32.1570014953613 33.9560012817383 34.5919990539551 35.1580009460449
34.7070007324219 36.576000213623 37.4550018310547 37.7789993286133 37.9529991149902 38.1609992980957 37.6829986572266 37.0979995727539 35.8079986572266 34.826000213623 33.8320007324219 29.6669998168945 28.0930004119873 27.2509994506836 27.2119998931885 25.6219997406006 23.2679996490479 26.7280006408691 33.0660018920898 32.5979995727539 30.9300003051758 31.0410003662109 31.7709999084473 29.4179992675781 27.3150005340576 25.2140007019043 25.818000793457 28.32200050354 28.8980007171631 28.5419998168945 25.5879993438721 23.2900009155273 23.6439990997314 23.9979991912842 24.1660003662109 24.3899993896484 25.7830009460449 26.9300003051758 27.6499996185303 28.7180004119873 29.1429996490479 29.3649997711182 31.943000793457 33.0330009460449 34.2379989624023 34.9129981994629
33.8899993896484 35.1959991455078 36.984001159668 37.3400001525879 36.9869995117188 36.875 36.1669998168945 35.6710014343262 33.9389991760254 33.4020004272461 32.0740013122559 28.6979999542236 25.1040000915527 23.8470001220703 23.5440006256104 23.2569999694824 23.8889999389648 25.92799949646 26.9060001373291 30.1940002441406 29.1420001983643 26.7019996643066 29.6499996185303 30.5890007019043 28.9529991149902 29.9139995574951 29.0249996185303 29.9069995880127 30.0049991607666 29.0200004577637 27.5690002441406 25.9529991149902 23.9409999847412 24.5240001678467 24.9039993286133 25.0289993286133 27.798999786377 28.4580001831055 28.7399997711182 28.8530006408691 29.3010005950928 30.8199996948242 31.4869995117188 32.6590003967285 33.9109992980957 34.3600006103516
33.2480010986328 33.8650016784668 36.2150001525879 36.4210014343262 36.0929985046387 35.7080001831055 35.7700004577637 34.8429985046387 34.0359992980957 32.7919998168945 31.6410007476807 29.0160007476807 27.9559993743896 25.9699993133545 24.0310001373291 22.9790000915527 25.1240005493164 26.3400001525879 22.4009990692139 26.9890003204346 29.6159992218018 29.8999996185303 30.2959995269775 30.931999206543 32.1049995422363 31.9909992218018 31.7399997711182 32.3330001831055 31.2320003509521 30.5559997558594 27.2660007476807 26.681999206543 25.9309997558594 25.1469993591309 26.298999786377 27.5020008087158 28.375 29.2299995422363 29.4710006713867 29.7280006408691 29.5709991455078 30.1439990997314 30.996000289917 32.7290000915527 33.4570007324219 33.734001159668
31.5580005645752 32.2690010070801 34.8240013122559 34.8440017700195 34.8400001525879 34.1220016479492 34.9070014953613 34.2669982910156 33.1759986877441 32.9449996948242 31.2399997711182 30.2679996490479 30.30299949646 28.8020000457764 26.5009994506836 23.7430000305176 24.0510005950928 24.2919998168945 25.0049991607666 27.6539993286133 29.9799995422363 30.8899993896484 31.503999710083 32.765998840332 34.6290016174316 33.7540016174316 33.3470001220703 33.476001739502 32.5060005187988 31.7789993286133 29.0939998626709 27.4659996032715 26.7000007629395 25.2789993286133 26.5330009460449 28.5249996185303 28.9769992828369 29.923999786377 30.3020000457764 30.5069999694824 30.2180004119873 30.125 29.9740009307861 30.8080005645752 31.9650001525879 33.2229995727539
31.1590003967285 31.7220001220703 32.7690010070801 32.7709999084473 32.4650001525879 32.6720008850098 33.1559982299805 33.4609985351562 33.4480018615723 32.9249992370605 32.8530006408691 33.0979995727539 32.7610015869141 31.1019992828369 27.1520004272461 23.4379997253418 22.5639991760254 22.2439994812012 27.7350006103516 31.1609992980957 32.1650009155273 32.4389991760254 33.8370018005371 35.5589981079102 35.9420013427734 34.8769989013672 36.1259994506836 35.5299987792969 34.435001373291 33.7019996643066 32.3040008544922 29.2889995574951 27.0279998779297 25.3980007171631 26.2870006561279 28.9270000457764 29.6310005187988 30.2859992980957 30.8519992828369 30.875 30.6669998168945 30.7910003662109 31.4309997558594 30.6550006866455 28.992000579834 30.1630001068115
32.189998626709 31.9969997406006 32.3219985961914 31.4650001525879 29.9479999542236 31.1550006866455 32.5320014953613 33.3059997558594 33.9669990539551 34.3720016479492 34.6419982910156 34.6209983825684 33.6129989624023 31.6140003204346 31.0049991607666 27.6599998474121 24.2549991607666 22.0939998626709 26.0060005187988 30.617000579834 32.523998260498 33.5429992675781 34.8370018005371 35.7669982910156 36.4189987182617 36.5309982299805 37.3250007629395 36.8030014038086 36.0670013427734 35.3440017700195 35.0219993591309 32.4770011901855 30.0639991760254 27.5599994659424 26.8010005950928 28.5319995880127 29.4669990539551 30.1940002441406 31.8889999389648 32.4070014953613 32.5 32.0989990234375 31.8490009307861 31.8990001678467 31.19700050354 30.5330009460449
33.3810005187988 32.6119995117188 32.2200012207031 30.7660007476807 30.2700004577637 31.2810001373291 32.6389999389648 33.7680015563965 34.5960006713867 35.5810012817383 35.507999420166 35.2700004577637 34.6119995117188 33.3320007324219 31.80299949646 30.6030006408691 28.1480007171631 24.8990001678467 26.9260005950928 31.4130001068115 33.4500007629395 35.2249984741211 36.2669982910156 37.306999206543 38.1539993286133 38.7410011291504 38.2599983215332 37.0110015869141 36.5229988098145 35.6570014953613 34.0970001220703 32.8919982910156 32.1199989318848 29.2800006866455 27.2110004425049 28.0009994506836 28.8360004425049 30.068000793457 32.1119995117188 33.4939994812012 34.1539993286133 34.515998840332 33.9029998779297 33.2569999694824 31.9190006256104 30.6959991455078
35.7569999694824 34.4150009155273 34.359001159668 32.6370010375977 31.9850006103516 31.6009998321533 32.818000793457 34.4249992370605 35.9150009155273 36.8839988708496 36.6049995422363 36.1080017089844 35.1259994506836 34.265998840332 31.7689990997314 28.757999420166 27.9540004730225 25.8610000610352 29.9780006408691 33.3889999389648 35.4020004272461 36.4290008544922 37.1339988708496 38.4259986877441 40.0209999084473 40.4809989929199 39.6040000915527 37.8370018005371 36.2830009460449 35.4889984130859 32.9930000305176 32.0099983215332 31.613000869751 30.3770008087158 27.8080005645752 27.3939990997314 27.6380004882812 30.4769992828369 32.2809982299805 33.867000579834 35.5029983520508 35.890998840332 35.242000579834 34.048999786377 33.1640014648438 32.7680015563965
36.7830009460449 36.273998260498 35.5859985351562 33.8619995117188 33.3460006713867 32.1069984436035 32.757999420166 35.0960006713867 36.4410018920898 37.1209983825684 37.1780014038086 36.556999206543 35.3219985961914 34.1800003051758 32.7830009460449 28.7910003662109 27.798999786377 28.6310005187988 31.9160003662109 32.6139984130859 34.3819999694824 36.5929985046387 37.2120018005371 38.4609985351562 39.7569999694824 40.7130012512207 40.2280006408691 39.0250015258789 37.617000579834 34.9860000610352 33.0349998474121 32.1279983520508 31.3470001220703 30.3929996490479 28.4799995422363 25.761999130249 26.798999786377 30.9050006866455 33.4799995422363 35.390998840332 36.1650009155273 36.4160003662109 35.9860000610352 34.773998260498 33.5499992370605 34.4039993286133
38.2330017089844 37.0390014648438 36.6629981994629 34.3440017700195 33.6450004577637 32.3600006103516 32.2960014343262 34.5820007324219 35.5289993286133 36.1769981384277 36.5060005187988 36.2809982299805 35.7789993286133 34.132999420166 33 30.1630001068115 28.2740001678467 27.753999710083 31.3920001983643 32.8349990844727 34.5610008239746 36.9850006103516 37.3740005493164 38.6809997558594 39.3569984436035 39.8899993896484 39.3979988098145 38.9049987792969 37.2550010681152 35.4010009765625 33.3050003051758 32.4490013122559 31.8810005187988 30.3209991455078 27.3379993438721 28.548999786377 29.1849994659424 31.9440002441406 34.3110008239746 35.0419998168945 36.0870018005371 36.2719993591309 35.9519996643066 35.1629981994629 33.6500015258789 34.8409996032715
39.1650009155273 37.4360008239746 36.8380012512207 34.726001739502 34.242000579834 33.3429985046387 33.140998840332 34.1349983215332 34.8190002441406 35.1510009765625 35.476001739502 35.6230010986328 35.273998260498 34.0690002441406 32.6360015869141 30.5400009155273 28.7740001678467 27.9710006713867 31.6350002288818 32.7159996032715 34.3120002746582 36.8699989318848 37.7910003662109 38.4739990234375 38.3279991149902 38.673999786377 38.1650009155273 37.5029983520508 36.1189994812012 35.5110015869141 33.7949981689453 32.6469993591309 32.056999206543 29.3169994354248 23.6429996490479 28.2240009307861 31.003999710083 31.7609996795654 33.2290000915527 34.8699989318848 35.5950012207031 35.609001159668 35.1559982299805 34.3720016479492 33.890998840332 34.8139991760254
39.257999420166 38.0120010375977 35.9389991760254 35.0439987182617 35 34.3559989929199 33.9659996032715 33.8419990539551 34.4020004272461 34.5810012817383 34.8790016174316 35.0509986877441 34.8819999694824 33.7999992370605 32.6430015563965 30.1590003967285 29.7700004577637 29.4669990539551 31.2830009460449 32.4630012512207 34.681999206543 36.609001159668 37.1240005493164 37.1459999084473 37.5979995727539 38.1940002441406 37.4339981079102 37.3450012207031 36.2319984436035 35.507999420166 34.3289985656738 33.0620002746582 32.3709983825684 31.4419994354248 29.9750003814697 30.2689990997314 31.2229995727539 32.0849990844727 32.5820007324219 34.2610015869141 34.9589996337891 34.7369995117188 34 33.757999420166 35.5390014648438 36.117000579834
