01_datasets/03_gis/02_asc_chm-r50m/HS221A.asc
NCOLS 201 
NROWS 200 
XLLCORNER 568457 
YLLCORNER 5220614.5 
CELLSIZE 0.5 
NODATA_value -3.4e+38 
[rows 40 to 59 of 200, columns 92 to 137 of 201]
36.2700004577637 37.2610015869141 37.6609992980957 37.2620010375977 37.1230010986328 36.1699981689453 35.3689994812012 33.0830001831055 30.3059997558594 13.8330001831055 16.6030006408691 24.617000579834 31.3570003509521 31.6280002593994 32.3120002746582 33.1339988708496 34.6679992675781 35.734001159668 35.4449996948242 34.3409996032715 34.632999420166 34.1699981689453 34.2750015258789 37.2509994506836 39.3230018615723 39.7540016174316 39.5559997558594 39.1780014038086 38.8349990844727 37.3769989013672 35.8720016479492 32.0410003662109 32.2039985656738 31.0209999084473 30.4750003814697 31.6989994049072 32.9269981384277 32.5960006713867 32.6380004882812 32.8709983825684 31.8129997253418 32.4710006713867 33.6749992370605 35.0480003356934 36.326000213623 37.4300003051758
34.6959991455078 36.2309989929199 36.0219993591309 35.8170013427734 35.4630012512207 35.5499992370605 35.234001159668 32.5180015563965 24.5330009460449 15.4300003051758 19.6660003662109 25.3150005340576 31.7789993286133 32.0810012817383 32.4930000305176 34.4830017089844 35.6199989318848 36.4230003356934 36.6349983215332 36.7109985351562 37.1879997253418 35.9809989929199 35.0110015869141 38.1889991760254 39.5519981384277 40.7120018005371 40.7690010070801 39.8370018005371 39.3160018920898 37.314998626709 36.4879989624023 35.3370018005371 32.5299987792969 29.011999130249 27.4349994659424 29.1459999084473 26.9150009155273 26.8560009002686 29.6380004882812 31.2649993896484 31.0480003356934 31.9899997711182 32.9220008850098 34.2000007629395 35.5620002746582 36.5099983215332
33.4790000915527 34.4379997253418 34.3530006408691 34.0509986877441 33.7949981689453 34.201000213623 34.2319984436035 33.5940017700195 31.3090000152588 25.496000289917 23.4220008850098 25.3600006103516 30.628999710083 30.7870006561279 32.0279998779297 34.9309997558594 36.1510009765625 37.2669982910156 37.8540000915527 37.8330001831055 37.4830017089844 36.185001373291 35.8959999084473 38.3979988098145 39.7019996643066 40.984001159668 40.7060012817383 39.5550003051758 38.398998260498 37.0379981994629 36.7330017089844 32.4220008850098 30.5930004119873 30.3819999694824 28.2999992370605 18.0590000152588 14.1230001449585 13.6219997406006 17.5550003051758 23.0939998626709 28.632999420166 31.0699996948242 31.7320003509521 33.1609992980957 35.2490005493164 35.935001373291
33.8689994812012 33.4129981994629 34.3129997253418 33.9519996643066 33.3160018920898 32.8919982910156 32.7430000305176 33.9269981384277 34.2569999694824 33.7569999694824 31.1359996795654 28.1529998779297 27.4440002441406 28.2919998168945 32.9900016784668 35.1759986877441 36.6969985961914 37.4690017700195 38.6380004882812 39.1389999389648 38.3860015869141 37.390998840332 36.4029998779297 38.1759986877441 39.4099998474121 39.7830009460449 40.0540008544922 39.2509994506836 38.1860008239746 37.4169998168945 36.1860008239746 34.6710014343262 31.9139995574951 30.7350006103516 28.2959995269775 16.9179992675781 12.6009998321533 10.9460000991821 9.63099956512451 14.9160003662109 30.943000793457 29.298999786377 31.2180004119873 31.882999420166 33.9729995727539 34.0060005187988
31.0729999542236 31.6270008087158 33.6129989624023 33.3619995117188 33.3699989318848 33.2330017089844 33.4020004272461 35.265998840332 35.4570007324219 34.1809997558594 31.8290004730225 28.9090003967285 27.8899993896484 31.8740005493164 34.0800018310547 35.2939987182617 36.6689987182617 37.5349998474121 38.5499992370605 38.75 38.6349983215332 36.8899993896484 36.193000793457 37.6529998779297 38.4589996337891 38.7649993896484 39.1020011901855 38.484001159668 37.5730018615723 36.3569984436035 34.0620002746582 33.5769996643066 32.398998260498 31.056999206543 26.8589992523193 15.5030002593994 10.9750003814697 16.3250007629395 22.2049999237061 23.7810001373291 29.7870006561279 27.5279998779297 29.0830001831055 29.6889991760254 31.5189990997314 33.0089988708496
28.1219997406006 29.9330005645752 31.9559993743896 33.0900001525879 36.0779991149902 36.3380012512207 36.5509986877441 37.0130004882812 37.7519989013672 36.8479995727539 35.3470001220703 31.9619998931885 29.67799949646 32.8030014038086 33.7709999084473 34.7229995727539 36.2480010986328 37.0139999389648 37.6300010681152 37.9410018920898 37.8979988098145 36.4529991149902 35.7900009155273 36.0190010070801 36.484001159668 37.2690010070801 37.8370018005371 37.1669998168945 36.314998626709 34.6839981079102 34.2229995727539 32.8950004577637 31.1979999542236 29.2269992828369 28.5459995269775 19.5960006713867 19.6140003204346 25.488000869751 30.9750003814697 31.1870002746582 29.8430004119873 28.257999420166 28.5510005950928 28.6669998168945 29.9869995117188 31.4759998321533
24.363000869751 30.125 32.9659996032715 35.3790016174316 37.439998626709 38.4990005493164 38.8499984741211 39.4300003051758 38.685001373291 37.8800010681152 37.2610015869141 35.0480003356934 30.6189994812012 33.9129981994629 34.8429985046387 35.1570014953613 35.3139991760254 36.0279998779297 36.4169998168945 36.4900016784668 36.7649993896484 36.1510009765625 35.1699981689453 35.1809997558594 34.9869995117188 34.7070007324219 35.8110008239746 35.5880012512207 34.992000579834 34.484001159668 33.7980003356934 31.8209991455078 30.3700008392334 29.9640007019043 31.488000869751 29.3939990997314 31.9489994049072 31.7600002288818 32.3769989013672 32.5340003967285 32.2760009765625 30.9839992523193 28.9759998321533 28.9090003967285 29.2609996795654 29.8229999542236
19.1900005340576 29.5659999847412 33.4490013122559 36.8740005493164 38.7000007629395 39.1279983520508 39.560001373291 39.7070007324219 39.4930000305176 38.9850006103516 38.4140014648438 34.6520004272461 32.2319984436035 34.701000213623 35.3849983215332 35.4580001831055 35.3390007019043 35.7830009460449 35.548999786377 36.0120010375977 35.851001739502 35.2680015563965 34.1139984130859 33.9410018920898 34.0730018615723 34.2109985351562 34.6339988708496 34.8580017089844 34.9230003356934 33.0320014953613 33.0890007019043 31.55299949646 31.1270008087158 31.423999786377 32.4420013427734 33.7690010070801 34.1529998779297 34.7770004272461 34.4440002441406 33.6559982299805 33.1940002441406 31.068000793457 29.7509994506836 29.673999786377 22.5750007629395 22.6609992980957
19.1089992523193 29.068000793457 33.314998626709 34.359001159668 38.9189987182617 39.9879989624023 40.5309982299805 40.9580001831055 40.689998626709 40.1679992675781 39.2280006408691 37.5540008544922 35.2709999084473 35.7060012817383 35.8950004577637 36.3050003051758 36.0740013122559 35.726001739502 35.1590003967285 35.0089988708496 34.0309982299805 33.5229988098145 32.1119995117188 32.064998626709 33.0250015258789 33.4160003662109 33.6749992370605 34.0979995727539 33.5130004882812 29.556999206543 30.6630001068115 31.9860000610352 32.0359992980957 32.1139984130859 33.3390007019043 34.3050003051758 34.3839988708496 35.7760009765625 35.5499992370605 34.8279991149902 34.0890007019043 32.7939987182617 30.2129993438721 22.4099998474121 8.6569995880127 6.92600011825562
20.6560001373291 27.3939990997314 31.3150005340576 34.0800018310547 37.8310012817383 40.6230010986328 41.4539985656738 42.3059997558594 41.7929992675781 40.7809982299805 39.423999786377 37.5250015258789 36.1640014648438 35.8979988098145 36.7630004882812 37.3940010070801 37.1829986572266 36.3730010986328 35.5719985961914 33.3390007019043 29.9979991912842 29.8169994354248 29.3619995117188 28.3780002593994 31.0979995727539 31.9309997558594 31.8959999084473 30.7999992370605 30.0620002746582 29.4909992218018 25.6550006866455 31.7959995269775 32.5660018920898 32.6749992370605 34.9560012817383 35.734001159668 36.492000579834 37.1129989624023 36.9099998474121 35.5719985961914 34.4140014648438 33.4049987792969 30.75 20.382999420166 8.42000007629395 4.69600009918213
12.4930000305176 17.8759994506836 28.2900009155273 32.6650009155273 36.976001739502 40.0530014038086 41.6660003662109 41.6720008850098 41.3530006408691 40.2089996337891 38.5940017700195 35.9500007629395 35.6669998168945 37.1290016174316 37.6399993896484 38.1769981384277 37.6990013122559 36.7120018005371 35.6990013122559 34.673999786377 29.8780002593994 28.3430004119873 25.17799949646 23.8570003509521 26.6159992218018 29.1660003662109 29.1949996948242 28.882999420166 28.6690006256104 27.375 28.5559997558594 31.5639991760254 33.2000007629395 34.2680015563965 35.5250015258789 37.1399993896484 37.9199981689453 38.1839981079102 37.9560012817383 36.9560012817383 35.1710014343262 33.2750015258789 31.3409996032715 23.5949993133545 8.63799953460693 7.81500005722046
11.8450002670288 25.0139999389648 32.7849998474121 34.4560012817383 36.4609985351562 38.8600006103516 40.2610015869141 40.1549987792969 40.3470001220703 40.0519981384277 38.6780014038086 36.0060005187988 36.0390014648438 36.5200004577637 37.1500015258789 37.1580009460449 37.1230010986328 36.6879997253418 35.7779998779297 32.5779991149902 30.4540004730225 25.4109992980957 16.132999420166 18.5209999084473 20.4909992218018 22.6840000152588 22.5319995880127 23.9699993133545 23.5240001678467 23.7569999694824 25.5130004882812 31.1270008087158 33.4970016479492 35.0089988708496 36.2569999694824 37.1769981384277 38.3359985351562 38.859001159668 38.4690017700195 37.6440010070801 36.1160011291504 34.6479988098145 32.7540016174316 26.2569999694824 8.85599994659424 5.63600015640259
13.2690000534058 26.2800006866455 33.1720008850098 35.2099990844727 37.1469993591309 37.8639984130859 39.0800018310547 39.3300018310547 39.8479995727539 38.3549995422363 37.7109985351562 37.1969985961914 35.9519996643066 35.7400016784668 36.6469993591309 37.0260009765625 36.6360015869141 36.0139999389648 35.3540000915527 33.0279998779297 24.4169998168945 12.7919998168945 15.3400001525879 18.0139999389648 18.7070007324219 19.7329998016357 22.1229991912842 22.298999786377 22.3139991760254 23.0659999847412 27.0189990997314 30.3649997711182 33.9099998474121 34.9539985656738 36.3040008544922 37.4449996948242 37.9700012207031 38.6450004577637 38.2229995727539 37.1240005493164 35.5200004577637 34.3919982910156 30.3810005187988 20.5440006256104 8.81799983978271 9.91600036621094
20.8470001220703 28.3939990997314 32.2389984130859 34.3040008544922 35.6360015869141 36.9980010986328 37.6069984436035 38.4539985656738 37.9339981079102 37.6870002746582 36.859001159668 36.890998840332 35.4259986877441 35.7569999694824 35.9679985046387 36.5870018005371 36.1699981689453 34.806999206543 34.5 27.8719997406006 15.2749996185303 14.5410003662109 14.5190000534058 17.8290004730225 15.6099996566772 17.1870002746582 19.9729995727539 21.4029998779297 21.42799949646 22.0370006561279 24.3479995727539 25.701000213623 32.8520011901855 35.0110015869141 36.439998626709 37.2910003662109 37.923999786377 38.0880012512207 37.8689994812012 36.742000579834 35.2220001220703 34.1539993286133 31.257999420166 23.7520008087158 14.2639999389648 15.2580003738403
23.3320007324219 31.2999992370605 30.7740001678467 32.1809997558594 33.523998260498 35.1720008850098 35.7439994812012 35.7410011291504 34.8740005493164 34.8930015563965 34.9700012207031 35.0660018920898 35.1230010986328 36.1220016479492 36.0250015258789 36.2319984436035 36.2159996032715 34.6269989013672 32.6959991455078 32.9780006408691 22.7299995422363 27.3600006103516 23.9340000152588 17.4449996948242 15.5749998092651 16.7029991149902 18.2080001831055 19.3780002593994 20.1940002441406 21.0779991149902 22.7040004730225 22.2670001983643 31.6240005493164 34.4169998168945 35.1599998474121 36.2350006103516 36.9029998779297 37.3639984130859 37.0009994506836 36.0190010070801 35.048999786377 33.8419990539551 33.0610008239746 29.136999130249 17.8460006713867 15.710000038147
24.7639999389648 30.9610004425049 30.742000579834 29.1669998168945 30.5389995574951 33.1380004882812 33.4589996337891 34.6959991455078 33.6199989318848 32.1230010986328 32.7299995422363 34.1189994812012 35.2840003967285 36.4889984130859 37.648998260498 37.8230018615723 37.2319984436035 36.0499992370605 32.9799995422363 33.3769989013672 32.9939994812012 30.9249992370605 24.261999130249 16.8950004577637 15.2279996871948 18.8729991912842 19.5310001373291 19.5049991607666 21.6439990997314 23.2689990997314 25.3799991607666 26.4729995727539 31.0139999389648 33.8919982910156 34.6650009155273 35.6160011291504 36.1339988708496 36.1339988708496 36.0929985046387 34.6030006408691 34.6349983215332 33.9440002441406 32.2480010986328 31.0900001525879 20.0970001220703 16.3010005950928
22.4160003662109 28.576000213623 29.8369998931885 17.9500007629395 26.5620002746582 30.0370006561279 31.9080009460449 32.1469993591309 30.9780006408691 30.4650001525879 33.3170013427734 34.8289985656738 35.5040016174316 36.7700004577637 38.0410003662109 38.5820007324219 37.9500007629395 37.0830001831055 35.7789993286133 35.3160018920898 33.8279991149902 27.9729995727539 14.83899974823 14.3690004348755 16.8589992523193 22.886999130249 24.1359996795654 23.9200000762939 26.9459991455078 29.007999420166 30.7679996490479 32.1689987182617 33.5690002441406 33.7400016784668 34.3289985656738 34.443000793457 34.8359985351562 34.3709983825684 34.2400016784668 33.060001373291 32.1049995422363 29.2240009307861 29.2329998016357 27.8700008392334 23.4400005340576 17.7819995880127
26.8290004730225 31.5109996795654 31.2819995880127 25.7150001525879 27.3169994354248 28.1319999694824 27.8419990539551 26.8090000152588 27.5189990997314 30.3619995117188 33.1529998779297 34.9290008544922 36.3129997253418 37.0859985351562 38.1720008850098 38.4949989318848 38.4879989624023 37.6689987182617 37.9679985046387 36.4830017089844 35.6710014343262 15.8520002365112 21.6900005340576 11.6110000610352 12.4280004501343 25.9099998474121 27.1060009002686 26.1469993591309 28.7999992370605 30.8279991149902 33.1469993591309 34.3240013122559 34.0200004577637 34.1629981994629 34.5060005187988 34.7379989624023 34.2949981689453 33.6629981994629 33.3489990234375 32.984001159668 27.1189994812012 23.4179992675781 28.8939990997314 27.0060005187988 21.5179996490479 17.3090000152588
32.1300010681152 33.3870010375977 33.576000213623 25.1620006561279 20.5580005645752 18.4179992675781 18.7719993591309 22.1679992675781 26.6299991607666 30.8120002746582 32.4300003051758 34.0750007629395 36.1040000915527 36.8629989624023 37.7159996032715 38.0050010681152 39.3170013427734 39.2560005187988 39.5449981689453 38.1450004577637 37.560001373291 35.7379989624023 33.3250007629395 26.5650005340576 21.4440002441406 27.0790004730225 30.4340000152588 30.3299999237061 32.0709991455078 32.9220008850098 34.890998840332 36.3660011291504 36.2319984436035 35.681999206543 35.1529998779297 34.0919990539551 33.7220001220703 32.9059982299805 32.064998626709 23.632999420166 17.2479991912842 13.8269996643066 23.2970008850098 18.0809993743896 19.9790000915527 19.8010005950928
34.0299987792969 33.6539993286133 30.9209995269775 29.9220008850098 24.7089996337891 16.7840003967285 16.261999130249 20.9190006256104 25.5200004577637 30.0659999847412 32.298999786377 33.0029983520508 35.1160011291504 36.0110015869141 36.6609992980957 37.5200004577637 39.023998260498 40.1269989013672 40.5470008850098 39.5509986877441 38.7000007629395 36.3160018920898 34.6300010681152 32.5449981689453 30.0319995880127 30.0690002441406 30.6319999694824 32.2840003967285 33.6389999389648 35.3959999084473 36.7249984741211 37.2239990234375 37.1220016479492 36.3190002441406 35.4830017089844 34.1730003356934 33.1609992980957 32.5970001220703 26.1560001373291 14.8660001754761 9.51700019836426 13.4879999160767 14.9359998703003 17.2840003967285 19.1959991455078 20.9720001220703
