01_datasets/03_gis/02_asc_chm-r50m/HS22X5.asc
NCOLS 200 
NROWS 200 
XLLCORNER 567751.5 
YLLCORNER 5221754 
CELLSIZE 0.5 
NODATA_value -3.4e+38 
[rows 140 to 159 of 200, columns 0 to 45 of 200]
-3.4e+38 -3.4e+38 -3.4e+38 -3.4e+38 -3.4e+38 -3.4e+38 -3.4e+38 -3.4e+38 -3.4e+38 -3.4e+38 31.3759994506836 34.1290016174316 36.6339988708496 37.4889984130859 37.6240005493164 36.7490005493164 35.7970008850098 32.2550010681152 17.306999206543 17.5739994049072 25.44700050354 30.8129997253418 34.0200004577637 35.7150001525879 37.3409996032715 37.5940017700195 36.9029998779297 35.3250007629395 34.3129997253418 31.1110000610352 22.2339992523193 19.363000869751 14.753999710083 13.2150001525879 14.5570001602173 27.0790004730225 31.4090003967285 32.1199989318848 34.6710014343262 35.2910003662109 35.617000579834 34.818000793457 33.859001159668 32.6199989318848 30.7870006561279 13.7779998779297
-3.4e+38 -3.4e+38 -3.4e+38 -3.4e+38 -3.4e+38 -3.4e+38 -3.4e+38 -3.4e+38 -3.4e+38 -3.4e+38 28.9580001831055 33.1209983825684 36.0810012817383 37.9119987487793 38.7669982910156 38.0999984741211 36.1370010375977 34.1310005187988 29.6399993896484 17.7080001831055 24.1319999694824 29.5419998168945 33.2709999084473 35.193000793457 36.6399993896484 36.9440002441406 36.8419990539551 36.1180000305176 33.064998626709 28.0799999237061 18.9589996337891 17.556999206543 15.6339998245239 14.4270000457764 14.3420000076294 29.2649993896484 30.375 32.6389999389648 33.7809982299805 34.632999420166 34.6139984130859 33.9930000305176 32.9269981384277 30.5550003051758 28.1140003204346 13.6230001449585
-3.4e+38 -3.4e+38 -3.4e+38 -3.4e+38 -3.4e+38 -3.4e+38 -3.4e+38 -3.4e+38 -3.4e+38 -3.4e+38 -3.4e+38 33.9230003356934 36.1500015258789 37.8050003051758 38.6720008850098 38.273998260498 36.9410018920898 34.3650016784668 33.3709983825684 23.0620002746582 22.5949993133545 28.3360004425049 32.9790000915527 34.4529991149902 35.5270004272461 35.9720001220703 35.7849998474121 35.4329986572266 34.7309989929199 29.9810009002686 19.9710006713867 15.2040004730225 16.3759994506836 15.7550001144409 14.7119998931885 22.0839996337891 27.7700004577637 30.4669990539551 31.7789993286133 32.8030014038086 32.7159996032715 32.0369987487793 31.2789993286133 29.4759998321533 28.9990005493164 19.7490005493164
-3.4e+38 -3.4e+38 -3.4e+38 -3.4e+38 -3.4e+38 -3.4e+38 -3.4e+38 -3.4e+38 -3.4e+38 -3.4e+38 -3.4e+38 34.5 36.1959991455078 37.3409996032715 37.3619995117188 36.9090003967285 35.4280014038086 33.4609985351562 31.3570003509521 23.0109996795654 22.32200050354 24.6590003967285 31.2409992218018 33.7439994812012 34.7249984741211 35.1080017089844 35 34.7949981689453 33.423999786377 31.1949996948242 28.4179992675781 23.6439990997314 21.6709995269775 19.3649997711182 18.193000793457 24.2929992675781 28.1030006408691 30.3139991760254 30.1550006866455 30.9990005493164 32.0299987792969 30.9869995117188 30.1359996795654 21.8579998016357 25.117000579834 20.3199996948242
-3.4e+38 -3.4e+38 -3.4e+38 -3.4e+38 -3.4e+38 -3.4e+38 -3.4e+38 -3.4e+38 -3.4e+38 -3.4e+38 -3.4e+38 -3.4e+38 33.7449989318848 35.9440002441406 36.0359992980957 35.8009986877441 33.923999786377 32.7480010986328 23.7749996185303 23.7070007324219 21.3020000457764 23.8819999694824 28.3689994812012 31.4009990692139 33.1669998168945 34.007999420166 34.681999206543 34.8320007324219 34.0169982910156 31.6520004272461 29.693000793457 25.7870006561279 23.4050006866455 23.6870002746582 24.1469993591309 28.1000003814697 29.1580009460449 28.8090000152588 28.0450000762939 27.5090007781982 29.7430000305176 30.2229995727539 19.2509994506836 10.2650003433228 13.4589996337891 10.6969995498657
-3.4e+38 -3.4e+38 -3.4e+38 -3.4e+38 -3.4e+38 -3.4e+38 -3.4e+38 -3.4e+38 -3.4e+38 -3.4e+38 -3.4e+38 -3.4e+38 31.8090000152588 33.2519989013672 33.9889984130859 32.9939994812012 32.5289993286133 31.826000213623 20.9449996948242 21.7450008392334 18.7140007019043 21.1049995422363 25.5939998626709 29.4400005340576 32.6990013122559 33.9860000610352 34.609001159668 34.4090003967285 33.7360000610352 31.992000579834 30.4489994049072 26.2609996795654 24.7830009460449 25.7999992370605 27.5839996337891 31.1669998168945 31.1870002746582 31.5009994506836 30.2159996032715 26.8570003509521 27.6660003662109 29.0270004272461 19.556999206543 18.1669998168945 12.8159999847412 11.6040000915527
-3.4e+38 -3.4e+38 -3.4e+38 -3.4e+38 -3.4e+38 -3.4e+38 -3.4e+38 -3.4e+38 -3.4e+38 -3.4e+38 -3.4e+38 -3.4e+38 27.3279991149902 30.0799999237061 31.0960006713867 31.0909996032715 30.2240009307861 29.1070003509521 27.6720008850098 21.673999786377 13.4379997253418 12.9650001525879 21.298999786377 28.0069999694824 30.7029991149902 33.0970001220703 33.9900016784668 33.310001373291 32.681999206543 31.6569995880127 30.5200004577637 27.8349990844727 26.5340003967285 29.0499992370605 30.4650001525879 32.0970001220703 32.1990013122559 32.4210014343262 31.7730007171631 28.2229995727539 27.7369995117188 28.1720008850098 25.1079998016357 21.8530006408691 11.9160003662109 11.6960000991821
-3.4e+38 -3.4e+38 -3.4e+38 -3.4e+38 -3.4e+38 -3.4e+38 -3.4e+38 -3.4e+38 -3.4e+38 -3.4e+38 -3.4e+38 -3.4e+38 -3.4e+38 28.3470001220703 29.6280002593994 29.8050003051758 27.7140007019043 24.238000869751 20.3740005493164 16.5799999237061 13.0380001068115 11.3979997634888 21.4080009460449 29.0410003662109 30.6429996490479 32.2760009765625 32.7410011291504 32.5460014343262 31.7229995727539 30.9340000152588 29.2199993133545 29.0779991149902 28.1149997711182 31.9130001068115 33.4169998168945 34.7859992980957 34.9420013427734 34.5 33.5629997253418 33.0499992370605 29.9179992675781 29.1630001068115 24.4249992370605 21.8080005645752 19.5769996643066 10.4820003509521
-3.4e+38 -3.4e+38 -3.4e+38 -3.4e+38 -3.4e+38 -3.4e+38 -3.4e+38 -3.4e+38 -3.4e+38 -3.4e+38 -3.4e+38 -3.4e+38 -3.4e+38 27.3129997253418 26.2749996185303 27.8299999237061 21.2059993743896 16.0279998779297 14.4099998474121 10.8739995956421 10.2550001144409 10.6979999542236 21.0799999237061 26.2450008392334 28.798999786377 29.7959995269775 31.1229991912842 30.5179996490479 29.7840003967285 28.9050006866455 25.8540000915527 24.3339996337891 26.8729991912842 31.8339996337891 34.6749992370605 35.7089996337891 36.2330017089844 36.3429985046387 34.9529991149902 33.6599998474121 32.2470016479492 30.076000213623 26.1749992370605 22.0790004730225 19.3969993591309 9.11900043487549
-3.4e+38 -3.4e+38 -3.4e+38 -3.4e+38 -3.4e+38 -3.4e+38 -3.4e+38 -3.4e+38 -3.4e+38 -3.4e+38 -3.4e+38 -3.4e+38 -3.4e+38 -3.4e+38 26.9950008392334 26.0179996490479 17.3269996643066 14.5270004272461 12.0220003128052 10.0790004730225 9.13199996948242 11.0450000762939 17.5450000762939 21.5219993591309 25.9750003814697 25.6439990997314 28.1919994354248 28.2000007629395 27.6189994812012 25.367000579834 20.7639999389648 19.6410007476807 25.3770008087158 33.5110015869141 35.189998626709 35.8759994506836 36.6419982910156 36.4609985351562 35.5439987182617 34.2849998474121 31.4449996948242 27.5890007019043 25.5149993896484 24.2180004119873 19.367000579834 13.3819999694824
-339999999999999996123846586046231871488.000000000000000 -3.4e+38 -3.4e+38 -3.4e+38 -3.4e+38 -3.4e+38 -3.4e+38 -3.4e+38 -3.4e+38 -3.4e+38 -3.4e+38 -3.4e+38 -3.4e+38 -3.4e+38 26.8460006713867 22.6860008239746 14.6459999084473 15.1840000152588 14.3990001678467 13.7790002822876 10.9209995269775 9.3120002746582 13.0670003890991 16.8549995422363 21.3640003204346 20.32200050354 20.7759990692139 23.3889999389648 23.742000579834 24.0790004730225 21.1560001373291 22.6030006408691 27.5459995269775 32.8129997253418 34.6689987182617 35.8050003051758 36.0610008239746 36.5229988098145 35.298999786377 34.5379981994629 33.2369995117188 27.6019992828369 24.6900005340576 26.7530002593994 31.6529998779297 21.0750007629395
-3.4e+38 -3.4e+38 -3.4e+38 -3.4e+38 -3.4e+38 -3.4e+38 -3.4e+38 -3.4e+38 -3.4e+38 -3.4e+38 -3.4e+38 -3.4e+38 -3.4e+38 -3.4e+38 -3.4e+38 22.05299949646 18.8649997711182 15.1459999084473 13.8719997406006 15.4130001068115 12.3109998703003 11.2799997329712 11.585000038147 14.9940004348755 15.8140001296997 13.1909999847412 12.7550001144409 10.3299999237061 12.996000289917 19.6159992218018 21.8530006408691 24.7740001678467 27.5060005187988 30.9890003204346 33.9129981994629 35.0660018920898 34.6660003662109 34.689998626709 34.2610015869141 33.7330017089844 34.4199981689453 31.7119998931885 23.0669994354248 30.492000579834 33.2050018310547 24.9090003967285
-3.4e+38 -3.4e+38 -3.4e+38 -3.4e+38 -3.4e+38 -3.4e+38 -3.4e+38 -3.4e+38 -3.4e+38 -3.4e+38 -3.4e+38 -3.4e+38 -3.4e+38 -3.4e+38 -3.4e+38 -3.4e+38 26.2180004119873 25.4130001068115 15.9329996109009 16.7409992218018 14.7950000762939 13.2349996566772 12.8249998092651 16.3899993896484 14.3140001296997 12.331000328064 15.7720003128052 11.9340000152588 11.9630002975464 17.7479991912842 23.0620002746582 25.0499992370605 26.1079998016357 28.5380001068115 31.9899997711182 32.6069984436035 33.3289985656738 33.507999420166 33.298999786377 32.6580009460449 34.181999206543 34.5929985046387 35.0919990539551 36.3129997253418 37.2599983215332 21.1070003509521
-3.4e+38 -3.4e+38 -3.4e+38 -3.4e+38 -3.4e+38 -3.4e+38 -3.4e+38 -3.4e+38 -3.4e+38 -3.4e+38 -3.4e+38 -3.4e+38 -3.4e+38 -3.4e+38 -3.4e+38 -3.4e+38 25.8680000305176 26.4710006713867 19.8500003814697 18.5030002593994 17.0109996795654 15.5590000152588 16.7129993438721 17.6590003967285 15.5710000991821 16.193000793457 18.8579998016357 15.5880002975464 12.6920003890991 13.6969995498657 23.0769996643066 23.4589996337891 24.0599994659424 26.318000793457 28.6000003814697 30.9099998474121 31.0349998474121 31.6189994812012 31.0219993591309 29.3229999542236 33.5320014953613 35.1529998779297 37.0480003356934 38.068000793457 33.2529983520508 14.2569999694824
-3.4e+38 -3.4e+38 -3.4e+38 -3.4e+38 -3.4e+38 -3.4e+38 -3.4e+38 -3.4e+38 -3.4e+38 -3.4e+38 -3.4e+38 -3.4e+38 -3.4e+38 -3.4e+38 -3.4e+38 -3.4e+38 -3.4e+38 28.8799991607666 19.0919990539551 18.746000289917 17.6630001068115 17.4190006256104 18.5499992370605 19.9680004119873 18.5030002593994 19.3390007019043 19.7849998474121 19.2199993133545 16.2609996795654 15.0719995498657 17.2590007781982 21.6280002593994 24.1639995574951 27.0690002441406 29.9260005950928 30.4039993286133 30.05299949646 29.9540004730225 30.125 33.0709991455078 36.2789993286133 36.9729995727539 40.1920013427734 39.6399993896484 37.3440017700195 32.7970008850098
-3.4e+38 -3.4e+38 -3.4e+38 -3.4e+38 -3.4e+38 -3.4e+38 -3.4e+38 -3.4e+38 -3.4e+38 -3.4e+38 -3.4e+38 -3.4e+38 -3.4e+38 -3.4e+38 -3.4e+38 -3.4e+38 -3.4e+38 27.3840007781982 27.011999130249 20.2059993743896 21.8490009307861 21.113000869751 20.9349994659424 22.3689994812012 22.0669994354248 20.5170001983643 19.9669990539551 19.0499992370605 18.2740001678467 16.2000007629395 22.8929996490479 26.8159999847412 26.5230007171631 29.1560001373291 30.5429992675781 30.6569995880127 30.0629997253418 29.9409999847412 33.0219993591309 36.2859992980957 37.5279998779297 37.6339988708496 40.6539993286133 40.9620018005371 39.2669982910156 38.9269981384277
-3.4e+38 -3.4e+38 -3.4e+38 -3.4e+38 -3.4e+38 -3.4e+38 -3.4e+38 -3.4e+38 -3.4e+38 -3.4e+38 -3.4e+38 -3.4e+38 -3.4e+38 -3.4e+38 -3.4e+38 -3.4e+38 -3.4e+38 -3.4e+38 21.7199993133545 21.4659996032715 23.7439994812012 23.9290008544922 23.6299991607666 23.9689998626709 23.3999996185303 19.4610004425049 20.6410007476807 20.4150009155273 17.69700050354 16.2019996643066 23.3680000305176 27.3780002593994 28.0370006561279 31.2290000915527 31.8819999694824 31.6639995574951 31.2749996185303 32.6720008850098 34.2070007324219 34.2669982910156 38.6339988708496 39.6990013122559 41.1129989624023 41.1660003662109 40.5449981689453 39.318000793457
-3.4e+38 -3.4e+38 -3.4e+38 -3.4e+38 -3.4e+38 -3.4e+38 -3.4e+38 -3.4e+38 -3.4e+38 -3.4e+38 -3.4e+38 -3.4e+38 -3.4e+38 -3.4e+38 -3.4e+38 -3.4e+38 -3.4e+38 -3.4e+38 -3.4e+38 22.3199996948242 24.1709995269775 24.8439998626709 25.0330009460449 24.8330001831055 23.1609992980957 18.9839992523193 20.0540008544922 20.8250007629395 18.0890007019043 17.4810009002686 20.9209995269775 28.1639995574951 29.8700008392334 33.2179985046387 33.3479995727539 32.4160003662109 32.6910018920898 33.8059997558594 34.1310005187988 34.1479988098145 39.2529983520508 40.7050018310547 42.2140007019043 42.8330001831055 42.6570014953613 41.2630004882812
-3.4e+38 -3.4e+38 -3.4e+38 -3.4e+38 -3.4e+38 -3.4e+38 -3.4e+38 -3.4e+38 -3.4e+38 -3.4e+38 -3.4e+38 -3.4e+38 -3.4e+38 -3.4e+38 -3.4e+38 -3.4e+38 -3.4e+38 -3.4e+38 -3.4e+38 24.4139995574951 25.826000213623 26.511999130249 26.3589992523193 26.2019996643066 24.1350002288818 22.6079998016357 22.5300006866455 20.44700050354 18.5259990692139 23.7700004577637 26.75 31.4409999847412 33.8790016174316 34.7150001525879 35.0349998474121 33.992000579834 32.7439994812012 32.0779991149902 35.1860008239746 36.7709999084473 38.8650016784668 40.1549987792969 41.564998626709 43.3819999694824 43.351001739502 42.4080009460449
-3.4e+38 -3.4e+38 -3.4e+38 -3.4e+38 -3.4e+38 -3.4e+38 -3.4e+38 -3.4e+38 -3.4e+38 -3.4e+38 -3.4e+38 -3.4e+38 -3.4e+38 -3.4e+38 -3.4e+38 -3.4e+38 -3.4e+38 -3.4e+38 -3.4e+38 -3.4e+38 26.4890003204346 26.9290008544922 27.4659996032715 26.6259994506836 26.1539993286133 24.4659996032715 22.3759994506836 20.2199993133545 19.1070003509521 25.2019996643066 29.7180004119873 31.1749992370605 34.4160003662109 35.0830001831055 36.2360000610352 35.3950004577637 33.560001373291 33.2779998779297 35.7039985656738 35.3600006103516 36.3680000305176 37.9049987792969 41.0270004272461 42.8689994812012 42.5719985961914 41.5299987792969
