01_datasets/03_gis/02_asc_chm-r50m/HS221F.asc
NCOLS 201 
NROWS 201 
XLLCORNER 568489.5 
YLLCORNER 5221639 
CELLSIZE 0.5 
NODATA_value -3.4e+38 
[rows 60 to 79 of 201, columns 0 to 45 of 201]
-3.4e+38 -3.4e+38 -3.4e+38 -3.4e+38 -3.4e+38 -3.4e+38 -3.4e+38 -3.4e+38 -3.4e+38 -3.4e+38 32.7599983215332 33.5019989013672 34.3559989929199 34.9020004272461 35.3400001525879 35.6360015869141 34.1879997253418 32.6080017089844 31.5340003967285 28.7740001678467 24.1770000457764 21.9909992218018 21.4769992828369 20.0319995880127 18.9619998931885 18.056999206543 17.9869995117188 18.6590003967285 18.4909992218018 20.2360000610352 23.7080001831055 25.2180004119873 25.6019992828369 27.5209999084473 27.7810001373291 28.0580005645752 29.6159992218018 29.7189998626709 30.1940002441406 29.9669990539551 30.0289993286133 29.0349998474121 29.0419998168945 28.9440002441406 29.1200008392334 28.1560001373291
-3.4e+38 -3.4e+38 -3.4e+38 -3.4e+38 -3.4e+38 -3.4e+38 -3.4e+38 -3.4e+38 -3.4e+38 31.1840000152588 33.4010009765625 34.0639991760254 34.3619995117188 34.5060005187988 34.984001159668 34.5620002746582 33.8699989318848 33.2099990844727 31.8369998931885 28.8229999542236 25.2849998474121 22.9009990692139 22.3959999084473 18.6180000305176 17.9580001831055 17.3199996948242 16.7530002593994 17.3649997711182 17.4820003509521 20.4689998626709 24.1499996185303 25.7549991607666 26.4360008239746 27.4750003814697 28.1940002441406 29.492000579834 30.6410007476807 31.5849990844727 31.5849990844727 31.4139995574951 31.1110000610352 30.3299999237061 29.257999420166 30.9200000762939 29.488000869751 28.1469993591309
-3.4e+38 -3.4e+38 -3.4e+38 -3.4e+38 -3.4e+38 -3.4e+38 -3.4e+38 -3.4e+38 -3.4e+38 32.1549987792969 32.7360000610352 33.3050003051758 33.101001739502 33.3969993591309 34.0040016174316 33.8429985046387 33.9070014953613 33.8759994506836 33.0040016174316 31.3929996490479 27.9580001831055 23.1480007171631 23.0900001525879 20.6599998474121 17.6660003662109 17.5510005950928 15.6619997024536 15.585000038147 18.6509990692139 21.9619998931885 23.4360008239746 24.7269992828369 26.3759994506836 27.9260005950928 28.6219997406006 30.2509994506836 31.0240001678467 31.9109992980957 32.2039985656738 32.0349998474121 31.5979995727539 31.5340003967285 30.2679996490479 31.0279998779297 31.4729995727539 30.5009994506836
-3.4e+38 -3.4e+38 -3.4e+38 -3.4e+38 -3.4e+38 -3.4e+38 -3.4e+38 -3.4e+38 29.6450004577637 30.9060001373291 32.1110000610352 32.0789985656738 32.0929985046387 33.2770004272461 33.3370018005371 34.2849998474121 34.9010009765625 34.7319984436035 34.1920013427734 32.7439994812012 30.2490005493164 23.4650001525879 23.3589992523193 19.4699993133545 15.4530000686646 15.451000213623 13.4770002365112 14.5729999542236 17.9680004119873 21.701000213623 23.0919990539551 23.6000003814697 25.9389991760254 28.5259990692139 28.9780006408691 30.7910003662109 32.4949989318848 33.2700004577637 33.2630004882812 32.5089988708496 32.4259986877441 33.0880012512207 32.4449996948242 32.2369995117188 30.9039993286133 29.9799995422363
-3.4e+38 -3.4e+38 -3.4e+38 -3.4e+38 -3.4e+38 -3.4e+38 -3.4e+38 -3.4e+38 29.5310001373291 28.1949996948242 30.1959991455078 30.8990001678467 30.7569999694824 33.1809997558594 35.8409996032715 36.5719985961914 36.5429992675781 36.3540000915527 35.7820014953613 33.5110015869141 31.4230003356934 25.496000289917 22.8139991760254 17.32200050354 12.1700000762939 10.2379999160767 11.0959997177124 14.423999786377 17.068000793457 19.9740009307861 17.701000213623 24.181999206543 25.5179996490479 28.2509994506836 29.9860000610352 31.8570003509521 33.6380004882812 34.4179992675781 34.2949981689453 33.8779983520508 33.5089988708496 33.992000579834 33.8919982910156 32.8709983825684 31.6849994659424 30.443000793457
-3.4e+38 -3.4e+38 -3.4e+38 -3.4e+38 -3.4e+38 -3.4e+38 -3.4e+38 30.9979991912842 30.1439990997314 28.5470008850098 27.6490001678467 28.7409992218018 30.2450008392334 33.7890014648438 36.4370002746582 37.1349983215332 37.2490005493164 36.8810005187988 35.9770011901855 34.8559989929199 31.382999420166 27.8090000152588 23.5090007781982 19.82200050354 18.0659999847412 14.9750003814697 14.4569997787476 14.2760000228882 16.1679992675781 13.9870004653931 11.6040000915527 20.6060009002686 24.996000289917 28.0739994049072 30.5590000152588 32.1949996948242 33.2159996032715 34.0169982910156 34.6360015869141 34.3279991149902 33.5789985656738 33.7859992980957 34.1469993591309 33.0229988098145 32.3619995117188 31.1420001983643
-3.4e+38 -3.4e+38 -3.4e+38 -3.4e+38 -3.4e+38 -3.4e+38 -3.4e+38 31.7880001068115 31.2180004119873 29.6770000457764 27.0410003662109 26.8729991912842 29.1919994354248 33.951000213623 35.8199996948242 36.7019996643066 36.7430000305176 36.0970001220703 35.0089988708496 34.5410003662109 30.3290004730225 27.4169998168945 25.3020000457764 20.9699993133545 16.7220001220703 16.7660007476807 16.3190002441406 15.5389995574951 15.5319995880127 11.1280002593994 11.7829999923706 15.1780004501343 18.5659999847412 26.3799991607666 30.1490001678467 31.4050006866455 32.773998260498 33.2299995422363 33.8600006103516 33.1080017089844 32.5509986877441 32.8300018310547 33.0349998474121 32.3680000305176 31.5470008850098 30.3349990844727
-3.4e+38 -3.4e+38 -3.4e+38 -3.4e+38 -3.4e+38 -3.4e+38 -3.4e+38 33.7970008850098 32.5849990844727 31.5690002441406 29.0349998474121 25.9659996032715 28.05299949646 33.3790016174316 34.9360008239746 35.9739990234375 36.1599998474121 35.5009994506836 34.7529983520508 32.0139999389648 29.923999786377 26.3369998931885 24.9160003662109 21.6180000305176 16.6520004272461 17.5909996032715 17.1089992523193 16.507999420166 16.6259994506836 14.6700000762939 14.2089996337891 18.0359992980957 22.7220001220703 27.4330005645752 30.0750007629395 30.8899993896484 31.7430000305176 32.3730010986328 32.7760009765625 31.7660007476807 31.3759994506836 31.8040008544922 31.5849990844727 31.3239994049072 30.8519992828369 31.0939998626709
-3.4e+38 -3.4e+38 -3.4e+38 -3.4e+38 -3.4e+38 -3.4e+38 34.8629989624023 34.6980018615723 33.8269996643066 32.4770011901855 30.8330001831055 28.5629997253418 26.5650005340576 30.2299995422363 33.8330001831055 34.648998260498 34.9529991149902 34.6240005493164 34.2350006103516 32.1300010681152 28.6100006103516 26.0370006561279 23.1760005950928 21.9039993286133 17.6480007171631 18.4300003051758 18.7759990692139 17.6149997711182 17.0839996337891 17.761999130249 15.4860000610352 14.8109998703003 20.9360008239746 27.9209995269775 29.5979995727539 29.9330005645752 30.4839992523193 31.4340000152588 31.5459995269775 30.931999206543 30.7549991607666 30.5020008087158 30.1809997558594 29.5769996643066 29.9309997558594 30.4810009002686
-3.4e+38 -3.4e+38 -3.4e+38 -3.4e+38 -3.4e+38 -3.4e+38 35.3730010986328 35.2709999084473 34.4129981994629 33.0089988708496 30.6060009002686 27.1700000762939 26.6149997711182 29.0799999237061 31.7119998931885 33.6969985961914 33.560001373291 33.0639991760254 32.3019981384277 31.3390007019043 28.9659996032715 23.3500003814697 20.746000289917 20.4190006256104 19.0389995574951 19.257999420166 18.4559993743896 18.3899993896484 18.378999710083 19.7329998016357 19.6959991455078 16.4890003204346 20.125 25.1840000152588 27.1439990997314 28.0440006256104 28.5699996948242 29.746000289917 29.9619998931885 29.2789993286133 29.3309993743896 28.6520004272461 28.7390003204346 27.8209991455078 28.4699993133545 29.9619998931885
-3.4e+38 -3.4e+38 -3.4e+38 -3.4e+38 -3.4e+38 34.2379989624023 35.7039985656738 35.5480003356934 34.3660011291504 32.9650001525879 29.9489994049072 26.0790004730225 26.8020000457764 27.3190002441406 27.7530002593994 29.4020004272461 30.2180004119873 29.5669994354248 29.5879993438721 29.5610008239746 28.3700008392334 20.4869995117188 20.5109996795654 20.6030006408691 19.8889999389648 19.2189998626709 18.7159996032715 19.1979999542236 20.2059993743896 21.3770008087158 20.4330005645752 15.3509998321533 16.4990005493164 21.5020008087158 21.1499996185303 25.6989994049072 27.5839996337891 26.8619995117188 27.253999710083 27.6720008850098 27.5200004577637 25.7150001525879 24.6590003967285 26.8840007781982 27.988000869751 28.9389991760254
-3.4e+38 -3.4e+38 -3.4e+38 -3.4e+38 -3.4e+38 34.8520011901855 35.398998260498 35.4640007019043 34.4700012207031 32.2400016784668 31.3729991912842 28.136999130249 27.1180000305176 25.7900009155273 27.3910007476807 26.4130001068115 26.5270004272461 26.1849994659424 27.2110004425049 27.2229995727539 24.7159996032715 20.2000007629395 20.4780006408691 20.5970001220703 20.4109992980957 19.621000289917 18.4610004425049 19.3199996948242 20.7049999237061 22.1070003509521 23.1720008850098 19.5540008544922 19.5090007781982 19.6270008087158 23.7350006103516 26.5149993896484 26.4860000610352 26.3090000152588 26.4379997253418 26.5400009155273 24.2730007171631 21.6180000305176 21.5599994659424 27.5540008544922 29.8470001220703 30.0739994049072
-3.4e+38 -3.4e+38 -3.4e+38 -3.4e+38 -3.4e+38 34.0789985656738 34.5750007629395 34.9729995727539 34.9049987792969 32.2690010070801 29.9750003814697 29.4720001220703 21.6240005493164 21.4349994659424 24.1219997406006 22.0370006561279 20.1299991607666 23.2609996795654 23.9249992370605 22.9720001220703 21.9669990539551 20.1730003356934 19.8379993438721 20.2409992218018 19.8680000305176 19.5480003356934 18.056999206543 18.4549999237061 19.5790004730225 22.8400001525879 23.5020008087158 24.1509990692139 22.7700004577637 23.423999786377 24.2880001068115 24.8500003814697 24.7730007171631 23.6609992980957 24.5750007629395 25.7310009002686 23.1299991607666 20.9060001373291 22.5130004882812 26.6660003662109 30.7049999237061 30.6989994049072
-3.4e+38 -3.4e+38 -3.4e+38 -3.4e+38 -3.4e+38 33.3040008544922 35.1030006408691 35.6720008850098 35.1440010070801 33.1040000915527 29.3969993591309 28.3649997711182 23.4270000457764 22.2639999389648 22.1840000152588 20.9150009155273 19.9890003204346 19.3040008544922 19.4370002746582 18.0590000152588 17.5330009460449 18.2840003967285 18.8460006713867 19.1849994659424 18.8150005340576 18.3190002441406 16.7700004577637 16.7800006866455 20.128999710083 23.5739994049072 23.9759998321533 24.7959995269775 25.1340007781982 24.2520008087158 23.5860004425049 23.1070003509521 22.4020004272461 20.1030006408691 18.4300003051758 23.3470001220703 23.576000213623 21.1469993591309 20.7189998626709 25.8349990844727 30.5919990539551 30.4610004425049
-3.4e+38 -3.4e+38 -3.4e+38 -3.4e+38 -3.4e+38 31.3209991455078 33.1829986572266 34.7389984130859 34.7649993896484 32.5589981079102 28.8500003814697 27.6909999847412 25.4500007629395 23.3409996032715 23.0170001983643 20.9290008544922 20.3899993896484 18.7719993591309 19.0009994506836 17.886999130249 17.0510005950928 17.1889991760254 17.5109996795654 17.8430004119873 18.0650005340576 17.6860008239746 17.0279998779297 17.0550003051758 21.7320003509521 24.1000003814697 24.8689994812012 25.2940006256104 25.2199993133545 25.1229991912842 24.0319995880127 23.1660003662109 21.5879993438721 17.5289993286133 15.2019996643066 19.5799999237061 21.4120006561279 20.0930004119873 20.9829998016357 25.0370006561279 29.2099990844727 30.492000579834
-3.4e+38 -3.4e+38 -3.4e+38 -3.4e+38 32.5629997253418 30.9640007019043 32.2509994506836 32.7709999084473 33.2229995727539 31.8090000152588 28.8250007629395 27.9060001373291 26.363000869751 24.0669994354248 23.0779991149902 21.0939998626709 20.4629993438721 19.4950008392334 19.0750007629395 16.9969997406006 16.7910003662109 15.746000289917 15.7869997024536 15.9700002670288 18.1180000305176 17.9020004272461 17.867000579834 18.3339996337891 22.3579998016357 25.8419990539551 27.0580005645752 27.1800003051758 26.5750007629395 26.0319995880127 22.8330001831055 23.3899993896484 21.8519992828369 17.2080001831055 16.988000869751 17.2560005187988 18.0699996948242 16.4409999847412 18.2140007019043 21.761999130249 27.3419990539551 29.6060009002686
-3.4e+38 -3.4e+38 -3.4e+38 -3.4e+38 29.6879997253418 30.3419990539551 30.4939994812012 31.4080009460449 31.3169994354248 30.378999710083 29.7199993133545 28.2800006866455 27.1019992828369 25.4249992370605 22.9379997253418 21.6940002441406 20.068000793457 19.5149993896484 17.5270004272461 16.246000289917 15.2550001144409 13.8859996795654 14.9049997329712 15.1809997558594 17.9589996337891 20.5990009307861 20.8899993896484 20.7409992218018 24.1889991760254 26.0809993743896 27.2819995880127 27.8299999237061 27.5890007019043 26.1840000152588 23.378999710083 22.9179992675781 22.3199996948242 17.2199993133545 16.6700000762939 17.8570003509521 17.7880001068115 17.4869995117188 19.1149997711182 21.67799949646 26.3740005493164 28.5429992675781
-3.4e+38 -3.4e+38 -3.4e+38 -3.4e+38 30.4300003051758 32.2540016174316 32.3110008239746 33.3040008544922 33.632999420166 33.007999420166 31.5009994506836 31.0869998931885 29.7450008392334 27.2430000305176 24.9740009307861 22.8390007019043 20.5450000762939 18.4260005950928 16.0389995574951 15.1870002746582 14.5909996032715 12.7930002212524 14.25 14.8629999160767 17.4190006256104 20.5610008239746 21.9340000152588 23.7830009460449 24.7339992523193 24.8929996490479 26.3549995422363 27.4549999237061 27.3689994812012 25.1049995422363 23.7560005187988 22.3840007781982 20.7789993286133 21.1429996490479 19.757999420166 19.3190002441406 19.6650009155273 20.3099994659424 21.7679996490479 23.3090000152588 23.507999420166 23.636999130249
-3.4e+38 -3.4e+38 -3.4e+38 -3.4e+38 31.9829998016357 31.9969997406006 33.6189994812012 34.7179985046387 35.1790008544922 34.2610015869141 32.8730010986328 32.564998626709 31.8969993591309 28.0690002441406 25.1709995269775 23.1490001678467 20.3950004577637 18.9659996032715 16.7280006408691 14.9729995727539 12.9799995422363 12.5900001525879 13.6719999313354 15.456000328064 17.2609996795654 19.011999130249 21.1520004272461 22.4540004730225 23.2700004577637 24.9069995880127 25.7229995727539 26.42799949646 26.7759990692139 25.1889991760254 23.8889999389648 22.4899997711182 20.0139999389648 20.6830005645752 21.7740001678467 21.0629997253418 19.1989994049072 22.1800003051758 22.1450004577637 22.30299949646 22.4099998474121 21.9169998168945
-3.4e+38 -3.4e+38 -3.4e+38 -3.4e+38 31.1070003509521 32.0530014038086 35.2589988708496 35.9819984436035 35.6969985961914 35.2540016174316 34.4869995117188 32.1430015563965 31.1110000610352 27.6569995880127 25.576000213623 23.8139991760254 21.1149997711182 19.6110000610352 20.3819999694824 17.8269996643066 13.5880002975464 14.0089998245239 12.6230001449585 14.6459999084473 14.9099998474121 16.628999710083 19.4099998474121 24.7000007629395 26.7740001678467 26.2479991912842 26.298999786377 26.6070003509521 25.6420001983643 24.4519996643066 22.9610004425049 21.0709991455078 19.0580005645752 19.7730007171631 22.3120002746582 22.3430004119873 23.1590003967285 22.8239994049072 21.943000793457 22.6550006866455 22.32200050354 21.6520004272461
