01_datasets/03_gis/02_asc_chm-r50m/HS221A.asc
NCOLS 201 
NROWS 200 
XLLCORNER 568457 
YLLCORNER 5220614.5 
CELLSIZE 0.5 
NODATA_value -3.4e+38 
[rows 180 to 199 of 200, columns 92 to 137 of 201]
23.3729991912842 23.8250007629395 23.628999710083 23.5650005340576 26.173999786377 30.4909992218018 33.7639999389648 35.1829986572266 36.9869995117188 37.0800018310547 36.1139984130859 35.2369995117188 32.5260009765625 30.4659996032715 28.3290004730225 27.1590003967285 24.3010005950928 23.4370002746582 24.0410003662109 24.4109992980957 24.367000579834 26.2740001678467 26.7910003662109 27.2229995727539 27.9810009002686 26.7999992370605 26.5839996337891 25.8680000305176 22.4549999237061 22.8120002746582 22.3990001678467 20.4489994049072 18.7660007476807 18.2049999237061 19.7959995269775 20.5510005950928 20.5300006866455 21.0949993133545 21.2450008392334 24.7910003662109 27.67799949646 27.4230003356934 27.5149993896484 28.3059997558594 27.5240001678467 27.5090007781982
24.7509994506836 25.2759990692139 24.8500003814697 24.8409996032715 28.3150005340576 30.0639991760254 34.048999786377 35.3219985961914 37.4410018920898 37.3440017700195 36.4980010986328 35.1150016784668 33.7820014953613 30.2639999389648 28.9080009460449 27.7269992828369 25.4190006256104 23.2830009460449 23.1299991607666 24.0699996948242 25.4090003967285 27.6450004577637 29.3199996948242 29.8689994812012 30.0450000762939 27.2959995269775 27.9340000152588 27.8299999237061 26.3969993591309 24.9549999237061 22.3880004882812 21.8889999389648 17.8610000610352 17.4130001068115 18.8299999237061 20.5419998168945 20.6380004882812 21.1319999694824 21.5459995269775 25.6919994354248 30.5599994659424 32.7029991149902 32.0250015258789 31.3390007019043 31.076000213623 27.875
26.5480003356934 25.75 25.5990009307861 24.9899997711182 27.9449996948242 30.0109996795654 33.4519996643066 34.6599998474121 36.0139999389648 36.5289993286133 36.2280006408691 35.7919998168945 34.3930015563965 33.2879981994629 31.1229991912842 28.2549991607666 27.632999420166 26.3129997253418 25.1849994659424 25.2940006256104 25.9669990539551 28.9150009155273 30.9270000457764 32.125 32.310001373291 31.69700050354 31.246000289917 30.0440006256104 28.6410007476807 27.6019992828369 24.5219993591309 23.7700004577637 17.7560005187988 18.738000869751 18.5879993438721 19.5790004730225 20.5270004272461 21.3799991607666 25.0869998931885 28.7180004119873 33.9780006408691 33.8160018920898 35.2630004882812 34.9879989624023 35.4049987792969 29.7000007629395
28.8059997558594 26.4629993438721 26.1590003967285 25.2059993743896 27.0310001373291 28.8689994812012 31.5440006256104 32.6940002441406 34.1259994506836 35.5190010070801 36.4370002746582 36.2639999389648 35.6059989929199 34.9070014953613 32.298999786377 29.6100006103516 28.5009994506836 26.9419994354248 25.2800006866455 25.5419998168945 26.5179996490479 30.8330001831055 32.3680000305176 32.8160018920898 33.5040016174316 33.5180015563965 32.6510009765625 32.2470016479492 30.0830001831055 30.0209999084473 27.32200050354 27.5459995269775 24.2220001220703 23.5790004730225 20.9780006408691 19.2320003509521 20.3939990997314 23.0049991607666 28.6000003814697 31.8269996643066 33.867000579834 35.0200004577637 36.5139999389648 36.8779983520508 37.0200004577637 35.0810012817383
27.5400009155273 26.4909992218018 26.1490001678467 25.7399997711182 25.3700008392334 26.5179996490479 29.4230003356934 31.992000579834 33.8079986572266 35.5960006713867 36.9259986877441 37.1969985961914 36.6020011901855 35.7280006408691 32.8089981079102 30.0340003967285 28.8770008087158 27.0809993743896 24.8299999237061 24.7719993591309 28.4160003662109 31.5030002593994 33.1360015869141 33.7610015869141 34.4339981079102 34.693000793457 33.1510009765625 32.3499984741211 31.6569995880127 30.7399997711182 30.1539993286133 29.7409992218018 27.5890007019043 22.4120006561279 18.8269996643066 20.6720008850098 20.1089992523193 25.4190006256104 27.1000003814697 33.4630012512207 35.9189987182617 36.6980018615723 37.6189994812012 38.0579986572266 38.1269989013672 38.076000213623
27.8899993896484 25.9409999847412 25.6919994354248 25.201000213623 25.2929992675781 26.5820007324219 29.5659999847412 31.3810005187988 33.6049995422363 36.0699996948242 37.5320014953613 38.0419998168945 37.5069999694824 36.140998840332 33.8600006103516 30.7210006713867 28.9710006713867 25.7360000610352 24.2299995422363 24.8479995727539 27.9580001831055 31.5949993133545 33.8030014038086 34.2770004272461 35.1559982299805 34.9790000915527 33.8580017089844 33.5099983215332 33.4309997558594 33.601001739502 33.5289993286133 31.6690006256104 29.5790004730225 26.2900009155273 21.8269996643066 23.8290004730225 26.0380001068115 29.6459999084473 32.4860000610352 34.5740013122559 37.8139991760254 38.5400009155273 39.523998260498 40.3019981384277 39.7330017089844 38.8400001525879
25.8509998321533 24.9309997558594 24.6569995880127 24.382999420166 25.5839996337891 26.2430000305176 27.1030006408691 30.5179996490479 33.890998840332 36.0229988098145 36.5480003356934 37.2980003356934 36.8050003051758 36.4329986572266 33.382999420166 33.5009994506836 33.5499992370605 29.9810009002686 24.6660003662109 26.2569999694824 29.6100006103516 32.4119987487793 32.2690010070801 32.9560012817383 35.3400001525879 34.1139984130859 34.0470008850098 34.4109992980957 35.1549987792969 35.306999206543 35.9990005493164 34.9550018310547 32.564998626709 30.5459995269775 28.8980007171631 26.2199993133545 28.1860008239746 31.2689990997314 33.0810012817383 34.2680015563965 38.2270011901855 39.6730003356934 40.5169982910156 40.8810005187988 40.3089981079102 39.2599983215332
29.0960006713867 25.8110008239746 24.8740005493164 25.386999130249 26.8780002593994 24.7029991149902 24.4629993438721 28.3910007476807 33.4850006103516 34.4620018005371 35.5219993591309 36.1479988098145 35.75 36.375 35.8339996337891 35.0629997253418 34.7859992980957 33.673999786377 30.7339992523193 30.882999420166 29.3470001220703 31.5540008544922 32.6790008544922 32.8079986572266 33.7779998779297 33.5040016174316 34.1619987487793 35.5419998168945 36.1580009460449 37.4070014953613 37.9729995727539 37.3409996032715 34.8120002746582 34.060001373291 31.1860008239746 27.67799949646 26.7810001373291 31.4799995422363 32.3790016174316 35.9129981994629 38.3569984436035 39.9809989929199 41.1119995117188 42.2459983825684 42.0040016174316 40.9230003356934
31.2469997406006 30.2819995880127 29.3540000915527 29.1229991912842 28.2719993591309 23.8649997711182 21.988000869751 27.7929992675781 31.7269992828369 32.4900016784668 34.4809989929199 35.2859992980957 36.007999420166 37.3730010986328 37.9160003662109 37.7050018310547 37.2949981689453 36.5 35.8230018615723 34.117000579834 29.8229999542236 28.5949993133545 31.0400009155273 31.4540004730225 31.8120002746582 33.2439994812012 34.3429985046387 36.4889984130859 37.7569999694824 38.8610000610352 39.0800018310547 38.5349998474121 36.4529991149902 35.693000793457 32.5270004272461 27.6280002593994 27.3659992218018 28.0790004730225 32.0369987487793 36.1349983215332 38.7029991149902 39.632999420166 40.8600006103516 42.3330001831055 42.3540000915527 41.0209999084473
32.5849990844727 32.2290000915527 31.6830005645752 31.007999420166 29.0909996032715 22.8859996795654 22.7670001983643 25.1229991912842 30.4890003204346 28.3320007324219 32.1399993896484 36.0270004272461 37.3310012817383 39.193000793457 39.3680000305176 39.5610008239746 39.2299995422363 37.632999420166 37.1500015258789 34.773998260498 31.1650009155273 30.0960006713867 29.1459999084473 27.9969997406006 30.1359996795654 33.3470001220703 34.943000793457 36.6360015869141 39.5460014343262 40.6040000915527 40.0900001525879 38.9770011901855 37.314998626709 35.2389984130859 31.3600006103516 26.6760005950928 26.9349994659424 28.761999130249 32.1539993286133 34.9469985961914 38.0359992980957 39.3079986572266 40.6720008850098 40.8629989624023 41.4490013122559 40.1119995117188
34.2709999084473 34.109001159668 33.6510009765625 32.7669982910156 29.4769992828369 24.8419990539551 24.0419998168945 26.9650001525879 31.5240001678467 32.2540016174316 36.4990005493164 38.0349998474121 39.3050003051758 40.5620002746582 41.0419998168945 41.0719985961914 40.5950012207031 38.515998840332 38.0379981994629 35.2330017089844 31.3619995117188 31.4759998321533 30.4020004272461 28.1919994354248 28.8490009307861 34.0769996643066 36.7220001220703 38.0509986877441 39.632999420166 41.1599998474121 40.8940010070801 39.3959999084473 37.7550010681152 34.9650001525879 31.7490005493164 28.1189994812012 27.2140007019043 28.1909999847412 29.8279991149902 32.3209991455078 36.8870010375977 38.3720016479492 38.5519981384277 39.0250015258789 39.390998840332 38.298999786377
35.2879981994629 35.3300018310547 34.7879981994629 33.6279983520508 31.7280006408691 25.4710006713867 24.3500003814697 29.4500007629395 33.7430000305176 34.2589988708496 36.1100006103516 38.8489990234375 40.7799987792969 41.4720001220703 41.8390007019043 41.7890014648438 41.2690010070801 39.25 38.2330017089844 37.4589996337891 33.6339988708496 29.6229991912842 29.2900009155273 27.5 30.0830001831055 32.3390007019043 36.3919982910156 38.0149993896484 38.8629989624023 39.5970001220703 39.7490005493164 38.3870010375977 36.625 33.673999786377 31.3099994659424 27.8999996185303 27.5930004119873 28.0909996032715 28.4449996948242 31.7450008392334 35.7060012817383 37.0890007019043 37.5359992980957 37.375 36.9650001525879 36.75
36.7970008850098 36.5999984741211 35.6510009765625 33.6870002746582 33.3419990539551 28.7700004577637 27.9440002441406 30.2299995422363 32.9850006103516 33.4189987182617 37.9370002746582 40.7890014648438 41.4930000305176 42.4930000305176 43.2669982910156 42.5410003662109 42.0229988098145 40.4140014648438 39.5979995727539 38.2220001220703 33.681999206543 25.5270004272461 27.0510005950928 25.3239994049072 27.511999130249 32.4729995727539 33.9910011291504 36.1040000915527 37.3129997253418 37.810001373291 38.0120010375977 36.326000213623 35.1549987792969 33.1629981994629 30.30299949646 26.632999420166 26.80299949646 26.7080001831055 27.6790008544922 31.1940002441406 32.4179992675781 34.8050003051758 35.726001739502 35.6129989624023 34.5209999084473 -3.4e+38
37.5769996643066 37.3059997558594 36.2130012512207 34.6419982910156 33.9560012817383 31.2999992370605 29.9090003967285 31.2919998168945 31.507999420166 33.4659996032715 38.0550003051758 40.6199989318848 41.9059982299805 42.6710014343262 43.3520011901855 42.9620018005371 42.3400001525879 40.9080009460449 39.1920013427734 35.6020011901855 30.9890003204346 27.9799995422363 26.9909992218018 25.6499996185303 27.6550006866455 31.4069995880127 32.5769996643066 32.4490013122559 34.7620010375977 35.9070014953613 36.0460014343262 34.3680000305176 32.935001373291 31.5510005950928 27.117000579834 21.5270004272461 24.2129993438721 25.7770004272461 26.8269996643066 27.05299949646 28.7140007019043 30.5 31.7450008392334 -3.4e+38 -3.4e+38 -3.4e+38
38.7929992675781 38.0449981689453 37.068000793457 35.6759986877441 34.0719985961914 25.30299949646 27.4039993286133 30.6070003509521 32.6360015869141 33.9700012207031 37.0789985656738 39.1599998474121 41.1870002746582 42.3330001831055 42.8639984130859 42.3400001525879 41.7729988098145 40.3880004882812 35.9539985656738 35.7540016174316 34.5180015563965 31.9349994659424 29.3519992828369 27.8579998016357 27.8999996185303 29.6070003509521 30.0729999542236 30.2390003204346 29.9720001220703 33.898998260498 33.6049995422363 32.5779991149902 30.4440002441406 29.4769992828369 27.7360000610352 24.2119998931885 23.1049995422363 24.8619995117188 26.5890007019043 26.5139999389648 26.625 -3.4e+38 -3.4e+38 -3.4e+38 -3.4e+38 -3.4e+38
39.2669982910156 38.5789985656738 37.8129997253418 36.4630012512207 34.726001739502 26.0349998474121 26.8969993591309 30.0699996948242 32.4049987792969 34.0639991760254 36.6220016479492 39.2459983825684 40.1940002441406 41.1279983520508 41.2480010986328 41.9710006713867 40.0660018920898 39.826000213623 37.2669982910156 34.5400009155273 34.2690010070801 33.9039993286133 32.1339988708496 28.613000869751 28.5400009155273 26.8129997253418 27.6949996948242 27.5270004272461 26.9810009002686 30.1429996490479 28.8479995727539 28.1019992828369 25.8239994049072 24.6000003814697 22.4899997711182 23.4349994659424 24.7649993896484 26.2220001220703 -3.4e+38 -3.4e+38 -3.4e+38 -3.4e+38 -3.4e+38 -3.4e+38 -3.4e+38 -3.4e+38
38.2540016174316 37.7970008850098 37.1710014343262 35.6949996948242 33.5190010070801 29.6539993286133 29.4039993286133 30.2320003509521 32.4090003967285 34.5540008544922 36.1370010375977 38.076000213623 39.1500015258789 39.2369995117188 39.2639999389648 40.1599998474121 39.5820007324219 39.4469985961914 38.9370002746582 38.5040016174316 37.351001739502 34.6459999084473 33.1780014038086 33.2610015869141 32.0830001831055 30.3500003814697 26.9090003967285 24.3889999389648 25.1259994506836 25.386999130249 24.0049991607666 23.8110008239746 -3.4e+38 -3.4e+38 -3.4e+38 -3.4e+38 -3.4e+38 -3.4e+38 -3.4e+38 -3.4e+38 -3.4e+38 -3.4e+38 -3.4e+38 -3.4e+38 -3.4e+38 -3.4e+38
36.5979995727539 36.693000793457 35.7630004882812 34.7060012817383 32.6710014343262 29.6889991760254 29.7199993133545 29.7590007781982 32.523998260498 34.0390014648438 36.2760009765625 37.7480010986328 38.5820007324219 38.984001159668 38.9020004272461 38.9729995727539 39.6319999694824 40.2879981994629 40.1380004882812 39.1209983825684 38.2789993286133 35.4900016784668 34.9029998779297 34.75 33.0379981994629 30.5990009307861 28.7000007629395 -3.4e+38 -3.4e+38 -3.4e+38 -3.4e+38 -3.4e+38 -3.4e+38 -3.4e+38 -3.4e+38 -3.4e+38 -3.4e+38 -3.4e+38 -3.4e+38 -3.4e+38 -3.4e+38 -3.4e+38 -3.4e+38 -3.4e+38 -3.4e+38 -3.4e+38
35.0169982910156 35.5139999389648 34.4900016784668 33.9850006103516 32.2540016174316 30.7789993286133 30.2999992370605 31.5830001831055 33.9199981689453 34.939998626709 36.9599990844727 38.1180000305176 39.0779991149902 39.2980003356934 38.5320014953613 38.6990013122559 39.8009986877441 40.757999420166 40.7060012817383 38.0340003967285 -3.4e+38 -3.4e+38 -3.4e+38 -3.4e+38 -3.4e+38 -3.4e+38 -3.4e+38 -3.4e+38 -3.4e+38 -3.4e+38 -3.4e+38 -3.4e+38 -3.4e+38 -3.4e+38 -3.4e+38 -3.4e+38 -3.4e+38 -3.4e+38 -3.4e+38 -3.4e+38 -3.4e+38 -3.4e+38 -3.4e+38 -3.4e+38 -3.4e+38 -3.4e+38
-3.4e+38 -3.4e+38 -3.4e+38 -3.4e+38 -3.4e+38 -3.4e+38 -3.4e+38 -3.4e+38 -3.4e+38 -3.4e+38 -3.4e+38 -3.4e+38 -3.4e+38 -3.4e+38 -3.4e+38 -3.4e+38 -3.4e+38 -3.4e+38 -3.4e+38 -3.4e+38 -3.4e+38 -3.4e+38 -3.4e+38 -3.4e+38 -3.4e+38 -3.4e+38 -3.4e+38 -3.4e+38 -3.4e+38 -3.4e+38 -3.4e+38 -3.4e+38 -3.4e+38 -3.4e+38 -3.4e+38 -3.4e+38 -3.4e+38 -3.4e+38 -3.4e+38 -3.4e+38 -3.4e+38 -3.4e+38 -3.4e+38 -3.4e+38 -3.4e+38 -3.4e+38
