01_datasets/03_gis/02_asc_chm-r50m/HS221B.asc
NCOLS 200 
NROWS 200 
XLLCORNER 567926 
YLLCORNER 5222690.5 
CELLSIZE 0.5 
NODATA_value -3.4e+38 
[rows 80 to 99 of 200, columns 46 to 91 of 200]
5.61999988555908 10.8909997940063 13.9280004501343 7.18800020217896 3.19000005722046 6.70599985122681 7.66300010681152 14.9020004272461 22.8719997406006 20.7639999389648 23.8899993896484 23.742000579834 22.576000213623 10.4049997329712 9.0939998626709 7.22499990463257 7.46600008010864 11.0109996795654 11.5959997177124 8.93400001525879 11.4949998855591 8.70600032806396 6.60500001907349 8.68000030517578 2.64499998092651 2.60400009155273 2.58999991416931 2.25300002098083 6.01599979400635 7.54300022125244 7.69799995422363 7.85200023651123 5.85099983215332 2.83500003814697 1.74199998378754 2.09400010108948 2.31800007820129 2.16400003433228 4.33300018310547 19.9389991760254 25.2509994506836 31.5249996185303 33.5260009765625 34.9220008850098 36.2649993896484 34.3190002441406
10.0670003890991 20.2840003967285 23.3129997253418 19.1940002441406 14.3809995651245 9.9370002746582 15.0010004043579 17.4109992980957 19.9459991455078 14.4940004348755 17.0520000457764 21.6860008239746 16.6889991760254 2.13700008392334 1.85599994659424 1.60599994659424 7.26599979400635 16.0480003356934 15.6660003662109 12.6199998855591 18.2590007781982 19.9179992675781 19.8419990539551 19.0629997253418 6.94399976730347 2.6470000743866 2.79099988937378 3.24000000953674 10.8599996566772 11.9919996261597 12.1459999084473 9.40299987792969 6.19000005722046 4.63199996948242 3.78099989891052 1.7960000038147 1.84500002861023 2.16799998283386 6.7039999961853 16.113000869751 26.5310001373291 31.6450004577637 33.5660018920898 35.8950004577637 37.4490013122559 35.8639984130859
8.69799995422363 22.3619995117188 21.8990001678467 18.5200004577637 12.918999671936 15.0329999923706 14.9659996032715 15.0200004577637 16.7759990692139 15.1090002059937 13.4700002670288 15.4580001831055 10.8699998855591 3.70799994468689 4.01200008392334 12.6149997711182 16.9500007629395 22.1520004272461 23.632999420166 22.0690002441406 24.5919990539551 24.6979999542236 24.201000213623 23.9009990692139 8.55000019073486 7.67999982833862 6.15899991989136 2.94300007820129 11.3859996795654 15.9770002365112 14.4289999008179 12.8809995651245 11.331000328064 9.95199966430664 6.68900012969971 3.01799988746643 1.15699994564056 1.57200002670288 8.24600028991699 22.0639991760254 28.0219993591309 30.2189998626709 33.9679985046387 34.8279991149902 36.7569999694824 35.976001739502
4.23699998855591 20.8889999389648 18.0510005950928 9.76200008392334 5.91599988937378 14.1420001983643 15.1169996261597 15.1940002441406 15.826000213623 15.7840003967285 14.0629997253418 13.0150003433228 8.88500022888184 3.71799993515015 2.43700003623962 12.1929998397827 20.7029991149902 24.0580005645752 25.9680004119873 26.1770000457764 26.7840003967285 26.6429996490479 26.3339996337891 25.7409992218018 23.9850006103516 20.5310001373291 18.7810001373291 21.5879993438721 21.3209991455078 20.0030002593994 19.2660007476807 18.0219993591309 16.2350006103516 12.9499998092651 9.13300037384033 6.67700004577637 4.58400011062622 3.51999998092651 9.22399997711182 15.6350002288818 24.3490009307861 30.125 33.5460014343262 34.2789993286133 34.3499984741211 33.5509986877441
7.25899982452393 4.82600021362305 7.42500019073486 5.20800018310547 7.98600006103516 13.1400003433228 15.0030002593994 16.1159992218018 16.4650001525879 15.4270000457764 13.6560001373291 12.1490001678467 6.2649998664856 2.38800001144409 2.3970000743866 5.7189998626709 17.5090007781982 24.5990009307861 26.628999710083 27.5970001220703 27.503999710083 27.4370002746582 27.3360004425049 26.3640003204346 25.0779991149902 22.9790000915527 22.0799999237061 21.8430004119873 22.6660003662109 22.3099994659424 21.818000793457 19.7089996337891 17.7199993133545 15.2469997406006 12.4379997253418 10.6940002441406 9.09200000762939 7.4520001411438 16.5890007019043 20.3980007171631 23.0900001525879 28.9440002441406 32.5410003662109 31.4640007019043 31.4069995880127 31.2259998321533
15.7229995727539 9.23400020599365 8.3769998550415 12.1990003585815 13.4519996643066 13.0629997253418 15.2019996643066 16.6860008239746 16.492000579834 15.4200000762939 13.9449996948242 13.0530004501343 10.71399974823 6.7960000038147 2.71399998664856 5.00099992752075 19.8269996643066 25.0659999847412 26.3090000152588 27.6709995269775 28.1730003356934 28.3169994354248 27.7509994506836 26.7430000305176 25.9120006561279 23.9449996948242 22.5729999542236 22.6359996795654 23.4559993743896 23.4869995117188 23.0540008544922 21.9230003356934 20.1809997558594 18.4330005645752 16.8309993743896 15.2290000915527 13.206000328064 11.7690000534058 19.9409999847412 15.4709997177124 21.4160003662109 26.8309993743896 29.0009994506836 29.4909992218018 31.4890003204346 29.0149993896484
24.2299995422363 6.9539999961853 5.36999988555908 9.4680004119873 13.3690004348755 13.8409996032715 14.5839996337891 15.7399997711182 16.42799949646 15.8159999847412 14.8140001296997 13.2299995422363 12.2030000686646 8.44299983978271 4.67899990081787 1.60199999809265 17.0869998931885 25.636999130249 26.6800003051758 27.82200050354 28.3299999237061 28.4099998474121 27.5960006713867 26.4909992218018 25.6679992675781 23.9650001525879 23.576000213623 23.4979991912842 24.2049999237061 24.1200008392334 23.5639991760254 22.7689990997314 22.0550003051758 19.9039993286133 21.3649997711182 19.7229995727539 16.6590003967285 16.0849990844727 23.0389995574951 17.6830005645752 20.8579998016357 14.3590002059937 25.2789993286133 27.7509994506836 29.6529998779297 26.7549991607666
20.8379993438721 8.03800010681152 4.71099996566772 4.39799976348877 8.87100028991699 9.20300006866455 13.1260004043579 15.3009996414185 16.5340003967285 14.9930000305176 14.1260004043579 13.16100025177 11.5769996643066 7.7810001373291 3.98499989509583 1.75300002098083 6.34800004959106 22.0809993743896 26.1700000762939 27.3719997406006 27.6849994659424 27.6609992980957 26.9720001220703 25.7759990692139 25.2310009002686 23.1049995422363 23.3110008239746 24.2290000915527 24.5919990539551 24.2339992523193 23.4650001525879 22.6040000915527 21.7700004577637 23.6860008239746 24.507999420166 24.128999710083 20.113000869751 20.4020004272461 21.4710006713867 22.5620002746582 17.2919998168945 6.76800012588501 8.82600021362305 20.0639991760254 20.0650005340576 16.3360004425049
26.0060005187988 19.1790008544922 12.9890003204346 2.06399989128113 2.06100010871887 2.87299990653992 10.4659996032715 15.2650003433228 16.4300003051758 12.5740003585815 11.3479995727539 12.2110004425049 10.7189998626709 6.89099979400635 3.06399989128113 2.13800001144409 4.6100001335144 16.8269996643066 24.6140003204346 26.1490001678467 26.3409996032715 26.67799949646 26.246000289917 25.2220001220703 21.7000007629395 21.9820003509521 23.2900009155273 24.0370006561279 24.25 23.6749992370605 23.1630001068115 22.2089996337891 21.6049995422363 24.4370002746582 25.5879993438721 25.8729991912842 24.3059997558594 24.6749992370605 25.0949993133545 22.3939990997314 18.8190002441406 6.9850001335144 3.26200008392334 7.03399991989136 5.59200000762939 1.50800001621246
24.9610004425049 24.4099998474121 21.1529998779297 13.5290002822876 4.96099996566772 3.77300000190735 4.4520001411438 10.7629995346069 16.3519992828369 14.8570003509521 9.87800025939941 7.44700002670288 4.84600019454956 3.70499992370605 2.62700009346008 5.72200012207031 10.2760000228882 20.0109996795654 22.636999130249 23.1280002593994 25.4169998168945 25.4209995269775 24.8320007324219 20.5799999237061 18.5970001220703 20.8859996795654 22.5709991455078 23.1940002441406 23.1730003356934 22.5499992370605 22.5690002441406 21.1040000915527 23.173999786377 26.3640003204346 27.8640003204346 27.5869998931885 27.8330001831055 27.2259998321533 25.9479999542236 20.5459995269775 9.39599990844727 3.50500011444092 2.6489999294281 2.20000004768372 1.71599996089935 0.808000028133392
25.0869998931885 21.1560001373291 15.9580001831055 12.9320001602173 3.02099990844727 3.50300002098083 4.36299991607666 4.5789999961853 11.7130002975464 11.1809997558594 4.76100015640259 2.68799996376038 2.18899989128113 2.37199997901917 2.56699991226196 2.66199994087219 2.04500007629395 20.6889991760254 20.6019992828369 17.0470008850098 20.2049999237061 19.121000289917 14.5959997177124 11.3039999008179 17.3939990997314 20.1860008239746 21.7229995727539 22.3640003204346 21.9449996948242 21.5890007019043 21.1609992980957 20.2660007476807 24.4300003051758 27.4720001220703 28.9340000152588 29.3190002441406 29.2089996337891 28.4580001831055 26.9729995727539 26.3229999542236 17.2180004119873 2.84299993515015 2.25600004196167 1.52400004863739 1.11000001430511 0.981000006198883
26.4340000152588 16.8290004730225 6.51399993896484 2.25799989700317 2.60500001907349 3.17600011825562 3.42600011825562 3.50399994850159 3.49499988555908 2.86899995803833 2.53999996185303 1.86800003051758 1.90400004386902 2.26999998092651 2.38499999046326 2.43499994277954 1.97899997234344 10.7930002212524 19.32200050354 15.2019996643066 11.6499996185303 4.96400022506714 3.63800001144409 8.36800003051758 16.2290000915527 19.5610008239746 20.6550006866455 20.3139991760254 20.9549999237061 20.2609996795654 18.9950008392334 18.8400001525879 25.2329998016357 27.7089996337891 29.2810001373291 30.1580009460449 30.1089992523193 29.7240009307861 28.5909996032715 26.9979991912842 15.8859996795654 2.42700004577637 2.26200008392334 2.0239999294281 8.05399990081787 7.43900012969971
24.6480007171631 17.5610008239746 5.64599990844727 2.17899990081787 1.94000005722046 2.55699992179871 2.68700003623962 2.74799990653992 2.79699993133545 2.51399993896484 2.3529999256134 2.07200002670288 1.32099997997284 1.67799997329712 2.12100005149841 2.12700009346008 1.73800003528595 1.80799996852875 17.8099994659424 12.3719997406006 9.40100002288818 6.03399991989136 9.44999980926514 11.7480001449585 16.7369995117188 18.1590003967285 18.80299949646 18.3910007476807 18.6879997253418 18.7029991149902 19.201000213623 21.5960006713867 27.2430000305176 28.9060001373291 29.8640003204346 30.2240009307861 30.3840007781982 29.8439998626709 28.5330009460449 26.0330009460449 20.3589992523193 6.34000015258789 6.01800012588501 11.7980003356934 18.4349994659424 19.5170001983643
21.6270008087158 9.02299976348877 3.59400010108948 3.77900004386902 1.8309999704361 2.35599994659424 2.52500009536743 2.6489999294281 2.65100002288818 2.63299989700317 2.67300009727478 2.29200005531311 1.26499998569489 0.88400000333786 1.70200002193451 1.72000002861023 1.74199998378754 1.59200000762939 12.1590003967285 13.9309997558594 15.746000289917 14.3909997940063 16.2399997711182 15.414999961853 16.556999206543 17.1800003051758 17.8799991607666 17.7859992980957 16.2259998321533 15.9180002212524 19.0310001373291 22.7259998321533 26.0540008544922 28.17799949646 29.3190002441406 29.7409992218018 30.0300006866455 29.2649993896484 28.3050003051758 25.5380001068115 22.3959999084473 17.7439994812012 21.1569995880127 23.9680004119873 22.7290000915527 25.367000579834
10.128999710083 4.81599998474121 4.14900016784668 3.94099998474121 3.19400000572205 2.61500000953674 2.4779999256134 2.66700005531311 2.68400001525879 2.76600003242493 2.96499991416931 2.70799994468689 2.04999995231628 1.81500005722046 1.28400003910065 1.33399999141693 1.432000041008 2.51600003242493 15.0299997329712 15.8909997940063 19.2870006561279 19.0240001678467 19.5139999389648 19.3159999847412 18.1070003509521 18.0550003051758 18.5179996490479 18.4349994659424 18.4860000610352 17.3349990844727 19.8519992828369 23.0060005187988 24.6580009460449 26.8010005950928 28.511999130249 29.05299949646 28.5100002288818 28.056999206543 27.6000003814697 24.9479999542236 24.6590003967285 26.1439990997314 28.6259994506836 28.673999786377 29.1359996795654 29.386999130249
8.63399982452393 4.86600017547607 4.52099990844727 4.17700004577637 3.54099988937378 2.64499998092651 2.22499990463257 2.20499992370605 2.57699990272522 2.99799990653992 3.15700006484985 2.95799994468689 2.5239999294281 1.87800002098083 1.51600003242493 1.40299999713898 1.30099999904633 11.1840000152588 16.568000793457 15.5459995269775 20.3419990539551 21.5480003356934 21.9759998321533 22.007999420166 20.6380004882812 18.8050003051758 19.4699993133545 19.6100006103516 19.5340003967285 19.2919998168945 20.9529991149902 22.6089992523193 23.5919990539551 25.7310009002686 27.0590000152588 27.798999786377 26.8619995117188 26.8279991149902 26.2049999237061 25.6270008087158 26.7970008850098 27.8439998626709 28.5270004272461 28.6030006408691 30.1709995269775 31.7819995880127
5.21500015258789 5.2480001449585 4.87400007247925 4.13500022888184 3.42000007629395 2.80399990081787 1.95200002193451 1.86800003051758 2.17600011825562 2.3989999294281 2.43799996376038 2.30100011825562 2.14299988746643 1.432000041008 1.23399996757507 1.30200004577637 5.08699989318848 16.0009994506836 17.9500007629395 19.3719997406006 21.8999996185303 22.8570003509521 23.57200050354 23.5639991760254 21.8859996795654 20.5550003051758 20.6660003662109 21.003999710083 20.75 19.9379997253418 21.0389995574951 20.488000869751 22.7040004730225 24.0659999847412 25.3540000915527 26.0960006713867 25.6720008850098 26.0990009307861 25.3840007781982 26.6270008087158 28.0869998931885 28.0410003662109 28.6860008239746 29.2490005493164 31.7870006561279 33.3740005493164
7.51800012588501 5.39400005340576 5.23400020599365 4.5460000038147 3.66199994087219 2.86500000953674 1.6360000371933 1.56700003147125 1.75300002098083 3.83500003814697 1.21300005912781 1.23599994182587 1.46399998664856 1.47500002384186 1.46300005912781 1.442999958992 7.16499996185303 14.0970001220703 19.3999996185303 21.3640003204346 23.0919990539551 24.4990005493164 25.3330001831055 24.6049995422363 22.3500003814697 22.4440002441406 21.32200050354 21.5919990539551 21.2830009460449 20.3640003204346 19.7099990844727 18.5729999542236 19.5739994049072 20.3999996185303 24.0109996795654 24.7099990844727 24.1159992218018 25.6539993286133 26.2150001525879 28.1620006561279 29.5809993743896 30.8099994659424 33.0629997253418 34.0660018920898 35.0009994506836 35.2410011291504
8.9709997177124 8.02000045776367 4.75500011444092 4.55900001525879 3.95900011062622 7.53499984741211 11.4659996032715 9.77200031280518 6.83799982070923 12.3680000305176 5.4850001335144 1.14100003242493 1.44200003147125 1.2849999666214 1.91799998283386 1.7610000371933 2.96000003814697 13.4010000228882 19.0240001678467 21.5240001678467 23.2940006256104 25.0289993286133 25.931999206543 25.3910007476807 23.2649993896484 21.2450008392334 21.2259998321533 21.6280002593994 21.2530002593994 20.4230003356934 19.5590000152588 17.9570007324219 16.4799995422363 15.7309999465942 17.5289993286133 23.6009998321533 23.0069999694824 24.4109992980957 25.6709995269775 29.5330009460449 32.7820014953613 33.6699981689453 36.3979988098145 37.2700004577637 37.2620010375977 37.2869987487793
16.3999996185303 7.4520001411438 4.11499977111816 3.77600002288818 3.64000010490417 14.2390003204346 19.82200050354 20.9209995269775 18.9559993743896 20.0820007324219 12.1960000991821 1.21300005912781 1.48099994659424 2.10199999809265 2.78200006484985 2.78800010681152 4.17999982833862 13.4650001525879 19.3090000152588 21.3610000610352 23.1630001068115 24.988000869751 25.3850002288818 24.7740001678467 23.2159996032715 20.6380004882812 20.5750007629395 20.4710006713867 20.0690002441406 19.5970001220703 18.431999206543 17.1189994812012 15.7810001373291 13.7659997940063 13.8730001449585 20.3150005340576 22.6240005493164 22.7040004730225 23.6650009155273 28.4209995269775 31.9829998016357 35.0859985351562 36.3730010986328 37.5099983215332 38.3279991149902 37.7630004882812
