01_datasets/03_gis/02_asc_chm-r50m/HS22X7.asc
NCOLS 201 
NROWS 200 
XLLCORNER 570872 
YLLCORNER 5219304.5 
CELLSIZE 0.5 
NODATA_value -3.4e+38 
[rows 140 to 159 of 200, columns 46 to 91 of 201]
15.3100004196167 14.4289999008179 12.628999710083 12.4820003509521 9.82400035858154 8.63300037384033 7.53900003433228 5.03999996185303 2.29699993133545 2.10400009155273 1.75 2.06399989128113 2.69199991226196 3.1489999294281 3.62899994850159 3.62899994850159 3.63599991798401 5.48699998855591 9.70499992370605 11.7189998626709 14.0100002288818 18.8600006103516 27.6700000762939 30.201000213623 33.3549995422363 35.6189994812012 36.2140007019043 36.0740013122559 34.7799987792969 32.7879981994629 31.7129993438721 28.7719993591309 25.3549995422363 20.6200008392334 15.1429996490479 15.253999710083 15.4049997329712 15.1590003967285 14.5590000152588 13.8730001449585 12.7110004425049 11.2130002975464 11.0830001831055 16.2670001983643 20.7040004730225 23.9890003204346
15.7019996643066 15.4359998703003 14.6049995422363 13.7510004043579 11.5299997329712 11.2799997329712 11.2950000762939 10.9650001525879 8.22200012207031 5.48000001907349 2.73699998855591 1.97800004482269 2.05999994277954 2.60400009155273 3.46000003814697 4.06199979782104 4.12400007247925 9.18400001525879 15.1400003433228 15.8030004501343 11.9169998168945 15.1920003890991 23.8910007476807 28.9419994354248 32.8740005493164 34.9620018005371 35.0200004577637 34.726001739502 32.9749984741211 31.6480007171631 30.0450000762939 25.5869998931885 24.0130004882812 14.6879997253418 15.1049995422363 16.0319995880127 16.7919998168945 15.3360004425049 14.7580003738403 13.460000038147 12.2930002212524 12.9860000610352 12.8409996032715 18.9060001373291 22.431999206543 25.3139991760254
20.6389999389648 16.4090003967285 15.4259996414185 14.460000038147 13.3380002975464 12.2239999771118 12.3889999389648 13.2969999313354 13.6510000228882 11.706000328064 4.36899995803833 2.22300004959106 2.00799989700317 2.80100011825562 4.08900022506714 6.25799989700317 4.77699995040894 15.6870002746582 18.6580009460449 15.6669998168945 13.1770000457764 16.9099998474121 21.7929992675781 27.1749992370605 31.4629993438721 32.5019989013672 32.601001739502 32.5999984741211 32.3209991455078 31.1000003814697 29.3780002593994 24.6410007476807 18.6830005645752 14.6820001602173 16.3659992218018 18.7730007171631 17.6870002746582 15.5089998245239 15.1969995498657 13.5520000457764 14.3369998931885 17.0790004730225 10.6470003128052 24.4549999237061 23.6140003204346 26.9160003662109
25.4489994049072 22.6110000610352 18.1490001678467 15.2819995880127 15.6859998703003 13.7740001678467 14.0150003433228 14.5010004043579 14.4209995269775 14.2639999389648 8.49100017547607 3.78900003433228 4.66300010681152 8.54199981689453 11.0830001831055 13.6230001449585 13.7200002670288 18.9060001373291 18.5860004425049 15.9720001220703 17.7290000915527 19.1900005340576 23.0009994506836 25.2719993591309 25.3570003509521 28.0009994506836 30.4939994812012 30.4829998016357 30.4820003509521 29.9400005340576 27.0919990539551 19.6529998779297 14.8979997634888 13.0329999923706 18.0440006256104 23.4109992980957 23.9930000305176 19.4479999542236 17.1299991607666 15.9709997177124 18.0349998474121 19.9740009307861 25.181999206543 27.6679992675781 26.1219997406006 26.6730003356934
27.2569999694824 27.0179996490479 23.8840007781982 18.8010005950928 17.9220008850098 16.5069999694824 16.2159996032715 14.625 14.3439998626709 14.2569999694824 12.3439998626709 8.52600002288818 10.1719999313354 13.3159999847412 16.4270000457764 15.4200000762939 18.0559997558594 20.9890003204346 21.3719997406006 20.7639999389648 19.4939994812012 19.25 22.1560001373291 23.3540000915527 20.5610008239746 20.6800003051758 24.0729999542236 30.128999710083 29.8759994506836 28.5060005187988 27.117000579834 25.1909999847412 23.8449993133545 16.0139999389648 21.4720001220703 24.3099994659424 25.9839992523193 25.4869995117188 23.2870006561279 22.6299991607666 19.4479999542236 20.0769996643066 24.2940006256104 28.3810005187988 28.4720001220703 28.3470001220703
28.386999130249 28.1690006256104 27.3780002593994 20.1089992523193 19.0030002593994 17.923999786377 16.7150001525879 15.1070003509521 14.3800001144409 13.5249996185303 14.7639999389648 14.2629995346069 15.9090003967285 17.3980007171631 18.9860000610352 17.4689998626709 20.4610004425049 23.1040000915527 22.9120006561279 23.2630004882812 23.2150001525879 23.0499992370605 20.1240005493164 20.5620002746582 20.2980003356934 19.4379997253418 20.2530002593994 27.8059997558594 28.9029998779297 26.8980007171631 27.0650005340576 27.113000869751 27.0580005645752 26.3360004425049 25.871000289917 26.6480007171631 27.3579998016357 27.4479999542236 27.3600006103516 26.3449993133545 22.628999710083 19.3610000610352 20.2819995880127 26.4899997711182 29.7140007019043 30.6550006866455
29.1690006256104 29.0499992370605 27.7360000610352 22.9829998016357 23.7999992370605 21.2089996337891 17.4769992828369 15.9930000305176 17.9050006866455 17.4740009307861 15.4860000610352 19.0690002441406 19.7360000610352 20.0480003356934 20.3530006408691 20.0739994049072 24.0839996337891 24.4720001220703 24.6539993286133 25.0349998474121 25.011999130249 22.2600002288818 20.9389991760254 20.621000289917 21.0659999847412 21.8090000152588 25.1359996795654 27.011999130249 27.5599994659424 28.4009990692139 28.1860008239746 27.6420001983643 28.0170001983643 28.9449996948242 28.1909999847412 28.8190002441406 29.2269992828369 29.3390007019043 28.6760005950928 27.9810009002686 25.8640003204346 19.5839996337891 21.6189994812012 28.9570007324219 31.556999206543 31.5820007324219
31.9890003204346 29.8409996032715 28.0060005187988 25.4409999847412 24.6189994812012 22.0669994354248 19.132999420166 18.5659999847412 20.7040004730225 21.1749992370605 21.4309997558594 21.9599990844727 22.0030002593994 23.1399993896484 23.9729995727539 25.4599990844727 29.3129997253418 28.2689990997314 27.826000213623 27.1459999084473 27.1830005645752 26.3349990844727 21.4780006408691 21.1690006256104 21.3680000305176 22.2250003814697 25.3419990539551 26.863000869751 29.375 30.5319995880127 30.4489994049072 29.673999786377 29.25 29.8540000915527 30.0259990692139 30.7810001373291 30.8929996490479 30.7740001678467 30.1499996185303 29.3349990844727 24.5200004577637 23.193000793457 26.9659996032715 30.1270008087158 31.8139991760254 32.4869995117188
32.3120002746582 30.5459995269775 29.5240001678467 27.2029991149902 23.4400005340576 21.0520000457764 20.5429992675781 20.8649997711182 22.4309997558594 22.7430000305176 22.4899997711182 22.7439994812012 23.2549991607666 26.2119998931885 27.9409999847412 29.9260005950928 30.8110008239746 30.1410007476807 29.6459999084473 28.761999130249 29.9710006713867 29.3500003814697 24.7999992370605 22.0869998931885 21.8490009307861 21.8369998931885 25.4710006713867 28.1000003814697 30.4080009460449 31.3390007019043 31.5739994049072 31.5610008239746 31.2430000305176 30.3880004882812 30.4519996643066 31.746000289917 32.5419998168945 32.4720001220703 31.9829998016357 29.9090003967285 29.5300006866455 30.7299995422363 30.5259990692139 31.2970008850098 31.7320003509521 33.6590003967285
34.2140007019043 32.4529991149902 29.8360004425049 28.6800003051758 22.4150009155273 22.8640003204346 21.7999992370605 22.1889991760254 23.0550003051758 23.1860008239746 23.3320007324219 24.6809997558594 25.3990001678467 27.1270008087158 28.9650001525879 31.3530006408691 31.3369998931885 30.8570003509521 29.9869995117188 30.2980003356934 30.7759990692139 30.9169998168945 27.2189998626709 24.5340003967285 22.386999130249 23.1079998016357 25.6459999084473 28.9440002441406 30.7119998931885 31.6889991760254 32.564998626709 32.8310012817383 32.6240005493164 32.0340003967285 30.9850006103516 32.2879981994629 33.7589988708496 33.9869995117188 33.5999984741211 31.8570003509521 30.8999996185303 31.1700000762939 31.7609996795654 31.75 31.9220008850098 32.6809997558594
33.851001739502 31.2740001678467 30.1550006866455 28.1529998779297 25.3509998321533 27.1159992218018 24.4389991760254 23.8519992828369 22.9340000152588 23.2469997406006 23.3610000610352 25.2119998931885 25.8889999389648 27.1720008850098 29.7770004272461 31.5610008239746 32.2330017089844 32.1660003662109 31.5310001373291 31.3080005645752 31.0090007781982 30.988000869751 29.2000007629395 25.2029991149902 24.681999206543 26.8780002593994 27.4780006408691 29.3239994049072 31.0410003662109 32.1590003967285 33.1980018615723 33.5250015258789 33.0999984741211 32.5550003051758 31.7000007629395 32.0419998168945 33.3549995422363 34.0449981689453 33.8310012817383 33.2299995422363 32.8269996643066 32.2169990539551 33.0540008544922 32.9080009460449 32.6559982299805 33.4700012207031
33.6419982910156 32.0340003967285 30.0090007781982 28.0289993286133 28.3700008392334 29.3129997253418 27.8339996337891 25.1660003662109 25.5109996795654 23.2819995880127 24.117000579834 25.4570007324219 26.0990009307861 27.3229999542236 31.2810001373291 31.9309997558594 33.4029998779297 34.4650001525879 34.4039993286133 31.8770008087158 32.0820007324219 31.5450000762939 30.3990001678467 27.3190002441406 27.1720008850098 27.951000213623 27.3040008544922 28.3840007781982 30.496000289917 32.4519996643066 33.0960006713867 33.2799987792969 33.0530014038086 32.4930000305176 32.1710014343262 31.8040008544922 31.7590007781982 33.5839996337891 33.5040016174316 33.7840003967285 34.1500015258789 34.109001159668 34.9090003967285 34.1949996948242 33.5859985351562 33.7050018310547
32.8160018920898 31.1399993896484 30.2590007781982 30.3320007324219 30.3269996643066 30.19700050354 28.75 27.6730003356934 26.5100002288818 24.6389999389648 24.6550006866455 24.7849998474121 25.318000793457 28.6350002288818 31.6399993896484 32.6020011901855 34.0769996643066 35.6780014038086 36.0419998168945 34.476001739502 32.6100006103516 32.2960014343262 30.9419994354248 29.0790004730225 28.1749992370605 27.931999206543 27.5990009307861 29.7129993438721 31.0100002288818 32.0130004882812 32.6160011291504 32.8030014038086 32.492000579834 32.0019989013672 32.0460014343262 31.5410003662109 31.4489994049072 32.5320014953613 33.4370002746582 34.6059989929199 35.109001159668 35.2319984436035 35.2929992675781 34.9959983825684 33.9280014038086 33.9119987487793
32.2309989929199 32.1640014648438 31.6490001678467 31.617000579834 30.9540004730225 30.5709991455078 29.6119995117188 28.6159992218018 26.6299991607666 25.6660003662109 25.4419994354248 24.7870006561279 25.1660003662109 28.6539993286133 31.2639999389648 32.0089988708496 33.1310005187988 35.2770004272461 34.2789993286133 32.9570007324219 32.451000213623 31.7299995422363 30.2670001983643 29.0160007476807 28.2919998168945 27.7409992218018 28.2229995727539 28.8139991760254 30.423999786377 31.5100002288818 32.0839996337891 32.3880004882812 31.875 31.4979991912842 30.3400001525879 31.4340000152588 32.1080017089844 32.9539985656738 33.1580009460449 34.6959991455078 35.515998840332 36.2190017700195 36.0069999694824 35.318000793457 34.3650016784668 33.6669998168945
32.5089988708496 32.8400001525879 32.75 32.648998260498 32.5719985961914 31.9479999542236 30.9220008850098 29.7940006256104 28.6900005340576 27.1180000305176 26.8589992523193 25.0380001068115 25.5149993896484 30.1889991760254 31.3880004882812 32.2459983825684 32.2890014648438 33.3889999389648 34.0309982299805 32.7690010070801 32.6240005493164 32.5709991455078 28.7910003662109 26.7280006408691 27.2929992675781 26.8400001525879 27.326000213623 28.4379997253418 29.5389995574951 31.2660007476807 31.9379997253418 32.314998626709 32.310001373291 32.0069999694824 31.3619995117188 32.5620002746582 33.2820014953613 33.8160018920898 32.9290008544922 34.0519981384277 34.9519996643066 35.8940010070801 35.8639984130859 35.5579986572266 34.8959999084473 33.7060012817383
32.1240005493164 33.0309982299805 33.2820014953613 33.515998840332 33.3209991455078 32.6839981079102 31.5830001831055 30.2350006103516 29.5909996032715 27.9169998168945 27.0809993743896 25.011999130249 27.0020008087158 28.8899993896484 31.3950004577637 32.1059989929199 32.1160011291504 31.8589992523193 31.9829998016357 31.5669994354248 31.0330009460449 29.2240009307861 25.7070007324219 24.4349994659424 25.2280006408691 26.4290008544922 26.8549995422363 26.9120006561279 29.7049999237061 31.2959995269775 32.2319984436035 32.7029991149902 32.9550018310547 32.765998840332 32.6510009765625 33.5390014648438 33.9659996032715 34.234001159668 33.148998260498 33.6510009765625 34.4620018005371 35.1809997558594 35.2869987487793 35.0359992980957 34.1949996948242 33.1879997253418
32.5279998779297 33.5519981384277 34.1669998168945 34.4090003967285 33.6160011291504 32.9879989624023 31.6299991607666 30.5139999389648 28.9190006256104 27.0729999542236 25.6660003662109 24.8689994812012 25.4930000305176 26.613000869751 28.1849994659424 29.4950008392334 31.5599994659424 31.3560009002686 30.6889991760254 29.9249992370605 29.2049999237061 28.2649993896484 25.7119998931885 24.8320007324219 25.761999130249 26.8610000610352 26.5869998931885 27.7129993438721 30.5 31.5230007171631 32.5229988098145 33.1259994506836 33.4090003967285 33.0530014038086 32.8559989929199 33.7519989013672 34.0060005187988 33.9449996948242 33.1640014648438 32.9029998779297 33.5769996643066 34.3610000610352 34.8699989318848 34.4900016784668 33.4129981994629 32.7179985046387
32.5429992675781 33.5330009460449 34.0390014648438 34.0519981384277 33.4070014953613 32.8699989318848 31.8680000305176 30.6639995574951 29.1259994506836 28.0090007781982 25.6359996795654 25.1509990692139 25.2600002288818 26.3349990844727 26.8659992218018 28.2469997406006 29.8059997558594 30.8040008544922 29.9890003204346 29.0030002593994 27.2150001525879 26.7560005187988 25.5289993286133 25.5620002746582 27.0480003356934 26.0869998931885 26.7350006103516 28.0629997253418 31.0629997253418 31.5610008239746 32.0050010681152 32.9049987792969 33.2280006408691 32.9679985046387 32.7319984436035 33.1370010375977 33.2630004882812 33.3540000915527 32.576000213623 32.0439987182617 32.8359985351562 33.1479988098145 33.890998840332 33.7070007324219 33.6650009155273 33.1360015869141
32.3199996948242 33.3079986572266 33.8650016784668 33.6800003051758 33.351001739502 32.5219993591309 31.576000213623 29.7210006713867 29.4489994049072 28.3299999237061 25.8360004425049 24.1049995422363 25.5400009155273 25.8770008087158 27.1709995269775 28.4720001220703 28.9409999847412 29.238000869751 29.2670001983643 28.8379993438721 28.0540008544922 26.9260005950928 25.0799999237061 28.2159996032715 29.0090007781982 25.2870006561279 25.42799949646 27.181999206543 29.8819999694824 31.5219993591309 31.7320003509521 32.5060005187988 32.6199989318848 32.4930000305176 31.9370002746582 32.1619987487793 32.1940002441406 32.3380012512207 31.7660007476807 31.621000289917 30.9200000762939 32.4669990539551 32.4640007019043 32.7290000915527 34.25 34.5279998779297
33.2389984130859 34.1609992980957 34.5029983520508 34.25 33.8790016174316 32.6300010681152 31.1989994049072 29.5319995880127 29.2959995269775 28.496000289917 26.3899993896484 22.4619998931885 25.6380004882812 27.326000213623 28.5030002593994 29.0879993438721 29.6830005645752 30.3120002746582 30.1499996185303 29.6809997558594 29.117000579834 28.7040004730225 28.746000289917 29.3199996948242 29.306999206543 28.1380004882812 26.6310005187988 28.5709991455078 29.9449996948242 30.9270000457764 31.4720001220703 31.6630001068115 31.3330001831055 31.0949993133545 30.8099994659424 30.8780002593994 30.4340000152588 30.6189994812012 31.326000213623 30.7229995727539 23.19700050354 29.0060005187988 33.7169990539551 34.0530014038086 34.9939994812012 36.4580001831055
