01_datasets/03_gis/02_asc_chm-r50m/HS222I.asc
NCOLS 200 
NROWS 201 
XLLCORNER 569173.5 
YLLCORNER 5220850 
CELLSIZE 0.5 
NODATA_value -3.4e+38 
[rows 160 to 179 of 201, columns 46 to 91 of 200]
22.1200008392334 24.5230007171631 27.9209995269775 29.9169998168945 32.2620010375977 35.3650016784668 37.193000793457 37.5999984741211 35.5929985046387 32.8400001525879 30.298999786377 27.1879997253418 23.3810005187988 19.9020004272461 18.6580009460449 14.4139995574951 14.9040002822876 17.2999992370605 21.242000579834 22.8649997711182 24.201000213623 25.0480003356934 26.6840000152588 27.4379997253418 27.6520004272461 28.2250003814697 28.4260005950928 28.5009994506836 27.3110008239746 26.1520004272461 24.7169990539551 25.0160007476807 21.5659999847412 19.2719993591309 12.8210000991821 14.3450002670288 20.8330001831055 22.4190006256104 24.4559993743896 26.3239994049072 26.9939994812012 27.7609996795654 28.0939998626709 27.8719997406006 28.1499996185303 27.3969993591309
23.4419994354248 23.1660003662109 26.0550003051758 29.443000793457 31.9570007324219 34.2910003662109 35.4379997253418 35.4179992675781 34.6650009155273 31.9990005493164 28.1319999694824 25.8090000152588 21.8110008239746 17.867000579834 18.0709991455078 16.3120002746582 18.8080005645752 19.8139991760254 20.125 23.4440002441406 24.6749992370605 25.6770000457764 27.4529991149902 28.4619998931885 28.5699996948242 28.6009998321533 28.2329998016357 27.8990001678467 27.07200050354 26.363000869751 25.8169994354248 27.1340007781982 25.9969997406006 22.4869995117188 20.9449996948242 19.9820003509521 18.9300003051758 21.17799949646 24.5069999694824 26.2929992675781 27.7649993896484 29.1189994812012 29.4080009460449 29.1049995422363 29.4220008850098 27.4069995880127
24.8889999389648 26.6919994354248 26.6919994354248 25.1399993896484 29.132999420166 32.8320007324219 34.451000213623 34.7330017089844 33.3110008239746 31.0230007171631 27.0009994506836 25.0240001678467 21.7880001068115 18.613000869751 16.5400009155273 17.6889991760254 19.2779998779297 19.7360000610352 20.5970001220703 23.3540000915527 24.5690002441406 26.1590003967285 27.9270000457764 29.3819999694824 29.4060001373291 28.6149997711182 27.9090003967285 27.4340000152588 27.136999130249 26.875 26.8570003509521 28.2129993438721 27.6089992523193 24.9230003356934 23.3500003814697 20.2950000762939 19.5470008850098 19.8689994812012 22.9640007019043 26.4090003967285 27.056999206543 28.3129997253418 29.6200008392334 29.8080005645752 29.5990009307861 28.3349990844727
28.8290004730225 27.0300006866455 24.9750003814697 23.5520000457764 27.2439994812012 29.5240001678467 30.4519996643066 29.253999710083 29.5690002441406 29.9249992370605 25.0389995574951 23.7810001373291 20.8190002441406 19.0909996032715 15.8990001678467 15.1960000991821 19.0510005950928 19.7660007476807 20.7770004272461 22.7630004882812 24.9500007629395 25.9909992218018 26.5869998931885 28.30299949646 29.1240005493164 28.7059993743896 28.2649993896484 28.1030006408691 28.4519996643066 28.3290004730225 28.7749996185303 29.5380001068115 28.5499992370605 25.3269996643066 24.7369995117188 23.4130001068115 21.1870002746582 20.6229991912842 23.3589992523193 26.0130004882812 26.8390007019043 27.8379993438721 29.2530002593994 29.621000289917 29.4020004272461 28.0739994049072
31.2469997406006 28.0839996337891 26.367000579834 23.2730007171631 23.4759998321533 25.2159996032715 27.0240001678467 26.7099990844727 25.4610004425049 24.7119998931885 22.6639995574951 21.0909996032715 19.9039993286133 19.8610000610352 16.6189994812012 17.2089996337891 20.9099998474121 23.7089996337891 25.2390003204346 24.8150005340576 24.7339992523193 27.1949996948242 28.9249992370605 29.5879993438721 28.4449996948242 28.3560009002686 28.2980003356934 29.6650009155273 30.4020004272461 30.7019996643066 30.8150005340576 30.1040000915527 29.2280006408691 27.1569995880127 25.8129997253418 23.9740009307861 22.0650005340576 22.0249996185303 24.1480007171631 25.9659996032715 26.375 28.1189994812012 28.8320007324219 29.0909996032715 28.496000289917 27.6790008544922
32.1419982910156 29.8889999389648 26.9750003814697 24.3110008239746 22.2759990692139 24.5590000152588 24.3570003509521 23.3910007476807 23.4290008544922 21.882999420166 20.9839992523193 19.4869995117188 19.5960006713867 19.761999130249 23.0820007324219 24.5699996948242 25.05299949646 28.7830009460449 28.6420001983643 28.7280006408691 29.3320007324219 29.9769992828369 30.57200050354 29.5620002746582 26.988000869751 27.3799991607666 28.3859996795654 30.0550003051758 31.3780002593994 31.6270008087158 31.9519996643066 30.7660007476807 29.8159999847412 28.5 26.5790004730225 23.2590007781982 22.0410003662109 22.1219997406006 23.7830009460449 24.4090003967285 24.8430004119873 27.3419990539551 28.0939998626709 27.8579998016357 27.242000579834 26.1749992370605
33.4930000305176 31.068000793457 27.2430000305176 24.9549999237061 23.4860000610352 23.5909996032715 24.0030002593994 20.8390007019043 21.3850002288818 21.6070003509521 21.2649993896484 16.5860004425049 19.1830005645752 20.173999786377 23.2670001983643 25.0090007781982 27.69700050354 29.5300006866455 30.25 31.6060009002686 31.2770004272461 31.0699996948242 31.2530002593994 31.1520004272461 28.5249996185303 28.9160003662109 29.0849990844727 29.7409992218018 31.3309993743896 31.7049999237061 32.3359985351562 31.69700050354 30.1389999389648 28.8560009002686 26.8579998016357 22.5270004272461 20.6550006866455 20.3150005340576 22.6709995269775 23.4829998016357 24.0559997558594 25.6660003662109 26.2999992370605 26.2439994812012 26.5100002288818 25.1319999694824
33.7000007629395 31.3139991760254 27.2399997711182 26.0909996032715 22.3159999847412 21.2910003662109 21.6000003814697 18.9230003356934 19.9029998779297 21.2469997406006 17.6709995269775 18.3530006408691 20.1900005340576 22.011999130249 22.6959991455078 24.1919994354248 25.6989994049072 28.1760005950928 31.5009994506836 32.4589996337891 32.9339981079102 33.2379989624023 32.4749984741211 31.1429996490479 30.5510005950928 29.7439994812012 28.57200050354 29.2119998931885 31.1189994812012 31.617000579834 31.5979995727539 30.7159996032715 29.2880001068115 28.9939994812012 23.1280002593994 17.8470001220703 16.9379997253418 19.3579998016357 21.7749996185303 23.1319999694824 23.326000213623 25.0629997253418 25.7700004577637 25.4909992218018 25.4459991455078 25.0009994506836
31.7719993591309 30.5890007019043 28.2329998016357 25.9400005340576 22.621000289917 20.7980003356934 18.5580005645752 15.2419996261597 19.2700004577637 20.8309993743896 18.3290004730225 19.7609996795654 24.4260005950928 23.7439994812012 24.1159992218018 25.6229991912842 26.257999420166 29.5179996490479 32.2369995117188 33.015998840332 33.6529998779297 33.9729995727539 33.2849998474121 31.6760005950928 30.3929996490479 27.6469993591309 27.3209991455078 28.7900009155273 30.6110000610352 31.1410007476807 30.7789993286133 29.9559993743896 28.6189994812012 27.5949993133545 23.3910007476807 19.9659996032715 16.4689998626709 17.3640003204346 18.0170001983643 22.068000793457 22.2549991607666 22.7929992675781 24.0790004730225 24.2789993286133 24.0610008239746 23.0790004730225
30.1280002593994 27.4829998016357 25.9139995574951 23.0690002441406 21.2280006408691 20.17799949646 19.4230003356934 19.6809997558594 21.0230007171631 21.7929992675781 24.0590000152588 25.4519996643066 25.6849994659424 25.7509994506836 27.2360000610352 27.4169998168945 27.8540000915527 30.4930000305176 31.9379997253418 32.9329986572266 34.1139984130859 34.5110015869141 33.7050018310547 32.7439994812012 30.6690006256104 28.2609996795654 28.1410007476807 28.1889991760254 28.7119998931885 28.8719997406006 29.4950008392334 29.6240005493164 28.8470001220703 26.3680000305176 24.0620002746582 19.8959999084473 17.5380001068115 16.1350002288818 17.1770000457764 19.8169994354248 20.4179992675781 21.2189998626709 22.0359992980957 21.5970001220703 21.5009994506836 20.201000213623
23.3339996337891 23.1790008544922 22.6560001373291 21.3139991760254 19.9820003509521 18.5690002441406 17.4680004119873 17.0820007324219 18.6770000457764 22.7870006561279 24.7910003662109 25.6450004577637 27.3950004577637 28.0979995727539 28.4589996337891 28.6940002441406 29.1110000610352 29.2439994812012 31.0750007629395 32.9420013427734 33.7019996643066 33.943000793457 33.4259986877441 32.4589996337891 30.9529991149902 28.8169994354248 28.431999206543 28.2099990844727 27.9479999542236 27.5170001983643 28.3859996795654 28.7770004272461 28.4130001068115 26.9990005493164 21.6800003051758 17.9489994049072 17.4570007324219 16.5400009155273 16.9099998474121 18.2329998016357 18.9400005340576 19.3439998626709 19.6949996948242 18.8589992523193 18.2689990997314 18.4249992370605
21.8339996337891 21.8050003051758 20.5970001220703 18.1469993591309 17.4930000305176 15.6969995498657 12.0109996795654 13.7069997787476 17 21.7719993591309 25.8010005950928 26.5769996643066 27.9459991455078 29.3680000305176 29.2859992980957 29.7150001525879 29.7950000762939 29.5170001983643 30.4330005645752 32.7490005493164 33.2449989318848 33.148998260498 32.9280014038086 31.3990001678467 30.0470008850098 28.4209995269775 27.6490001678467 27.3139991760254 26.6189994812012 25.3780002593994 25.9080009460449 26.4790000915527 25.7600002288818 22.25 17.9750003814697 17.9589996337891 17.6989994049072 12.0590000152588 11.9169998168945 16.488000869751 15.7869997024536 14.2519998550415 15.0480003356934 16.3479995727539 17.6009998321533 15.3450002670288
20.7719993591309 19.1140003204346 18.1089992523193 16.8020000457764 14.6549997329712 11.6529998779297 10.7430000305176 18.742000579834 21.7509994506836 25.363000869751 27.818000793457 27.7870006561279 28.826000213623 29.923999786377 29.988000869751 30.1550006866455 29.7639999389648 29.9489994049072 30.6420001983643 31.9930000305176 32.2519989013672 32.3190002441406 31.988000869751 30.4570007324219 29.2199993133545 28.2269992828369 27.7719993591309 27.4839992523193 26.5370006561279 25.0259990692139 24.1879997253418 23.242000579834 21.3950004577637 19.6429996490479 18.2649993896484 16.1180000305176 14.4499998092651 11.003999710083 9.87399959564209 10.6599998474121 11.4650001525879 11.0069999694824 11.4540004730225 12.7180004119873 13.6260004043579 12.4910001754761
18.7129993438721 16.2630004882812 16.4090003967285 15.0640001296997 12.8360004425049 9.44900035858154 15.7629995346069 20.7730007171631 22.8950004577637 24.6189994812012 26.9290008544922 28.8150005340576 29.6079998016357 30.181999206543 31.173999786377 31.4979991912842 30.8330001831055 29.8899993896484 29.8339996337891 29.7670001983643 30.1809997558594 30.0919990539551 29.7180004119873 29.4179992675781 28.5160007476807 28.3780002593994 28.4050006866455 27.7889995574951 26.818000793457 25.632999420166 24.6229991912842 22.5209999084473 20.7670001983643 18.5249996185303 17.363000869751 16.6650009155273 13.8889999389648 11.2650003433228 6.56500005722046 8.72299957275391 10.4589996337891 10.7449998855591 10.8339996337891 10.951000213623 11.2779998779297 10.6190004348755
14.9899997711182 14.16100025177 13.2189998626709 11.2840003967285 8.5959997177124 9.87399959564209 14.2670001983643 20.9610004425049 21.3840007781982 24.1790008544922 27.9500007629395 29.4179992675781 29.8980007171631 30.6860008239746 31.9169998168945 32.3769989013672 30.818000793457 29.6679992675781 29.1350002288818 28.4009990692139 28.0620002746582 27.8649997711182 27.6660003662109 28.1149997711182 28.2770004272461 29.4270000457764 29.5480003356934 28.2759990692139 26.9669990539551 25.8449993133545 23.3490009307861 21.6079998016357 20.4909992218018 17.4050006866455 16.0219993591309 14.5869998931885 11.9020004272461 11.3330001831055 6.61600017547607 9.41899967193604 9.57900047302246 10.1110000610352 10.6149997711182 10.6859998703003 10.7150001525879 10.1120004653931
12.451000213623 11.4879999160767 11.4919996261597 11.5780000686646 7.60500001907349 11.4289999008179 16.2830009460449 19.9179992675781 21.681999206543 24.6499996185303 28.4810009002686 30.8339996337891 31.2439994812012 31.8519992828369 31.996000289917 31.9640007019043 30.1840000152588 29.753999710083 29.257999420166 27.7199993133545 26.8229999542236 26.2399997711182 26.7980003356934 27.5370006561279 28.0820007324219 29.4659996032715 29.5069999694824 28.2660007476807 27.0359992980957 25.136999130249 21.3320007324219 21.2019996643066 21.1350002288818 17.9099998474121 15.3830003738403 13.914999961853 12.003999710083 9.22200012207031 7.51999998092651 7.15899991989136 8.27299976348877 8.19799995422363 9.7519998550415 9.87399959564209 9.75100040435791 10.5860004425049
12.7849998474121 12.4390001296997 11.9949998855591 11.8870000839233 14.7119998931885 16.4899997711182 20.8810005187988 23.0130004882812 23.875 24.548999786377 28.3929996490479 31.806999206543 32.5400009155273 32.7700004577637 31.3619995117188 30.9249992370605 30.2700004577637 30.0900001525879 29.7679996490479 27.7049999237061 26.201000213623 24.8700008392334 25.673999786377 27.5639991760254 27.9130001068115 28.5149993896484 28.5 27.9349994659424 27.5470008850098 25.8850002288818 23.9619998931885 21.32200050354 21.0559997558594 19.6989994049072 17.7679996490479 13.7679996490479 11.5790004730225 4.06699991226196 3.3510000705719 2.81699991226196 3.09699988365173 3.3989999294281 6.35200023651123 8.8730001449585 9.32800006866455 10.2030000686646
13.2229995727539 13.0459995269775 12.4969997406006 12.831000328064 15.8929996490479 17 20.1539993286133 23.0499992370605 23.8589992523193 26.1310005187988 30.8619995117188 32.2089996337891 33.5989990234375 33.9150009155273 32.5099983215332 32.0839996337891 31.6840000152588 31.7329998016357 31.8540000915527 31.1070003509521 29.0799999237061 25.113000869751 23.5709991455078 26.2900009155273 27.7560005187988 27.6760005950928 27.798999786377 27.5830001831055 27.2970008850098 25.5869998931885 23.5839996337891 21.7959995269775 20.7490005493164 19.6979999542236 16.7150001525879 13.3059997558594 7.53000020980835 3.87599992752075 5.05000019073486 4.19600009918213 3.44099998474121 3.13499999046326 3.15100002288818 6.77099990844727 8.78600025177002 8.98099994659424
13.3850002288818 13.1059999465942 12.7840003967285 12.9209995269775 14.6420001983643 16.3470001220703 19.7210006713867 22.5389995574951 25.9969997406006 27.4650001525879 31.9050006866455 33.0040016174316 34.431999206543 34.7150001525879 33.4589996337891 32.7669982910156 32.4329986572266 32.6710014343262 33.3409996032715 32.5050010681152 30.8279991149902 23.6550006866455 22.2590007781982 25.0799999237061 25.9979991912842 26.3990001678467 26.7800006866455 26.7409992218018 25.6840000152588 22.9850006103516 21.8920001983643 20.3700008392334 19.9580001831055 17.8530006408691 15.1599998474121 8.55200004577637 7.99499988555908 5.76200008392334 7.06799983978271 5.66300010681152 3.93199992179871 3.00099992752075 3.09500002861023 5.19700002670288 7.86600017547607 8.23400020599365
13.6020002365112 13.548999786377 13.2189998626709 13.5159997940063 14.6719999313354 15.8199996948242 19.2269992828369 20.5890007019043 24.9109992980957 26.992000579834 31.0820007324219 32.8950004577637 34.109001159668 34.4580001831055 33.5190010070801 33.257999420166 33.5190010070801 34.0610008239746 34.5470008850098 34.0379981994629 32.5610008239746 27.068000793457 23.07200050354 23.3479995727539 23.6049995422363 24.7999992370605 25.3619995117188 25.2600002288818 23.003999710083 22.742000579834 22.0979995727539 19.0559997558594 18.7360000610352 17.4360008239746 13.1219997406006 11.7110004425049 8.24400043487549 7.64599990844727 7.65999984741211 6.64499998092651 5.61999988555908 4.65999984741211 5.00699996948242 5.30000019073486 6.37400007247925 6.80399990081787
