01_datasets/03_gis/02_asc_chm-r50m/HS222I.asc
NCOLS 200 
NROWS 201 
XLLCORNER 569173.5 
YLLCORNER 5220850 
CELLSIZE 0.5 
NODATA_value -3.4e+38 
[rows 100 to 119 of 201, columns 92 to 137 of 200]
19.3579998016357 17.6149997711182 16.6429996490479 15.0299997329712 11.1549997329712 10.1169996261597 10.5150003433228 12.0670003890991 11.8439998626709 11.0369997024536 7.57999992370605 6.81500005722046 7.16800022125244 7.72599983215332 7.73899984359741 7.71500015258789 6.47599983215332 5.12099981307983 4.41499996185303 7.1100001335144 7.44500017166138 9.12199974060059 11.4230003356934 15.293999671936 17.2070007324219 17.6599998474121 17.4249992370605 22.0109996795654 25.4890003204346 29.6180000305176 31.3880004882812 32.2080001831055 33.4129981994629 35.0950012207031 35.4220008850098 35.6959991455078 33.9850006103516 32.798999786377 31.386999130249 29.1399993896484 27.2080001831055 25.363000869751 17.9740009307861 16.7409992218018 18.2439994812012 18.6089992523193
18.7369995117188 17.8570003509521 16.6100006103516 14.6890001296997 11.4079999923706 10.75 11.9320001602173 12.5939998626709 12.5450000762939 12.2119998931885 7.74200010299683 6.91300010681152 7.26200008392334 7.61499977111816 8.11400032043457 8.10000038146973 7.93200016021729 5.66699981689453 6.16200017929077 7.34999990463257 7.61899995803833 8.62100028991699 9.46100044250488 15.2430000305176 18.0629997253418 18.5429992675781 18.9160003662109 20.0820007324219 23.931999206543 28.3980007171631 31.5440006256104 32.2550010681152 32.8059997558594 34.0130004882812 34.2239990234375 33.7540016174316 32.5950012207031 31.5699996948242 29.9950008392334 28.6840000152588 28.0970001220703 23.4829998016357 16.6770000457764 17.4309997558594 18.6119995117188 18.1569995880127
17.75 17.0879993438721 16.5130004882812 14.7670001983643 13.0329999923706 11.3889999389648 12.1470003128052 12.1090002059937 12.3290004730225 11.2980003356934 7.02899980545044 6.38500022888184 6.68900012969971 7.27400016784668 7.86100006103516 7.93800020217896 7.72900009155273 6.5770001411438 5.78599977493286 6.87599992752075 7.28999996185303 7.82100009918213 13.7519998550415 16.8120002746582 17.3819999694824 17.8099994659424 18.673999786377 18.2600002288818 20.3010005950928 25.7670001983643 30.0820007324219 30.9220008850098 31.6909999847412 32.3170013427734 31.9610004425049 31.0939998626709 32.1450004577637 29.6079998016357 28.9890003204346 27.6180000305176 24.375 18.5020008087158 16.4060001373291 17.30299949646 17.761999130249 14.7370004653931
17.0100002288818 16.4799995422363 15.5939998626709 14.4610004425049 12.128999710083 11.1129999160767 11.3699998855591 11.8990001678467 12.1879997253418 11.8020000457764 6.33799982070923 6.29500007629395 6.24100017547607 6.53299999237061 7.01800012588501 7.49300003051758 7.48199987411499 7.33099985122681 5.93499994277954 6.12599992752075 7.22300004959106 6.90700006484985 11.6099996566772 15.8699998855591 16.318000793457 16.1140003204346 15.9860000610352 15.3590002059937 17.4120006561279 23.8540000915527 26.9389991760254 27.7080001831055 28.673999786377 29.8040008544922 30.0779991149902 29.8560009002686 29.5650005340576 26.8169994354248 25.2210006713867 23.806999206543 21.5610008239746 16.6469993591309 14.9040002822876 12.5220003128052 14.7110004425049 10.9429998397827
15.9519996643066 14.7069997787476 13.875 12.7980003356934 11.1730003356934 10.7150001525879 11.4320001602173 11.6709995269775 11.5579996109009 10.9989995956421 6.81599998474121 5.91699981689453 5.75899982452393 5.40500020980835 6.22900009155273 6.6710000038147 6.69700002670288 7.00899982452393 6.52099990844727 6.34800004959106 7.02400016784668 7.20100021362305 8.55700016021729 13.2650003433228 15.8500003814697 15.6049995422363 14.7189998626709 15.1820001602173 17.6940002441406 21.3040008544922 24.9610004425049 25.8689994812012 25.9829998016357 28.4860000610352 28.3120002746582 28.1189994812012 27.2870006561279 25.3649997711182 24.0049991607666 21.0030002593994 18.4669990539551 14.5190000534058 12.2819995880127 8.38199996948242 7.18100023269653 8.86299991607666
14.8070001602173 13.3649997711182 12.753999710083 11.1219997406006 7.71199989318848 9.69099998474121 11.2709999084473 11.085000038147 10.5719995498657 9.1879997253418 7.78800010681152 5.98299980163574 5.6729998588562 3.59200000762939 6.61700010299683 7.89400005340576 7.13399982452393 8.2480001449585 8.0649995803833 7.05700016021729 6.6710000038147 6.96299982070923 8.3120002746582 11.4580001831055 13.6090002059937 15.3430004119873 14.0069999694824 14.3070001602173 17.8950004577637 19.4349994659424 22.4619998931885 24.4160003662109 24.6590003967285 24.6620006561279 24.9150009155273 24.3640003204346 23.992000579834 23.5090007781982 20.2649993896484 18.2679996490479 15.9040002822876 9.94299983978271 8.46399974822998 7.3439998626709 6.74599981307983 7.30000019073486
15.1079998016357 13.7600002288818 12.2299995422363 8.28999996185303 4.15100002288818 2.29399991035461 6.44899988174438 10.5799999237061 10.1350002288818 8.3730001449585 6.58799982070923 5.97700023651123 5.94899988174438 6.55100011825562 7.01200008392334 8.36800003051758 8.52999973297119 8.97200012207031 8.95100021362305 7.66099977493286 7.05200004577637 6.91599988937378 7.94999980926514 8.61600017547607 11.9069995880127 13.8959999084473 13.9490003585815 14.9689998626709 17.1490001678467 16.8010005950928 15.7510004043579 17.0279998779297 21.0620002746582 21.2549991607666 22.3390007019043 19.7549991607666 19.5939998626709 19.2019996643066 13.8500003814697 14.9610004425049 9.94900035858154 9.39299964904785 8.28400039672852 6.97599983215332 5.99499988555908 5.31599998474121
14.5989999771118 13.7650003433228 10.5509996414185 6.49399995803833 3.87100005149841 2.12400007247925 2.5550000667572 7.4229998588562 8.57699966430664 5.82499980926514 6.13700008392334 6 6.95300006866455 7.93100023269653 8.83699989318848 8.90999984741211 8.64400005340576 8.9060001373291 9.64900016784668 8.23099994659424 8.32199954986572 9.01399993896484 12.9919996261597 12.8699998855591 12.0579996109009 13.5229997634888 14.6079998016357 15.6969995498657 15.9130001068115 14.4689998626709 12.960000038147 9.8100004196167 15.5590000152588 17.5580005645752 17.3479995727539 12.5649995803833 10.6960000991821 9.31700038909912 9.2180004119873 9.93099975585938 10.2209997177124 9.56099987030029 8.83899974822998 6.06699991226196 5.1560001373291 5.16200017929077
12.5629997253418 10.9770002365112 7.7350001335144 6.86199998855591 4.81799983978271 2.44300007820129 2.82299995422363 3.44600009918213 5.60200023651123 4.78800010681152 5.33799982070923 6.75799989700317 8.74300003051758 9.63399982452393 9.40799999237061 9.26799964904785 8.72399997711182 10.4860000610352 13.8059997558594 13.378999710083 13.0010004043579 14.6990003585815 16.1340007781982 16.1690006256104 16.5639991760254 15.9270000457764 16.0669994354248 17.4850006103516 16.757999420166 15.831000328064 14.1420001983643 12.2390003204346 11.46399974823 13.0959997177124 10.3240003585815 10.0299997329712 9.23499965667725 9.1540002822876 8.97999954223633 9.91300010681152 10.3159999847412 9.44900035858154 7.8899998664856 5.71600008010864 5.87799978256226 5.48299980163574
9.66699981689453 9.45100021362305 6.33199977874756 5.67000007629395 4.61999988555908 3.39000010490417 3.09100008010864 3.69099998474121 3.33100008964539 6.8899998664856 8.18000030517578 8.74100017547607 9.69600009918213 10.0349998474121 9.60400009155273 9.08600044250488 8.67300033569336 10.753999710083 15.3739995956421 17.2849998474121 17.1389999389648 18.4090003967285 19.4519996643066 18.1359996795654 17.7940006256104 17.6180000305176 20.5419998168945 20.7649993896484 19.5179996490479 19.2670001983643 17.4580001831055 15.6459999084473 9.79399967193604 9.26299953460693 8.65799999237061 8.96000003814697 9.04800033569336 8.88300037384033 8.78999996185303 9.64999961853027 9.55799961090088 8.67399978637695 6.79099988937378 6.48299980163574 9.66499996185303 10.0050001144409
9.98400020599365 7.41599988937378 6.09999990463257 5.58699989318848 5.03999996185303 3.01300001144409 3.24200010299683 2.64800000190735 2.34899997711182 2.32100009918213 8.99300003051758 9.85099983215332 10.2220001220703 10.1359996795654 9.92199993133545 8.84500026702881 10.7869997024536 10.2740001678467 17.2679996490479 18.9330005645752 21.4780006408691 22.1590003967285 21.8549995422363 21.2479991912842 21.507999420166 22.4190006256104 22.6420001983643 22.1259994506836 21.2059993743896 21.1979999542236 19.6340007781982 18.4270000457764 11.8850002288818 9.79800033569336 9.25500011444092 8.09799957275391 8.39700031280518 8.51000022888184 8.62199974060059 8.56900024414062 8.07499980926514 6.9520001411438 6.24200010299683 8.5 12.5839996337891 12.625
7.89799976348877 6.46500015258789 6.28999996185303 5.88800001144409 5.38299989700317 3.28699994087219 3.32800006866455 2.99799990653992 2.66899991035461 3.42499995231628 7.42500019073486 9.32100009918213 9.78299999237061 10.3839998245239 12.3620004653931 12.5030002593994 14.1850004196167 15.0710000991821 19.6690006256104 23.8470001220703 25.0270004272461 24.0319995880127 23.7970008850098 23.5149993896484 24.7509994506836 24.5060005187988 24.3059997558594 23.4680004119873 22.382999420166 22.1030006408691 20.8819999694824 19.0849990844727 16.2919998168945 12.4020004272461 11.8620004653931 9.45699977874756 9.81999969482422 7.31899976730347 7.85699987411499 8.15999984741211 7.40500020980835 6.61999988555908 6.33799982070923 10.6719999313354 12.7410001754761 12.8369998931885
8.30799961090088 6.17000007629395 5.80800008773804 5.6230001449585 5.30299997329712 3.94099998474121 4.13500022888184 3.9539999961853 3.11500000953674 3.00600004196167 7.11700010299683 9.01599979400635 9.3120002746582 10.4499998092651 12.0670003890991 14.5010004043579 14.5329999923706 17.4869995117188 22.4190006256104 25.1520004272461 26.0659999847412 26.6569995880127 26.3689994812012 25.8619995117188 25.0709991455078 24.8680000305176 24.6569995880127 24.4629993438721 22.7689990997314 22.2259998321533 22.1399993896484 19.1940002441406 16.6060009002686 14.326000213623 14.0450000762939 15.3030004501343 15.6859998703003 11.4989995956421 8.05599975585938 7.85900020599365 7.61999988555908 7.01800012588501 7.55999994277954 8.58800029754639 12.8219995498657 13.3680000305176
7.75799989700317 6.33400011062622 5.92600011825562 5.65700006484985 5.44299983978271 4.82399988174438 4.68900012969971 4.67899990081787 3.54299998283386 4.92600011825562 8.56099987030029 8.77499961853027 9.30900001525879 9.14400005340576 11.3299999237061 17.7310009002686 17.4519996643066 20.4659996032715 23.7810001373291 25.6459999084473 26.5049991607666 27.1919994354248 28.05299949646 27.246000289917 25.9200000762939 26.0389995574951 26.3910007476807 24.5069999694824 22.5949993133545 22.6459999084473 22.5750007629395 20.4589996337891 18.82200050354 18.3320007324219 17.511999130249 18.0990009307861 18.0090007781982 15.7600002288818 7.94600009918213 8.28999996185303 9.64900016784668 9.05399990081787 9.70600032806396 11.5200004577637 12.4230003356934 13.1309995651245
6.80700016021729 6.94600009918213 6.76999998092651 6.18200016021729 5.58599996566772 5.06199979782104 4.71600008010864 4.57399988174438 6.82000017166138 8.14799976348877 8.36999988555908 9.11800003051758 9.27099990844727 9.28600025177002 11.1680002212524 17.4640007019043 20.4589996337891 22.8320007324219 25.2119998931885 26.9009990692139 27.7600002288818 29.1490001678467 29.9090003967285 28.6700000762939 27.1100006103516 27.9790000915527 28.2099990844727 26.6630001068115 25.746000289917 24.1359996795654 23.673999786377 22.7199993133545 19.6599998474121 19.5960006713867 20.6429996490479 24.0580005645752 22.8610000610352 20.3379993438721 11.3409996032715 11.9589996337891 10.9680004119873 10.7119998931885 10.3559999465942 11.210000038147 11.6840000152588 12.125
6.80200004577637 6.98999977111816 6.73099994659424 5.92999982833862 5.79300022125244 5.55900001525879 4.50799989700317 4.46099996566772 8.41699981689453 8.36600017547607 8.47000026702881 9.52700042724609 9.32499980926514 9.8100004196167 10.6850004196167 15.8549995422363 21.0279998779297 23.5650005340576 25.371000289917 27.7290000915527 28.8390007019043 30.2980003356934 30.7259998321533 30.1299991607666 28.6450004577637 28.5590000152588 28.1429996490479 26.9090003967285 25.4589996337891 24.2749996185303 23.1040000915527 21.1009998321533 20.7870006561279 21.9449996948242 22.806999206543 25.7770004272461 27.0709991455078 25.2350006103516 20.3610000610352 20.9459991455078 17.1709995269775 12.375 11.3579998016357 11.1920003890991 11.5319995880127 11.4449996948242
6.29699993133545 6.61399984359741 6.40199995040894 5.90799999237061 5.76100015640259 5.12200021743774 3.97699999809265 4.60900020599365 7.84200000762939 9.76700019836426 10.0310001373291 10.3240003585815 10.0970001220703 10.3450002670288 11.8199996948242 15.5819997787476 20.5069999694824 23.5960006713867 25.7399997711182 28.0610008239746 28.8549995422363 29.761999130249 31.0839996337891 30.7649993896484 29.5259990692139 28.0820007324219 27.2859992980957 25.6070003509521 25.0470008850098 24.1019992828369 23.761999130249 23.0979995727539 23.1180000305176 26.6299991607666 28.7849998474121 28.5909996032715 29.3610000610352 28.0400009155273 27.4790000915527 23.6159992218018 21.6560001373291 16.3740005493164 13.66100025177 12.8669996261597 12.0249996185303 11.7950000762939
4.98699998855591 5.93499994277954 5.92999982833862 5.51100015640259 5.65500020980835 5.22700023651123 4.10699987411499 3.58899998664856 6.7039999961853 9.91800022125244 10.253999710083 10.2130002975464 9.63700008392334 10.8769998550415 14.9119997024536 16.2639999389648 17.1790008544922 22.378999710083 26.6849994659424 27.9150009155273 28.4720001220703 29.7609996795654 30.7609996795654 30.0559997558594 28.3339996337891 26.8169994354248 26.1580009460449 25.1979999542236 24.6909999847412 24.0709991455078 26.6940002441406 28.3969993591309 28.5559997558594 29.0900001525879 31.3719997406006 32.4480018615723 32.9249992370605 31.9150009155273 28.9260005950928 26.7950000762939 24.6979999542236 22.3680000305176 13.0950002670288 11.8699998855591 11.5590000152588 11.7679996490479
6.11299991607666 5.50299978256226 4.88700008392334 5.0019998550415 5.13299989700317 4.51200008392334 2.83299994468689 3.625 5.22700023651123 9.88700008392334 10.1110000610352 10.1359996795654 11.2849998474121 13.6639995574951 16.2390003204346 16.4969997406006 15.4230003356934 19.5289993286133 24.7080001831055 27.1770000457764 27.8719997406006 28.992000579834 28.5380001068115 28.742000579834 27.4909992218018 25.6679992675781 25.2019996643066 24.367000579834 23.5779991149902 23.6700000762939 26.9330005645752 30.3889999389648 31.1509990692139 32.6220016479492 33.4780006408691 34.6580009460449 33.8709983825684 33.0800018310547 29.867000579834 28.4360008239746 26.1229991912842 20.6119995117188 14.048999786377 11.4160003662109 11.4619998931885 11.548999786377
8.47399997711182 8.04300022125244 5.17899990081787 4.93599987030029 5.03499984741211 4.84800004959106 3.52699995040894 3.46600008010864 4.6100001335144 8.41100025177002 10.1389999389648 11.0190000534058 12.3889999389648 15.1920003890991 16.5930004119873 17.1310005187988 18.7329998016357 19.8099994659424 23.5429992675781 24.7999992370605 25.4559993743896 26.7210006713867 26.4890003204346 27.1599998474121 26.1280002593994 24.0900001525879 22.9500007629395 22.2789993286133 21.7639999389648 26.6399993896484 28.8680000305176 29.5559997558594 32.3969993591309 34.1440010070801 35.1720008850098 35.3720016479492 34.8629989624023 33.8740005493164 32.0250015258789 31.1159992218018 20.3920001983643 17.6389999389648 11.7700004577637 9.69900035858154 10.8369998931885 10.08899974823
