01_datasets/03_gis/02_asc_chm-r50m/HS220H.asc
NCOLS 200 
NROWS 201 
XLLCORNER 572220 
YLLCORNER 5219319.5 
CELLSIZE 0.5 
NODATA_value -3.4e+38 
[rows 160 to 179 of 201, columns 138 to 183 of 200]
21.0639991760254 19.8250007629395 22.3509998321533 22.8969993591309 22.6499996185303 21.7770004272461 20.3090000152588 18.1350002288818 16.2290000915527 12.6619997024536 17.4300003051758 19.2339992523193 21.2290000915527 22.1609992980957 23.6690006256104 24.5869998931885 24.1229991912842 23.5310001373291 22.2450008392334 19.7240009307861 18.3139991760254 18.0559997558594 21.5739994049072 24.5970001220703 25.8700008392334 27.2740001678467 27.2889995574951 26.4440002441406 25.5939998626709 23.7189998626709 22.4950008392334 21.6490001678467 23.8430004119873 23.6189994812012 24.4169998168945 25.8479995727539 28.326000213623 28.8139991760254 28.4330005645752 28.2639999389648 28.3859996795654 27.1219997406006 -3.4e+38 -3.4e+38 -3.4e+38 -3.4e+38
19.5939998626709 20.8810005187988 22.693000793457 23.3540000915527 22.7549991607666 21.6949996948242 19.8740005493164 17.0060005187988 16.8780002593994 14.7600002288818 17.0990009307861 19.8279991149902 21.2970008850098 21.9629993438721 23.2360000610352 23.8920001983643 23.7800006866455 23.8050003051758 20.8390007019043 20.1900005340576 18.6590003967285 18.2639999389648 18.3799991607666 21.5820007324219 25.9160003662109 26.4689998626709 26.4899997711182 25.7849998474121 24.6949996948242 23.9909992218018 23.1630001068115 21.6870002746582 23.875 26.7469997406006 28.6040000915527 30.0319995880127 31.2320003509521 32.3320007324219 30.1140003204346 28.3519992828369 28.6979999542236 -3.4e+38 -3.4e+38 -3.4e+38 -3.4e+38 -3.4e+38
18.0650005340576 19.9820003509521 21.9839992523193 22.4050006866455 22.1919994354248 21.5440006256104 19.8309993743896 17.3080005645752 17.253999710083 16.992000579834 16.0349998474121 19.6580009460449 20.5590000152588 21.5020008087158 23.3939990997314 23.1879997253418 23.0809993743896 21.9759998321533 21.2569999694824 20.0389995574951 18.8560009002686 18.378999710083 18.3990001678467 18.4869995117188 23.1509990692139 23.4990005493164 24.6030006408691 23.7339992523193 24.5230007171631 24.2819995880127 23.1100006103516 22.7840003967285 25.1809997558594 27.9009990692139 28.8470001220703 31.1870002746582 32.1100006103516 32.3779983520508 31.5480003356934 29.6889991760254 -3.4e+38 -3.4e+38 -3.4e+38 -3.4e+38 -3.4e+38 -3.4e+38
13.5270004272461 18.1450004577637 20.7749996185303 21.8700008392334 21.6070003509521 20.8349990844727 19.9190006256104 17.9720001220703 17.1599998474121 16.8090000152588 15.4040002822876 17.3279991149902 19.8379993438721 20.9529991149902 21.7840003967285 22.0249996185303 21.4309997558594 20.011999130249 19.8969993591309 19.7280006408691 19.1469993591309 18.4619998931885 18.4309997558594 18.5799999237061 19.1410007476807 19.5540008544922 20.0990009307861 22.6569995880127 24.242000579834 23.6650009155273 22.1979999542236 22.8939990997314 26.6110000610352 28.386999130249 29.3780002593994 31.7590007781982 32.5719985961914 32.4490013122559 32.3660011291504 -3.4e+38 -3.4e+38 -3.4e+38 -3.4e+38 -3.4e+38 -3.4e+38 -3.4e+38
16.5849990844727 17.7000007629395 19.4599990844727 20.6060009002686 19.7549991607666 19.2810001373291 19.3460006713867 17.9050006866455 17.2220001220703 15.8590002059937 10.9940004348755 12.5179996490479 16.2280006408691 18.7630004882812 18.8980007171631 20.4540004730225 20.0499992370605 20.7880001068115 20.8150005340576 21.113000869751 20.1979999542236 18.5069999694824 18.5900001525879 19.2040004730225 19.2940006256104 19.1569995880127 20.7029991149902 22.4529991149902 23.2700004577637 22.4839992523193 22.988000869751 25.6919994354248 27.4810009002686 28.1949996948242 30.878999710083 33.2309989929199 34.625 34.5340003967285 -3.4e+38 -3.4e+38 -3.4e+38 -3.4e+38 -3.4e+38 -3.4e+38 -3.4e+38 -3.4e+38
17.6650009155273 16.4389991760254 17.5340003967285 18.2210006713867 17.132999420166 17.1040000915527 17.1849994659424 16.6849994659424 16.8139991760254 13.5670003890991 14.4530000686646 15.16100025177 16.2479991912842 18.242000579834 18.3969993591309 19.9449996948242 20.7849998474121 21.0559997558594 21.5249996185303 21.2070007324219 20.1830005645752 18.5930004119873 18.6520004272461 19.3530006408691 19.5289993286133 19.8290004730225 19.8050003051758 21.2560005187988 21.6319999694824 22.7730007171631 23.4599990844727 25.8360004425049 26.7670001983643 30.3910007476807 31.3139991760254 33.9869995117188 33.1399993896484 -3.4e+38 -3.4e+38 -3.4e+38 -3.4e+38 -3.4e+38 -3.4e+38 -3.4e+38 -3.4e+38 -3.4e+38
16.7450008392334 16.1639995574951 15.9160003662109 16.3719997406006 16.6949996948242 15.6190004348755 15.1400003433228 15.4809999465942 15.793999671936 16.3509998321533 17.2630004882812 19.5729999542236 21.0779991149902 20.9799995422363 19.7339992523193 20.2360000610352 22.568000793457 22.6560001373291 22.4720001220703 21.9519996643066 21.3980007171631 18.7649993896484 18.3490009307861 18.9529991149902 18.8659992218018 18.3610000610352 18.7900009155273 20.2789993286133 22.0909996032715 24.1310005187988 24.1089992523193 24.3530006408691 25.7040004730225 29.1679992675781 31.4659996032715 33.0369987487793 -3.4e+38 -3.4e+38 -3.4e+38 -3.4e+38 -3.4e+38 -3.4e+38 -3.4e+38 -3.4e+38 -3.4e+38 -3.4e+38
17.3589992523193 16.6229991912842 15.6450004577637 16.0349998474121 16.5 16.1259994506836 15.3760004043579 16.2390003204346 18.6049995422363 19.1310005187988 20.2709999084473 22.886999130249 23.7859992980957 22.6979999542236 21.2959995269775 22.2210006713867 24.0289993286133 24.5330009460449 24.3570003509521 24.1439990997314 23.5779991149902 21.9209995269775 19.0100002288818 18.3400001525879 18.7430000305176 18.6650009155273 19.5930004119873 25.4099998474121 26.318000793457 25.8689994812012 20.6439990997314 24.8099994659424 25.5709991455078 27.19700050354 29.1140003204346 -3.4e+38 -3.4e+38 -3.4e+38 -3.4e+38 -3.4e+38 -3.4e+38 -3.4e+38 -3.4e+38 -3.4e+38 -3.4e+38 -3.4e+38
16.3689994812012 14.7629995346069 15.1599998474121 14.5600004196167 14.2810001373291 15.5209999084473 15.7049999237061 8.27600002288818 16.9249992370605 22.5270004272461 23.943000793457 24.673999786377 24.5259990692139 24.1520004272461 23.2049999237061 24.306999206543 25.0090007781982 25.5650005340576 25.193000793457 24.8999996185303 24.6450004577637 24.0610008239746 21.7450008392334 21.1700000762939 20.6019992828369 20.0790004730225 22.5340003967285 28.1679992675781 29.9109992980957 26.4799995422363 22.2530002593994 22.996000289917 24.6560001373291 25.9400005340576 -3.4e+38 -3.4e+38 -3.4e+38 -3.4e+38 -3.4e+38 -3.4e+38 -3.4e+38 -3.4e+38 -3.4e+38 -3.4e+38 -3.4e+38 -3.4e+38
12.9270000457764 7.33799982070923 14.2220001220703 14.8280000686646 9.85299968719482 12.2189998626709 15.8739995956421 16.1410007476807 17.4120006561279 24.9060001373291 25.2649993896484 25.9200000762939 25.8929996490479 25.7479991912842 25.5790004730225 25.7040004730225 26.0189990997314 26.4449996948242 26.2800006866455 25.8390007019043 24.7779998779297 25.0520000457764 24.7670001983643 24.5849990844727 23.3090000152588 21.3110008239746 21.19700050354 27.5189990997314 31.2929992675781 28.5020008087158 22.6760005950928 19.6310005187988 21.5900001525879 -3.4e+38 -3.4e+38 -3.4e+38 -3.4e+38 -3.4e+38 -3.4e+38 -3.4e+38 -3.4e+38 -3.4e+38 -3.4e+38 -3.4e+38 -3.4e+38 -3.4e+38
13.9890003204346 10.4569997787476 16.0590000152588 16.3689994812012 13.4930000305176 12.5260000228882 17.4680004119873 19.1700000762939 20.9340000152588 25.0849990844727 25.6070003509521 26.7849998474121 27.1480007171631 26.9540004730225 26.6140003204346 26.7229995727539 26.4790000915527 26.5620002746582 26.6420001983643 26.125 24.9759998321533 25.6149997711182 25.9179992675781 25.9260005950928 25.5219993591309 24.19700050354 23.1240005493164 26.4979991912842 24.9529991149902 18.2819995880127 17.3999996185303 18.1790008544922 -3.4e+38 -3.4e+38 -3.4e+38 -3.4e+38 -3.4e+38 -3.4e+38 -3.4e+38 -3.4e+38 -3.4e+38 -3.4e+38 -3.4e+38 -3.4e+38 -3.4e+38 -3.4e+38
4.01200008392334 10.7840003967285 16.9449996948242 17.0970001220703 16.2439994812012 14.4040002822876 19.9220008850098 22.9370002746582 23.7469997406006 25.2099990844727 26.5669994354248 27.2959995269775 28.1380004882812 27.8509998321533 27.1429996490479 27.128999710083 26.6630001068115 26.3999996185303 26.1079998016357 26.0189990997314 25.2169990539551 25.8939990997314 26.1490001678467 26.2399997711182 26.0020008087158 25.375 24.0109996795654 23.9220008850098 23.5389995574951 21.4389991760254 16.6520004272461 -3.4e+38 -3.4e+38 -3.4e+38 -3.4e+38 -3.4e+38 -3.4e+38 -3.4e+38 -3.4e+38 -3.4e+38 -3.4e+38 -3.4e+38 -3.4e+38 -3.4e+38 -3.4e+38 -3.4e+38
15.0190000534058 16.6079998016357 18.2469997406006 17.4780006408691 16.6630001068115 16.1940002441406 20.1509990692139 22.1149997711182 24.0410003662109 25.7119998931885 28.1219997406006 28.3439998626709 28.9309997558594 29.0690002441406 28.4529991149902 27.6240005493164 26.6599998474121 25.9050006866455 25.5739994049072 25.431999206543 26.7660007476807 26.9619998931885 27.451000213623 27.9599990844727 27.6809997558594 26.4799995422363 24.8509998321533 24.125 22.9780006408691 22.6730003356934 -3.4e+38 -3.4e+38 -3.4e+38 -3.4e+38 -3.4e+38 -3.4e+38 -3.4e+38 -3.4e+38 -3.4e+38 -3.4e+38 -3.4e+38 -3.4e+38 -3.4e+38 -3.4e+38 -3.4e+38 -3.4e+38
18.2080001831055 18.4640007019043 19.3759994506836 19.6060009002686 19.6940002441406 19.6849994659424 21.4829998016357 21.9190006256104 24.2600002288818 26.8619995117188 28.4829998016357 29.5769996643066 29.8680000305176 29.6879997253418 29.3120002746582 28.4619998931885 27.4330005645752 26.0970001220703 25.4619998931885 25.6830005645752 27.253999710083 27.9209995269775 28.556999206543 28.8729991912842 28.6079998016357 27.3269996643066 25.6159992218018 25.6070003509521 24.2980003356934 -3.4e+38 -3.4e+38 -3.4e+38 -3.4e+38 -3.4e+38 -3.4e+38 -3.4e+38 -3.4e+38 -3.4e+38 -3.4e+38 -3.4e+38 -3.4e+38 -3.4e+38 -3.4e+38 -3.4e+38 -3.4e+38 -3.4e+38
20.7059993743896 21.0919990539551 21.0049991607666 21.4619998931885 21.5219993591309 21.4519996643066 20.9829998016357 23.3910007476807 25.2940006256104 26.9829998016357 28.4990005493164 29.2259998321533 29.75 29.6590003967285 29.3419990539551 28.7880001068115 28.0259990692139 26.8850002288818 25.2929992675781 25.0830001831055 26.681999206543 27.7469997406006 28.886999130249 29.0590000152588 28.9419994354248 28.132999420166 26.1989994049072 25.6480007171631 -3.4e+38 -3.4e+38 -3.4e+38 -3.4e+38 -3.4e+38 -3.4e+38 -3.4e+38 -3.4e+38 -3.4e+38 -3.4e+38 -3.4e+38 -3.4e+38 -3.4e+38 -3.4e+38 -3.4e+38 -3.4e+38 -3.4e+38 -3.4e+38
21.9400005340576 21.9969997406006 22.2910003662109 22.5200004577637 22.3840007781982 21.5340003967285 20.6849994659424 24.8099994659424 25.6590003967285 26.5709991455078 28.1439990997314 28.7609996795654 28.9969997406006 28.9389991760254 28.6830005645752 28.6000003814697 27.9190006256104 25.742000579834 24.7980003356934 24.7210006713867 25.5349998474121 26.3840007781982 28.8050003051758 28.7849998474121 28.7980003356934 28.1049995422363 26.5400009155273 -3.4e+38 -3.4e+38 -3.4e+38 -3.4e+38 -3.4e+38 -3.4e+38 -3.4e+38 -3.4e+38 -3.4e+38 -3.4e+38 -3.4e+38 -3.4e+38 -3.4e+38 -3.4e+38 -3.4e+38 -3.4e+38 -3.4e+38 -3.4e+38 -3.4e+38
22.6089992523193 22.8239994049072 23.6790008544922 24.2369995117188 24.2749996185303 21.8729991912842 21.7810001373291 21.4890003204346 24.7810001373291 25.7299995422363 27.4069995880127 27.7779998779297 27.9099998474121 28.1070003509521 28.1499996185303 27.7210006713867 27.0419998168945 25.0380001068115 23.5259990692139 24.4139995574951 25.7800006866455 28.3570003509521 28.451000213623 28.7049999237061 29.0240001678467 28.4899997711182 -3.4e+38 -3.4e+38 -3.4e+38 -3.4e+38 -3.4e+38 -3.4e+38 -3.4e+38 -3.4e+38 -3.4e+38 -3.4e+38 -3.4e+38 -3.4e+38 -3.4e+38 -3.4e+38 -3.4e+38 -3.4e+38 -3.4e+38 -3.4e+38 -3.4e+38 -3.4e+38
24.2719993591309 25.1860008239746 25.5939998626709 25.1420001983643 24.3439998626709 22.1399993896484 22.1630001068115 21.5869998931885 22.9500007629395 24.1319999694824 25.3770008087158 27.1830005645752 27.3549995422363 27.5599994659424 27.1219997406006 25.3589992523193 24.5890007019043 23.701000213623 22.7280006408691 24.4400005340576 27.4899997711182 28.7630004882812 28.8080005645752 29.1870002746582 29.4120006561279 -3.4e+38 -3.4e+38 -3.4e+38 -3.4e+38 -3.4e+38 -3.4e+38 -3.4e+38 -3.4e+38 -3.4e+38 -3.4e+38 -3.4e+38 -3.4e+38 -3.4e+38 -3.4e+38 -3.4e+38 -3.4e+38 -3.4e+38 -3.4e+38 -3.4e+38 -3.4e+38 -3.4e+38
24.9899997711182 25.886999130249 26.3390007019043 25.4650001525879 25.0559997558594 23.3649997711182 22.2089996337891 22.3449993133545 22.2049999237061 24.1009998321533 23.9939994812012 25.7759990692139 26.9780006408691 26.7730007171631 26.2569999694824 25.0970001220703 23.3810005187988 23.375 23.7240009307861 25.886999130249 28.3110008239746 28.9220008850098 28.951000213623 29.2469997406006 -3.4e+38 -3.4e+38 -3.4e+38 -3.4e+38 -3.4e+38 -3.4e+38 -3.4e+38 -3.4e+38 -3.4e+38 -3.4e+38 -3.4e+38 -3.4e+38 -3.4e+38 -3.4e+38 -3.4e+38 -3.4e+38 -3.4e+38 -3.4e+38 -3.4e+38 -3.4e+38 -3.4e+38 -3.4e+38
24.8570003509521 25.5779991149902 26.1609992980957 25.5270004272461 24.7280006408691 23.5270004272461 22.1410007476807 20.92799949646 19.8390007019043 21.9340000152588 22.1019992828369 23.6979999542236 23.5249996185303 24.7210006713867 24.9130001068115 24.2019996643066 24.0069999694824 24.7819995880127 25.07200050354 27.2600002288818 29.19700050354 29.1420001983643 29.1459999084473 -3.4e+38 -3.4e+38 -3.4e+38 -3.4e+38 -3.4e+38 -3.4e+38 -3.4e+38 -3.4e+38 -3.4e+38 -3.4e+38 -3.4e+38 -3.4e+38 -3.4e+38 -3.4e+38 -3.4e+38 -3.4e+38 -3.4e+38 -3.4e+38 -3.4e+38 -3.4e+38 -3.4e+38 -3.4e+38 -3.4e+38
