01_datasets/03_gis/02_asc_chm-r50m/HS222C.asc
NCOLS 200 
NROWS 200 
XLLCORNER 571011 
YLLCORNER 5220161.5 
CELLSIZE 0.5 
NODATA_value -3.4e+38 
[rows 60 to 79 of 200, columns 46 to 91 of 200]
29.6800003051758 29.0499992370605 28.886999130249 27.6140003204346 26.5130004882812 27.4860000610352 28.306999206543 28.9820003509521 28.753999710083 27.8880004882812 24.9979991912842 24.681999206543 24.6270008087158 24.871000289917 25.4829998016357 26.2929992675781 27.0990009307861 27.8290004730225 28.3250007629395 28.4500007629395 30.0930004119873 30.9750003814697 30.9500007629395 31.2730007171631 31.0520000457764 29.9459991455078 29.0879993438721 27.951000213623 24.681999206543 22.9419994354248 19.3460006713867 17.5109996795654 16.8560009002686 17.7830009460449 18.5049991607666 18.8799991607666 19.5849990844727 19.693000793457 18.7269992828369 14.5340003967285 12.0839996337891 10.3559999465942 10.9729995727539 9.82299995422363 18.1060009002686 23.8500003814697
28.2849998474121 26.9190006256104 26.6229991912842 25.761999130249 25.6159992218018 26.0739994049072 27.2970008850098 27.0990009307861 27.2269992828369 27.4249992370605 26.1730003356934 26.1539993286133 25.326000213623 24.8239994049072 24.7119998931885 25.7000007629395 26.1690006256104 27.5160007476807 28.0669994354248 28.0410003662109 29.7110004425049 30.9629993438721 31.1490001678467 31.5160007476807 31.3430004119873 30.1560001373291 28.67799949646 27.4790000915527 25.8910007476807 24.2259998321533 21.2199993133545 17.6830005645752 16.7689990997314 19.2670001983643 20.3150005340576 21.3250007629395 21.7770004272461 20.0209999084473 20.8549995422363 19.2900009155273 14.0419998168945 16.9899997711182 15.6400003433228 7.78200006484985 14.6750001907349 22.1690006256104
26.6679992675781 25.863000869751 25.5879993438721 24.4009990692139 23.7910003662109 24.0849990844727 25.4449996948242 26.1539993286133 26.5240001678467 27.0970001220703 27.2240009307861 27.318000793457 26.5709991455078 25.3190002441406 25.1609992980957 25.2530002593994 25.8379993438721 26.4039993286133 27.0820007324219 27.3320007324219 27.2250003814697 30.0590000152588 30.7029991149902 31.3129997253418 31.0620002746582 30.6730003356934 28.6119995117188 26.4260005950928 24.7049999237061 24.1520004272461 21.7210006713867 19.0699996948242 18.6870002746582 20.9599990844727 21.9610004425049 22.5869998931885 23.1609992980957 22.8549995422363 22.0729999542236 20.1709995269775 18.9099998474121 18.3349990844727 17.7520008087158 12.7419996261597 18.625 18.568000793457
25.9790000915527 25.6569995880127 25.5069999694824 23.2789993286133 22.3840007781982 23.8470001220703 24.5139999389648 25.5709991455078 26.3740005493164 27.3689994812012 27.8409996032715 27.9060001373291 27.2240009307861 26.2779998779297 24.9249992370605 25.1870002746582 25.9029998779297 26.1580009460449 26.6889991760254 27.1350002288818 28.193000793457 29.1730003356934 29.5410003662109 30.0219993591309 30.1000003814697 29.9360008239746 29.0219993591309 27.7889995574951 25.2189998626709 24.3729991912842 24.6110000610352 23.4459991455078 22.8899993896484 23.0769996643066 23.0659999847412 24.2299995422363 24.8409996032715 22.9160003662109 22.6809997558594 20.4449996948242 19.7959995269775 19.7189998626709 19.4440002441406 18.92799949646 17.0480003356934 14.6840000152588
26.0060005187988 26.4740009307861 28.4899997711182 28.6189994812012 26.6749992370605 24.0459995269775 24.9979991912842 25.2220001220703 25.8579998016357 27.2639999389648 27.6049995422363 27.5400009155273 27.253999710083 26.0380001068115 24.9580001831055 25.5480003356934 25.9699993133545 25.8139991760254 26.8840007781982 27.3589992523193 27.9309997558594 28.1429996490479 28.9829998016357 28.7940006256104 28.6690006256104 28.2630004882812 27.1049995422363 26.5779991149902 26.3819999694824 26.4249992370605 26.2520008087158 25.4729995727539 24.9270000457764 23.7199993133545 23.5510005950928 24.3899993896484 25.1520004272461 24.5799999237061 23.3509998321533 22.386999130249 21.7810001373291 21.7189998626709 21.4449996948242 19.8579998016357 17.7119998931885 14.7250003814697
28.7409992218018 30.3490009307861 30.2430000305176 31.8799991607666 30.1620006561279 29.4559993743896 27.8959999084473 23.8680000305176 24.9650001525879 26.3349990844727 26.8360004425049 26.7299995422363 26.3780002593994 25.0149993896484 24.6469993591309 26.0359992980957 26.4459991455078 27.6040000915527 28.6359996795654 29.7649993896484 29.4930000305176 29.5820007324219 28.9619998931885 28.3560009002686 28.4039993286133 27.7870006561279 26.4400005340576 26.5499992370605 28.1959991455078 28.5230007171631 28.6110000610352 28.0020008087158 27.6180000305176 26.1560001373291 24.8239994049072 24.8470001220703 25.0459995269775 24.5860004425049 23.5429992675781 23.806999206543 23.7019996643066 22.8439998626709 22.5429992675781 21.4130001068115 18.7999992370605 14.83899974823
30.4659996032715 32.3400001525879 33.1119995117188 33.3699989318848 32.6150016784668 31.1900005340576 27.7080001831055 24.0639991760254 24.943000793457 25.1180000305176 25.4209995269775 25.6720008850098 25.2870006561279 24.3680000305176 23.9979991912842 26.1259994506836 27.7049999237061 28.7919998168945 29.4330005645752 30.5540008544922 30.4099998474121 29.9099998474121 29.0450000762939 27.7320003509521 27.7880001068115 27.6800003051758 26.9640007019043 27.1429996490479 28.6299991607666 30.4209995269775 30.6189994812012 30.1989994049072 29.4759998321533 26.82200050354 25.3150005340576 24.4629993438721 24.4500007629395 24.193000793457 23.693000793457 24.451000213623 24.7940006256104 23.4769992828369 22.8120002746582 21.6870002746582 18.5599994659424 14.4230003356934
32.7610015869141 33.943000793457 34.2369995117188 34.1020011901855 33.265998840332 32.2270011901855 29.0790004730225 25.9050006866455 24.1949996948242 23.5030002593994 23.4710006713867 24.0629997253418 23.625 22.4810009002686 23.5319995880127 25.5820007324219 27.8199996948242 28.7590007781982 30.4260005950928 30.9109992980957 31.0170001983643 30.3110008239746 29.6439990997314 28.4050006866455 27.2469997406006 26.7339992523193 26.3990001678467 27.0620002746582 28.9360008239746 31.1000003814697 31.2999992370605 31.0799999237061 30.3449993133545 27.4009990692139 26.5849990844727 24.0419998168945 23.9300003051758 23.5879993438721 24.1359996795654 25.1149997711182 25.1469993591309 24.2560005187988 23.2789993286133 20.0900001525879 18.4500007629395 15.7370004653931
33.9269981384277 34.4329986572266 34.6440010070801 34.742000579834 33.8019981384277 32.359001159668 30.8320007324219 28.4669990539551 24.2450008392334 23.7040004730225 23.6569995880127 21.988000869751 23.1690006256104 22.8570003509521 25.1709995269775 26.3129997253418 27.6770000457764 28.6410007476807 29.2959995269775 30.0349998474121 30.6809997558594 30.3500003814697 29.8430004119873 27.9969997406006 26.8770008087158 26.3899993896484 25.3080005645752 27.0030002593994 28.9459991455078 31.0060005187988 31.3770008087158 31.1049995422363 30.257999420166 28.6840000152588 25.8239994049072 23.32200050354 22.6520004272461 23.2889995574951 24.2159996032715 24.8269996643066 24.863000869751 24.2870006561279 23.4790000915527 20.4799995422363 18.3299999237061 16.3819999694824
33.6110000610352 34.382999420166 34.5690002441406 34.4959983825684 33.4440002441406 32.0779991149902 30.42799949646 28.8500003814697 26.75 24.9249992370605 23.4029998779297 20.8640003204346 23.0919990539551 24.5289993286133 25.2240009307861 26.3740005493164 28.4580001831055 28.7129993438721 29.42799949646 29.9039993286133 30.1380004882812 29.6520004272461 29.32200050354 26.9930000305176 26.298999786377 25.7929992675781 24.1200008392334 26.6299991607666 28.5510005950928 30.0659999847412 30.8740005493164 30.5440006256104 29.1749992370605 28.0669994354248 25.5919990539551 24.1520004272461 21.3659992218018 22.7029991149902 23.1359996795654 23.9039993286133 23.9860000610352 23.1060009002686 22 20.3239994049072 18.6219997406006 17.8859996795654
32.5890007019043 33.9659996032715 33.8310012817383 33.773998260498 32.7179985046387 31.3500003814697 30.0200004577637 28.382999420166 26.2910003662109 25.7859992980957 24.9619998931885 24.2590007781982 25.0049991607666 25.7119998931885 26.1849994659424 26.7369995117188 28.4589996337891 28.5599994659424 29.1469993591309 29.6660003662109 29.3430004119873 28.8080005645752 27.8090000152588 26.30299949646 25.5349998474121 25.6319999694824 25.17799949646 26.4200000762939 27.5259990692139 28.1909999847412 29.6599998474121 29.5330009460449 27.3519992828369 26.4050006866455 25.4099998474121 22.1100006103516 20.3640003204346 21.4150009155273 23.1229991912842 23.4419994354248 23.0470008850098 22.1030006408691 21.67799949646 20.2649993896484 18.3619995117188 18.9529991149902
31.6270008087158 32.507999420166 32.7560005187988 32.640998840332 31.3589992523193 31.0750007629395 28.5709991455078 27.7070007324219 26.6149997711182 26.8059997558594 26.2299995422363 25.6879997253418 26.9020004272461 28.132999420166 28.4990005493164 28.4850006103516 29.1110000610352 27.9899997711182 28.3479995727539 28.8199996948242 28.6030006408691 27.7360000610352 26.6630001068115 26.0520000457764 25.7779998779297 24.5160007476807 24.4529991149902 25.193000793457 25.1100006103516 26.3579998016357 27.556999206543 26.6439990997314 25.7210006713867 24.8330001831055 21.9190006256104 18.6499996185303 18.1660003662109 19.8239994049072 22.0799999237061 23.1679992675781 22.4130001068115 21.9549999237061 20.9580001831055 19.3649997711182 27.4629993438721 27.4160003662109
29.0209999084473 29.7159996032715 30.2220001220703 30.5820007324219 29.6650009155273 28.673999786377 27.7299995422363 27.9389991760254 27.7779998779297 27.4790000915527 27.0359992980957 27.25 28.8619995117188 29.5909996032715 29.6509990692139 29.6849994659424 29.3209991455078 27.8470001220703 26.6420001983643 26.3239994049072 27.2329998016357 26.8579998016357 26.3880004882812 25.8519992828369 25.8509998321533 21.6520004272461 22.0249996185303 22.9969997406006 23.6690006256104 24.67799949646 24.7350006103516 24.2549991607666 24.1359996795654 23.2889995574951 21.2999992370605 18.6439990997314 18.3810005187988 18.8099994659424 21.3229999542236 22.7940006256104 22.4270000457764 22.4069995880127 22.2000007629395 27.2320003509521 32.4609985351562 31.0650005340576
26.3349990844727 26.9190006256104 26.6959991455078 28.3859996795654 27.5300006866455 27.19700050354 27.1009998321533 27.5949993133545 27.8330001831055 27.75 26.6679992675781 26.4500007629395 29.8880004882812 29.8700008392334 30.42799949646 30.7369995117188 29.7110004425049 28.2940006256104 26.375 25.7950000762939 25.1639995574951 25.1359996795654 25.0230007171631 25.0499992370605 21.6340007781982 19.5049991607666 19.1429996490479 17.056999206543 23.2089996337891 20.7889995574951 22.4759998321533 20.6200008392334 22.7469997406006 22.1100006103516 18.3150005340576 16.2220001220703 15.7130002975464 16.7719993591309 19.201000213623 21.1439990997314 22.5739994049072 24.8980007171631 30.011999130249 34.6920013427734 33.9819984436035 33.5309982299805
24.2600002288818 25.6520004272461 26.076000213623 26.2600002288818 26.8889999389648 27.0160007476807 27.0540008544922 27.1550006866455 27.4009990692139 27.05299949646 26.1389999389648 26.3360004425049 29.32200050354 30.9890003204346 31.548999786377 31.6200008392334 30.6569995880127 29.0979995727539 26.9720001220703 26.2210006713867 23.871000289917 24.0319995880127 23.931999206543 24.0410003662109 22.6909999847412 22.8880004882812 22.1159992218018 20.6040000915527 23.8589992523193 18.6879997253418 16.0590000152588 17.3099994659424 19.2779998779297 17.4370002746582 16.1870002746582 13.8990001678467 13.9429998397827 14.7360000610352 17.9990005493164 22.9309997558594 23.5650005340576 31.0270004272461 35.5439987182617 36.8839988708496 36.4220008850098 34.9300003051758
22.7679996490479 24.5900001525879 25.6770000457764 26.0429992675781 26.4169998168945 26.9549999237061 27.1529998779297 26.8250007629395 26.8299999237061 26.9379997253418 26.117000579834 26.1590003967285 28.7399997711182 30.7329998016357 31.4009990692139 31.3290004730225 31.1599998474121 29.6889991760254 27.7520008087158 25.9009990692139 24.7569999694824 25.7129993438721 26.4090003967285 27.0429992675781 26.5170001983643 26.1620006561279 25.0709991455078 24.048999786377 24.5090007781982 19.0189990997314 17.2880001068115 18.5779991149902 14.5369997024536 13.71399974823 12.5050001144409 13.1990003585815 13.3020000457764 14.3660001754761 17.8360004425049 28.4769992828369 33.4029998779297 33.2290000915527 36.5810012817383 36.810001373291 36.7070007324219 35.7900009155273
22.0590000152588 23.996000289917 26.0149993896484 26.7590007781982 27.4559993743896 28.25 28.7670001983643 28.367000579834 27.4990005493164 27.2670001983643 26.5209999084473 27.0270004272461 28.6490001678467 29.6809997558594 30.806999206543 30.8610000610352 30.3649997711182 28.5209999084473 27.8910007476807 27.5610008239746 26.0610008239746 28.7089996337891 29.3859996795654 29.6620006561279 29.0330009460449 29.121000289917 27.2670001983643 26.5590000152588 24.7199993133545 21.5069999694824 18.246000289917 13.8430004119873 8.46000003814697 8.64900016784668 9.96399974822998 13.0139999389648 13.8660001754761 14.1770000457764 25.5 31.4440002441406 31.7189998626709 34.8310012817383 36.2849998474121 36.5089988708496 36.5859985351562 36.576000213623
22.1030006408691 24.8939990997314 26.8740005493164 27.7180004119873 28.4769992828369 29.7059993743896 29.7479991912842 29.6359996795654 28.6310005187988 27.1350002288818 26.5540008544922 26.3309993743896 25.6979999542236 27.8490009307861 29.2639999389648 29.7889995574951 29.5020008087158 27.5030002593994 25.8439998626709 27.8139991760254 28.113000869751 31.0949993133545 31.42799949646 30.6180000305176 29.9519996643066 30.1240005493164 27.757999420166 27.6159992218018 26.4669990539551 23.7830009460449 19.363000869751 12.3470001220703 4.59100008010864 5.71000003814697 9.21199989318848 10.9759998321533 13.6470003128052 14.4519996643066 15.2629995346069 23.6660003662109 31.3020000457764 35.4300003051758 36.8540000915527 37.7070007324219 38.306999206543 38.0929985046387
21.548999786377 25.3719997406006 27.9610004425049 28.6079998016357 29.496000289917 30.1350002288818 30.2800006866455 29.818000793457 28.2609996795654 26.761999130249 26.3439998626709 26.1429996490479 26.4640007019043 26.6049995422363 27.5049991607666 27.7940006256104 27.8150005340576 25.9220008850098 27.7569999694824 29.3430004119873 31.2070007324219 32.1699981689453 32.6479988098145 32.8279991149902 32.1879997253418 31.8369998931885 29.9009990692139 27.7950000762939 27.9249992370605 22.0400009155273 20.6800003051758 15.5799999237061 5.71999979019165 3.06500005722046 8.6230001449585 10.2819995880127 12.8889999389648 15.1619997024536 21.7929992675781 33.9210014343262 31.9130001068115 35.0180015563965 37.4140014648438 38.1129989624023 38.6619987487793 38.9930000305176
22.4379997253418 25.4169998168945 27.2290000915527 28.7590007781982 28.8199996948242 29.943000793457 30.3880004882812 30.068000793457 29.0860004425049 27.6140003204346 26.3059997558594 25.5769996643066 25.4400005340576 26.3330001831055 27.371000289917 26.2670001983643 26.3619995117188 27.1700000762939 28.2840003967285 29.8020000457764 32.1990013122559 32.984001159668 33.4339981079102 33.9210014343262 33.4459991455078 32.7630004882812 31.431999206543 29.3770008087158 28.2679996490479 26.2600002288818 24.4459991455078 21.7059993743896 14.1339998245239 2.59100008010864 5.63199996948242 11.5679998397827 12.5860004425049 14.7969999313354 28.7129993438721 34.6650009155273 33.7799987792969 36.6710014343262 37.1870002746582 37.6809997558594 38.4259986877441 38.9900016784668
