01_datasets/03_gis/02_asc_chm-r50m/HS220H.asc
NCOLS 200 
NROWS 201 
XLLCORNER 572220 
YLLCORNER 5219319.5 
CELLSIZE 0.5 
NODATA_value -3.4e+38 
[rows 0 to 19 of 201, columns 46 to 91 of 200]
-3.4e+38 -3.4e+38 -3.4e+38 -3.4e+38 -3.4e+38 -3.4e+38 -3.4e+38 -3.4e+38 -3.4e+38 -3.4e+38 -3.4e+38 -3.4e+38 -3.4e+38 -3.4e+38 -3.4e+38 -3.4e+38 -3.4e+38 -3.4e+38 -3.4e+38 -3.4e+38 -3.4e+38 -3.4e+38 -3.4e+38 -3.4e+38 -3.4e+38 -3.4e+38 -3.4e+38 -3.4e+38 -3.4e+38 -3.4e+38 -3.4e+38 -3.4e+38 -3.4e+38 -3.4e+38 -3.4e+38 -3.4e+38 -3.4e+38 -3.4e+38 -3.4e+38 -3.4e+38 -3.4e+38 -3.4e+38 -3.4e+38 -3.4e+38 -3.4e+38 -3.4e+38
-3.4e+38 -3.4e+38 -3.4e+38 -3.4e+38 -3.4e+38 -3.4e+38 -3.4e+38 -3.4e+38 -3.4e+38 -3.4e+38 -3.4e+38 -3.4e+38 -3.4e+38 -3.4e+38 -3.4e+38 -3.4e+38 -3.4e+38 -3.4e+38 -3.4e+38 -3.4e+38 -3.4e+38 -3.4e+38 -3.4e+38 -3.4e+38 -3.4e+38 -3.4e+38 -3.4e+38 -3.4e+38 -3.4e+38 -3.4e+38 -3.4e+38 -3.4e+38 -3.4e+38 -3.4e+38 -3.4e+38 -3.4e+38 -3.4e+38 -3.4e+38 -3.4e+38 -3.4e+38 -3.4e+38 -3.4e+38 -3.4e+38 -3.4e+38 -3.4e+38 -3.4e+38
-3.4e+38 -3.4e+38 -3.4e+38 -3.4e+38 -3.4e+38 -3.4e+38 -3.4e+38 -3.4e+38 -3.4e+38 -3.4e+38 -3.4e+38 -3.4e+38 -3.4e+38 -3.4e+38 -3.4e+38 -3.4e+38 -3.4e+38 -3.4e+38 -3.4e+38 -3.4e+38 -3.4e+38 -3.4e+38 -3.4e+38 -3.4e+38 -3.4e+38 -3.4e+38 -3.4e+38 -3.4e+38 -3.4e+38 -3.4e+38 -3.4e+38 -3.4e+38 -3.4e+38 -3.4e+38 -3.4e+38 -3.4e+38 -3.4e+38 -3.4e+38 -3.4e+38 21.3330001831055 22.0960006713867 22.8589992523193 23.6119995117188 23.6140003204346 22.6450004577637 22.0540008544922
-3.4e+38 -3.4e+38 -3.4e+38 -3.4e+38 -3.4e+38 -3.4e+38 -3.4e+38 -3.4e+38 -3.4e+38 -3.4e+38 -3.4e+38 -3.4e+38 -3.4e+38 -3.4e+38 -3.4e+38 -3.4e+38 -3.4e+38 -3.4e+38 -3.4e+38 -3.4e+38 -3.4e+38 -3.4e+38 -3.4e+38 -3.4e+38 -3.4e+38 -3.4e+38 -3.4e+38 -3.4e+38 -3.4e+38 -3.4e+38 -3.4e+38 -3.4e+38 15.5729999542236 23.4370002746582 26.5620002746582 25.1240005493164 25.1389999389648 29.4950008392334 32.185001373291 31.1200008392334 30.5990009307861 31.5330009460449 31.6840000152588 30.9330005645752 29.8349990844727 26.9379997253418
-3.4e+38 -3.4e+38 -3.4e+38 -3.4e+38 -3.4e+38 -3.4e+38 -3.4e+38 -3.4e+38 -3.4e+38 -3.4e+38 -3.4e+38 -3.4e+38 -3.4e+38 -3.4e+38 -3.4e+38 -3.4e+38 -3.4e+38 -3.4e+38 -3.4e+38 -3.4e+38 -3.4e+38 -3.4e+38 -3.4e+38 -3.4e+38 -3.4e+38 -3.4e+38 16.9740009307861 26.2479991912842 27.2999992370605 26.3409996032715 26.6949996948242 22.5400009155273 27.2800006866455 28.9400005340576 27.8959999084473 27.0550003051758 31.2080001831055 33.8499984741211 33.4830017089844 32.9199981689453 31.8309993743896 31.9260005950928 31.9330005645752 30.6520004272461 29.011999130249 25.0939998626709
-3.4e+38 -3.4e+38 -3.4e+38 -3.4e+38 -3.4e+38 -3.4e+38 -3.4e+38 -3.4e+38 -3.4e+38 -3.4e+38 -3.4e+38 -3.4e+38 -3.4e+38 -3.4e+38 -3.4e+38 -3.4e+38 -3.4e+38 -3.4e+38 -3.4e+38 -3.4e+38 -3.4e+38 -3.4e+38 -3.4e+38 14.0469999313354 27.7189998626709 28.2810001373291 29.3519992828369 30.2269992828369 29.7749996185303 29.8199996948242 29.992000579834 28.5540008544922 27.9699993133545 30.2280006408691 31.363000869751 31.4769992828369 34.1040000915527 34.4259986877441 33.7809982299805 33.4900016784668 32.8160018920898 32.9230003356934 31.2639999389648 30.3540000915527 28.6849994659424 26.6280002593994
-3.4e+38 -3.4e+38 -3.4e+38 -3.4e+38 -3.4e+38 -3.4e+38 -3.4e+38 -3.4e+38 -3.4e+38 -3.4e+38 -3.4e+38 -3.4e+38 -3.4e+38 -3.4e+38 -3.4e+38 -3.4e+38 -3.4e+38 -3.4e+38 -3.4e+38 -3.4e+38 -3.4e+38 13.5229997634888 15.2639999389648 27.1800003051758 28.6959991455078 29.7959995269775 30.6030006408691 32.1669998168945 31.693000793457 31.9909992218018 32.0660018920898 31.7070007324219 30.382999420166 30.3570003509521 33.2859992980957 33.9770011901855 34.8479995727539 35.3680000305176 34.9959983825684 34.1570014953613 33.7980003356934 31.8990001678467 31.3279991149902 29.8229999542236 27.6760005950928 26.3369998931885
-3.4e+38 -3.4e+38 -3.4e+38 -3.4e+38 -3.4e+38 -3.4e+38 -3.4e+38 -3.4e+38 -3.4e+38 -3.4e+38 -3.4e+38 -3.4e+38 -3.4e+38 -3.4e+38 -3.4e+38 -3.4e+38 -3.4e+38 -3.4e+38 -3.4e+38 12.2170000076294 15.0240001678467 20.6070003509521 25.2339992523193 27.9599990844727 28.7180004119873 30.8579998016357 32.8819999694824 33.9449996948242 33.8419990539551 33.7929992675781 33.4049987792969 32.8569984436035 32.257999420166 33.3580017089844 33.8300018310547 34.6650009155273 35.4700012207031 35.8400001525879 35.5909996032715 34.890998840332 34.1640014648438 32.976001739502 32.125 29.5020008087158 25.7789993286133 24.8959999084473
-3.4e+38 -3.4e+38 -3.4e+38 -3.4e+38 -3.4e+38 -3.4e+38 -3.4e+38 -3.4e+38 -3.4e+38 -3.4e+38 -3.4e+38 -3.4e+38 -3.4e+38 -3.4e+38 -3.4e+38 -3.4e+38 13.0240001678467 11.710000038147 9.4370002746582 13.1929998397827 17.5809993743896 21.7339992523193 25.886999130249 28.1450004577637 28.6450004577637 31.5790004730225 33.6990013122559 34.7709999084473 35.7280006408691 34.8170013427734 33.9420013427734 33.3499984741211 32.8730010986328 34.6440010070801 35.2849998474121 35.3380012512207 36.4179992675781 36.4959983825684 36.0260009765625 34.898998260498 34.5019989013672 34.1180000305176 32.9269981384277 31.0610008239746 27.9540004730225 23.3759994506836
-3.4e+38 -3.4e+38 -3.4e+38 -3.4e+38 -3.4e+38 -3.4e+38 -3.4e+38 -3.4e+38 -3.4e+38 -3.4e+38 -3.4e+38 -3.4e+38 -3.4e+38 -3.4e+38 14.3870000839233 13.5389995574951 11.4580001831055 4.66599988937378 4.62900018692017 10.4580001831055 16.3770008087158 22.2959995269775 27.4829998016357 29.8729991912842 30.3239994049072 32.1160011291504 33.951000213623 35.3460006713867 37.2430000305176 36.3310012817383 35.0069999694824 34.3680000305176 32.8689994812012 34.9389991760254 35.8779983520508 36.064998626709 36.7840003967285 36.8849983215332 36.1870002746582 35.6300010681152 34.9459991455078 34.8530006408691 33.814998626709 31.6809997558594 26.4839992523193 22.7339992523193
-3.4e+38 -3.4e+38 -3.4e+38 -3.4e+38 -3.4e+38 -3.4e+38 -3.4e+38 -3.4e+38 -3.4e+38 -3.4e+38 -3.4e+38 -3.4e+38 17.9909992218018 15.8929996490479 15.2849998474121 14.1429996490479 12.0880002975464 4.38100004196167 4.89300012588501 10.6929998397827 15.951000213623 21.0249996185303 26.7950000762939 29.5499992370605 30.882999420166 31.7119998931885 34.0919990539551 35.3440017700195 36.4630012512207 35.7229995727539 35.0009994506836 33.7150001525879 31.9200000762939 33.8349990844727 35.4290008544922 36.1230010986328 36.5439987182617 36.7190017700195 36.3450012207031 35.6879997253418 35.3860015869141 35.2569999694824 34.0719985961914 29.6590003967285 24.4829998016357 19.173999786377
-3.4e+38 -3.4e+38 -3.4e+38 -3.4e+38 -3.4e+38 -3.4e+38 -3.4e+38 -3.4e+38 -3.4e+38 -3.4e+38 24.4150009155273 22.6919994354248 13.9770002365112 14.4090003967285 13.5340003967285 11.875 7.28700017929077 4.38500022888184 3.59999990463257 7.21999979019165 11.8039999008179 17.5340003967285 24.2880001068115 29.1639995574951 30.798999786377 31.1079998016357 32.4329986572266 34.7389984130859 35.2719993591309 35.1440010070801 34.5439987182617 32.7449989318848 32.0559997558594 34.0480003356934 34.8870010375977 35.7789993286133 36.0810012817383 36.2960014343262 36.1619987487793 35.4440002441406 34.9720001220703 34.7239990234375 27.7399997711182 20.7800006866455 17.5279998779297 13.8369998931885
-3.4e+38 -3.4e+38 -3.4e+38 -3.4e+38 -3.4e+38 -3.4e+38 -3.4e+38 -3.4e+38 23.7299995422363 28.2369995117188 28.2830009460449 12.8920001983643 9.10700035095215 12.0450000762939 12.0059995651245 11.1669998168945 7.78800010681152 4.44999980926514 3.49699997901917 3.05699992179871 7.44299983978271 13.4020004272461 15.456000328064 23.742000579834 29.9440002441406 30.6009998321533 31.8509998321533 32.7840003967285 34.7999992370605 34.685001373291 33.4329986572266 31.7689990997314 32.7019996643066 34.1389999389648 35.076000213623 35.560001373291 35.6580009460449 35.5229988098145 35.451000213623 35.2480010986328 34.726001739502 33.1539993286133 27.6189994812012 21.2779998779297 16.625 13.9519996643066
-3.4e+38 -3.4e+38 -3.4e+38 -3.4e+38 -3.4e+38 -3.4e+38 27.0610008239746 21.0240001678467 26.1089992523193 26.3530006408691 24.617000579834 20.8120002746582 11.3850002288818 10.5620002746582 9.97900009155273 9.7790002822876 7.82999992370605 5.28499984741211 3.51399993896484 4.93599987030029 5.9539999961853 7.14499998092651 6.50299978256226 21.6639995574951 29.4699993133545 30.7259998321533 31.2759990692139 31.5559997558594 32.9799995422363 33.2569999694824 30.988000869751 29.3500003814697 30.6679992675781 33.8680000305176 34.3190002441406 35.1969985961914 35.4900016784668 35.2809982299805 35.3629989624023 35.2610015869141 34.7280006408691 30.246000289917 26.2560005187988 23.306999206543 19.0799999237061 14.8769998550415
-3.4e+38 -3.4e+38 -3.4e+38 -3.4e+38 32.9720001220703 30.0440006256104 27.7870006561279 26.5359992980957 25.3729991912842 25.5370006561279 25.1639995574951 23.3579998016357 13.1009998321533 11.0509996414185 10.2629995346069 9.79599952697754 9.29300022125244 7.27199983596802 7.09800004959106 10.1730003356934 10.6049995422363 6.66200017929077 6.95599985122681 23.5149993896484 26.5429992675781 27.4759998321533 28.6959991455078 29.4869995117188 30.5400009155273 30.9099998474121 29.056999206543 26.9740009307861 27.4850006103516 30.4060001373291 33.5200004577637 34.0660018920898 35.0670013427734 35.2700004577637 35.2799987792969 32.5610008239746 30.818000793457 23.4890003204346 23.8020000457764 23.0729999542236 16.0009994506836 15.3179998397827
-3.4e+38 -3.4e+38 44.8969993591309 43.8390007019043 39.5900001525879 31.9479999542236 30.0230007171631 27.1359996795654 25.4979991912842 25.2980003356934 24.1650009155273 22.6089992523193 18.8969993591309 11.7410001754761 11.1890001296997 10.4980001449585 9.64099979400635 10.2360000610352 12.6059999465942 13.4440002441406 14.8100004196167 9.98700046539307 4.08599996566772 12.3660001754761 15.1700000762939 19.1909999847412 23.2129993438721 25.1720008850098 27.0599994659424 22.1550006866455 25.443000793457 26.2689990997314 23.7600002288818 25 29.8729991912842 31.007999420166 32.2540016174316 32.4770011901855 30.7970008850098 25.8229999542236 23.5729999542236 23.3810005187988 19.9969997406006 15.9169998168945 14.3669996261597 15.4849996566772
46.9160003662109 46.0499992370605 45.0859985351562 42.9519996643066 40.3600006103516 32.298999786377 30.0699996948242 26.8159999847412 25.6849994659424 25.3950004577637 24.5470008850098 22.9549999237061 21.8910007476807 12.625 13.4729995727539 14.3420000076294 14.1309995651245 12.83899974823 13.5509996414185 16.2789993286133 16.8999996185303 15.335000038147 11.5120000839233 5.7020001411438 8.1870002746582 13.201000213623 18.2390003204346 18.6569995880127 21.2199993133545 17.7870006561279 22.5590000152588 19.1030006408691 16.2800006866455 20.5200004577637 25.6469993591309 27.9909992218018 27.7789993286133 24.5590000152588 19.8449993133545 21.8799991607666 23.5949993133545 23.4780006408691 13.2019996643066 11.960000038147 13.3159999847412 14.960000038147
47.1469993591309 45.2760009765625 44.4860000610352 40.4000015258789 35.7470016479492 31.1809997558594 31.5020008087158 27.7059993743896 25.5279998779297 25.2889995574951 24.30299949646 22.9629993438721 21.4340000152588 14.0790004730225 14.6809997558594 14.8380002975464 15.0670003890991 15.7290000915527 14.1319999694824 16.6730003356934 18.0069999694824 16.9549999237061 14.7449998855591 9.37899971008301 6.4060001373291 10.7670001983643 11.2419996261597 10.1990003585815 9.60700035095215 13.5419998168945 15.2209997177124 13.4580001831055 14.5480003356934 21.1989994049072 24.3250007629395 23.5389995574951 21.3110008239746 21.1459999084473 13.6129999160767 20.4930000305176 23.6679992675781 23.6809997558594 8.13599967956543 5.23999977111816 13.3559999465942 14.9049997329712
45.923999786377 45.1230010986328 44.5550003051758 41.9469985961914 34.0849990844727 32.9599990844727 31.9549999237061 29.6469993591309 25.4500007629395 24.9759998321533 24.7259998321533 24.4409999847412 22.5659999847412 21.7919998168945 15.8280000686646 15.8629999160767 17.3129997253418 18.3939990997314 17.3120002746582 18.6989994049072 19.3570003509521 18.7600002288818 17.5389995574951 14.6079998016357 11.5780000686646 7.85599994659424 8.01700019836426 7.76200008392334 8.77799987792969 10.1829996109009 13.5539999008179 14.9680004119873 17.3969993591309 18.867000579834 21.5380001068115 22.3169994354248 21.2430000305176 18.193000793457 14.5920000076294 11.0249996185303 14.3059997558594 20.9330005645752 9.19999980926514 6.34600019454956 11.6639995574951 13.5869998931885
45.3230018615723 45.2309989929199 44.5349998474121 39.2330017089844 32.4620018005371 32.0620002746582 30.7189998626709 25.4340000152588 25.326000213623 25.0879993438721 24.8400001525879 22.9120006561279 20.261999130249 18.2390003204346 16.9669990539551 16.8700008392334 17.7810001373291 20.2040004730225 20.2789993286133 21.201000213623 20.8099994659424 19.5890007019043 17.9610004425049 15.1549997329712 12.1960000991821 8.94499969482422 8.55200004577637 9.44099998474121 12.3599996566772 12.8450002670288 14.6639995574951 15.9200000762939 18.6919994354248 19.6520004272461 20.4829998016357 21.2269992828369 20.7980003356934 18.6700000762939 13.6590003967285 10.9750003814697 12.3090000152588 14.4799995422363 9.16800022125244 5.59100008010864 8.36499977111816 11.7360000610352
