01_datasets/03_gis/02_asc_chm-r50m/HS221F.asc
NCOLS 201 
NROWS 201 
XLLCORNER 568489.5 
YLLCORNER 5221639 
CELLSIZE 0.5 
NODATA_value -3.4e+38 
[rows 120 to 139 of 201, columns 46 to 91 of 201]
22.1180000305176 21.9780006408691 21.7280006408691 20.1319999694824 18.9090003967285 19.1770000457764 19.6000003814697 19.7910003662109 19.2959995269775 19.2320003509521 20.7910003662109 23.625 28.6040000915527 31.6019992828369 32.7330017089844 33.2089996337891 33.2599983215332 32.2140007019043 30.5370006561279 16.6429996490479 14.7229995727539 14.2239999771118 12.8470001220703 11.8570003509521 13.6780004501343 15.5930004119873 16.4379997253418 21.6499996185303 26.1180000305176 28.6319999694824 30.8999996185303 32.3009986877441 32.2620010375977 32.0340003967285 30.7679996490479 29.1439990997314 26.3449993133545 25.2959995269775 23.4869995117188 21.5380001068115 22.2250003814697 22.753999710083 26.3470001220703 28.7830009460449 30.8799991607666 32.2569999694824
22.1389999389648 21.3929996490479 20.7730007171631 19.8010005950928 18.6450004577637 18.4389991760254 18.3120002746582 15.3990001678467 15.3739995956421 19.8159999847412 23.0069999694824 26.2070007324219 29.4080009460449 30.125 32.0449981689453 33.6290016174316 33.7529983520508 33.2369995117188 32.2949981689453 20.1429996490479 13.4820003509521 13.5920000076294 12.7629995346069 11.9499998092651 13.1969995498657 14.8629999160767 16.1410007476807 21.3939990997314 25.761999130249 28.1490001678467 29.6009998321533 30.5990009307861 30.7339992523193 30.0219993591309 28.7199993133545 27.257999420166 26.5750007629395 24.75 23.5060005187988 21.6439990997314 21.0009994506836 21.9780006408691 23.5979995727539 23.8579998016357 30.3199996948242 31.6560001373291
22.1860008239746 20.5949993133545 19.6590003967285 18.2910003662109 17.8740005493164 17.2329998016357 12.951000213623 13.0880002975464 14.6990003585815 18.9899997711182 22.8110008239746 25.9969997406006 29.1840000152588 30.2649993896484 33.2309989929199 33.9500007629395 34.0950012207031 33.5839996337891 32.5400009155273 27.1180000305176 11.5600004196167 11.4090003967285 12.1909999847412 12.2919998168945 12.5249996185303 13.0590000152588 15.503999710083 17.7180004119873 22.9860000610352 26.4570007324219 27.2900009155273 28.9109992980957 28.7950000762939 28.1539993286133 26.4120006561279 25.7719993591309 24.6270008087158 23.5869998931885 22.5690002441406 21.636999130249 20.6159992218018 20.201000213623 20.8610000610352 19.0690002441406 25.943000793457 30.1509990692139
20.4039993286133 19.7849998474121 19.4869995117188 18.875 17.7929992675781 14.7410001754761 12.0670003890991 12.3800001144409 15.6660003662109 18.7229995727539 22.6180000305176 25.8050003051758 29.3579998016357 31.128999710083 32.226001739502 33.1160011291504 32.7719993591309 32.3569984436035 25.4790000915527 19.3640003204346 9.76099967956543 11.2639999389648 11.9840002059937 11.6090002059937 11.4930000305176 13.6510000228882 17.2000007629395 17.5130004882812 24.6119995117188 23.5699996948242 24.1070003509521 26.1840000152588 25.7609996795654 25.3990001678467 25.3190002441406 25.0599994659424 23.3269996643066 22.8229999542236 22.2900009155273 21.7819995880127 19.1009998321533 18.1809997558594 24.4640007019043 20.5879993438721 17.9009990692139 28.5410003662109
19.9650001525879 18.5849990844727 17.2929992675781 16.7329998016357 13.9020004272461 13.3979997634888 12.1789999008179 10.7779998779297 15.91100025177 19.9179992675781 22.6299991607666 26.2749996185303 28.4799995422363 29.6219997406006 30.6459999084473 32.0139999389648 31.7700004577637 31.003999710083 10.7110004425049 12.1409997940063 10.4309997558594 11.0799999237061 11.4069995880127 11.1520004272461 13.1269998550415 20.1410007476807 24.9139995574951 25.3159999847412 24.3290004730225 21.6860008239746 21.2999992370605 22.1119995117188 22.6200008392334 23.2329998016357 23.3320007324219 22.9899997711182 22.5249996185303 22.6700000762939 21.5860004425049 20.2369995117188 18.8759994506836 23.9409999847412 27.2560005187988 27.1900005340576 25.9780006408691 27.9060001373291
20.1590003967285 16.57200050354 14.1750001907349 13.1660003662109 12.8800001144409 13.0380001068115 12.3540000915527 11.6450004577637 9.44900035858154 9.32299995422363 17.9820003509521 27.1019992828369 27.8819999694824 29.136999130249 30.0020008087158 31.318000793457 30.9540004730225 29.9370002746582 27.1539993286133 20.4489994049072 13.6300001144409 11.3959999084473 11.5450000762939 15.0299997329712 20.8929996490479 24.6429996490479 25.4080009460449 25.5820007324219 24.3619995117188 24.07200050354 27.5869998931885 29.2040004730225 26.9790000915527 23.0939998626709 22.3980007171631 21.4179992675781 21.378999710083 21.1620006561279 20.3010005950928 19.8360004425049 17.9500007629395 27.32200050354 27.4270000457764 27.3689994812012 27.2980003356934 27.5300006866455
21.9619998931885 17.8819999694824 17.3390007019043 15.9589996337891 13.5059995651245 13.1569995880127 13.1319999694824 12.03600025177 10.1920003890991 7.1710000038147 12.423999786377 22.6140003204346 25.2509994506836 27.4260005950928 28.8449993133545 29.0750007629395 29.3990001678467 27.0769996643066 25.9529991149902 21.8579998016357 12.9870004653931 11.1929998397827 15.2410001754761 22.7169990539551 26.4599990844727 26.8570003509521 28.0189990997314 27.8799991607666 30.0499992370605 31.3570003509521 32.7299995422363 30.8449993133545 27.9169998168945 24.17799949646 21.8939990997314 20.7409992218018 19.4190006256104 18.4090003967285 18.2399997711182 17.55299949646 18.6560001373291 24.9090003967285 28.1319999694824 29.9680004119873 30.8999996185303 30.8980007171631
18.5639991760254 17.9379997253418 17.3770008087158 16.757999420166 14.8590002059937 14.3380002975464 13.6529998779297 12.0260000228882 8.51900005340576 7.57100009918213 10.6969995498657 17.4309997558594 20.4829998016357 26.3400001525879 27.0450000762939 26.7159996032715 26.9190006256104 25.6949996948242 23.318000793457 17.4009990692139 10.3559999465942 10.21399974823 18.6420001983643 25.8449993133545 28.8770008087158 28.996000289917 31.4200000762939 31.9360008239746 33.4819984436035 34.8370018005371 35.007999420166 33.048999786377 29.3570003509521 27.0659999847412 25.1450004577637 22.6480007171631 17.6110000610352 15.9309997558594 16.1569995880127 15.7229995727539 16.1550006866455 23.4829998016357 29.2099990844727 31.4169998168945 31.8840007781982 33.2459983825684
19.4500007629395 18.6159992218018 17.7740001678467 17.125 16.0259990692139 15.2360000610352 14.8369998931885 11.4930000305176 7.69199991226196 7.72499990463257 7.42000007629395 9.28999996185303 9.86900043487549 18.1809997558594 17.9249992370605 24.0149993896484 24.0240001678467 14.5380001068115 8.72500038146973 11.1450004577637 10.706000328064 12.0860004425049 20.4860000610352 23.5779991149902 28.1019992828369 30.5669994354248 32.6940002441406 34.5970001220703 35.4860000610352 36.068000793457 35.6049995422363 34.4980010986328 31.4300003051758 28.238000869751 27.9820003509521 23.9619998931885 15.9630002975464 14.8590002059937 15.2119998931885 15.3439998626709 15.9530000686646 21.1749992370605 27.0820007324219 32.148998260498 32.8400001525879 35.8269996643066
19.6459999084473 19.5030002593994 19.2199993133545 18.0310001373291 17.3040008544922 15.3920001983643 14.1899995803833 10.1400003433228 8.25899982452393 7.86899995803833 7.63500022888184 7.28399991989136 6.71299982070923 4.36299991607666 6.27799987792969 17.3229999542236 13.6960000991821 8.46700000762939 7.15999984741211 14.7819995880127 17.6280002593994 18.1079998016357 21.9790000915527 24.9419994354248 28.7789993286133 31.7889995574951 34.2610015869141 35.6440010070801 36.1699981689453 36.3839988708496 36.1100006103516 35.0709991455078 32.6599998474121 28.701000213623 26.4769992828369 23.363000869751 14.4280004501343 13.5349998474121 14.28600025177 14.9589996337891 19.1959991455078 25.4020004272461 29.261999130249 33.6829986572266 35.8400001525879 40.423999786377
20.4580001831055 21.5270004272461 21.0629997253418 20.5349998474121 15.9720001220703 15.1549997329712 12.6009998321533 9.45300006866455 7.88700008392334 7.77099990844727 7.16900014877319 6.75699996948242 5.73400020599365 5.7039999961853 2.74399995803833 9.45499992370605 5.82800006866455 2.20099997520447 4.77199983596802 18.1700000762939 18.1550006866455 18.1159992218018 23.2700004577637 26.173999786377 30.0419998168945 31.9839992523193 35.0999984741211 35.7849998474121 36.5999984741211 37.0629997253418 36.1790008544922 35.3839988708496 33.5660018920898 30.4389991760254 26.1350002288818 19.173999786377 15.3269996643066 14.2519998550415 19.1919994354248 15.9969997406006 23.5200004577637 30.382999420166 32.818000793457 36.0429992675781 37.8689994812012 42.3899993896484
22.0410003662109 22.6490001678467 23.9589996337891 23.6000003814697 19.7070007324219 14.5450000762939 9.79800033569336 8.47900009155273 8.02000045776367 7.86499977111816 7.22700023651123 4.79400014877319 4.25299978256226 3.74499988555908 1.95099997520447 1.58700001239777 0.446999996900558 0.428999990224838 5.40500020980835 19.0690002441406 20.1909999847412 21.0799999237061 22.2779998779297 28.1240005493164 31.4139995574951 32.5279998779297 33.7820014953613 35.0019989013672 36.2360000610352 36.9560012817383 36.367000579834 35.568000793457 34.2190017700195 32.7700004577637 26.1119995117188 24.2999992370605 17.2530002593994 16.7900009155273 24.2229995727539 28.3530006408691 31.6000003814697 33.9609985351562 34.5410003662109 36.2830009460449 39.5530014038086 41.1059989929199
27.1879997253418 26.6590003967285 26.5990009307861 25.6560001373291 22.2320003509521 19.4890003204346 11.8249998092651 9.28999996185303 8.03400039672852 7.82499980926514 7.34600019454956 2.34400010108948 0.991999983787537 1.04499995708466 0.813000023365021 0.716000020503998 0.782999992370605 3.82100009918213 9.91600036621094 16.4790000915527 21.761999130249 22.4810009002686 26.5170001983643 30.6889991760254 31.875 33.3390007019043 34.7610015869141 35.3089981079102 35.9900016784668 36.2700004577637 36.0550003051758 33.1360015869141 32.173999786377 30.6720008850098 27.0240001678467 22.3910007476807 15.1280002593994 16.4799995422363 20.2530002593994 25.30299949646 27.8560009002686 33.4099998474121 34.2490005493164 35.4850006103516 39.4580001831055 41.3440017700195
31.0020008087158 30.8299999237061 28.7819995880127 27.0930004119873 24.67799949646 22.9360008239746 19.0820007324219 12.8900003433228 9.04699993133545 9.00699996948242 6.56300020217896 2.68400001525879 1.125 1.48099994659424 1.30200004577637 1.13699996471405 2.23699998855591 8.22500038146973 14.2130002975464 20.4419994354248 24.0820007324219 26.0349998474121 29.8840007781982 33.1689987182617 34.1370010375977 34.9550018310547 35.6580009460449 36.1870002746582 35.5849990844727 34.6609992980957 34.7060012817383 31.4549999237061 30.4610004425049 30.2900009155273 26.3939990997314 22.8309993743896 16.1599998474121 17.0559997558594 18.7670001983643 19.8560009002686 19.0259990692139 33.8699989318848 34.3619995117188 36.201000213623 38.3120002746582 39.6459999084473
34.5369987487793 34.6339988708496 33.173999786377 30.4370002746582 28.1840000152588 23.7740001678467 21.3659992218018 13.7790002822876 10.0550003051758 10.1499996185303 6.65500020980835 2.40499997138977 1.25800001621246 1.69500005245209 1.79799997806549 1.91199994087219 6.89400005340576 12.9860000610352 19.0790004730225 20.0909996032715 24.4109992980957 27.8799991607666 32.265998840332 34.7840003967285 35.5849990844727 35.9039993286133 36.7070007324219 36.7140007019043 35.8969993591309 34.0209999084473 33.2190017700195 31.2269992828369 29.7999992370605 27.2210006713867 20.6849994659424 15.9919996261597 16.1520004272461 17.548999786377 20.2350006103516 22.5769996643066 25.4360008239746 32.9990005493164 34.0839996337891 37.4599990844727 39.0299987792969 38.9620018005371
36.390998840332 36.7290000915527 36.2519989013672 34.314998626709 31.7450008392334 29.2339992523193 22.5240001678467 17.6450004577637 13.039999961853 9.85200023651123 5.125 1.27499997615814 3.95499992370605 8.68000030517578 8.46700000762939 9.04599952697754 14.4029998779297 19.0160007476807 16.9740009307861 18.7900009155273 22.9009990692139 29.8209991455078 33.0999984741211 35.1150016784668 36.0730018615723 36.8660011291504 37.4099998474121 36.8059997558594 35.7470016479492 33.0629997253418 31.298999786377 25.8110008239746 21.5860004425049 19.3010005950928 13.2119998931885 16.2789993286133 16.2759990692139 17.9139995574951 21.6609992980957 26.2649993896484 29.4190006256104 32.2089996337891 32.5410003662109 36.2249984741211 37.8979988098145 37.773998260498
37.7750015258789 38.4650001525879 36.943000793457 34.7430000305176 31.7180004119873 29.201000213623 25.1909999847412 21.7749996185303 16.2240009307861 11.164999961853 6.22300004959106 5.42999982833862 11.0839996337891 14.7220001220703 16.2129993438721 16.673999786377 19.3950004577637 18.9939994812012 18.3129997253418 18.9899997711182 19.1989994049072 30.5259990692139 31.6270008087158 34.351001739502 35.9980010986328 36.7799987792969 37.1980018615723 36.4710006713867 35.9210014343262 33.7849998474121 30.7119998931885 22.8910007476807 14.3850002288818 14.1099996566772 12.5450000762939 16.6119995117188 17.4080009460449 18.7929992675781 23.0520000457764 28.3859996795654 28.3169994354248 32.4090003967285 31.6959991455078 32.9259986877441 34.734001159668 34.4230003356934
38.632999420166 39.4650001525879 38.6549987792969 36.5779991149902 36.4539985656738 30.8799991607666 23.2110004425049 19.2709999084473 17.7150001525879 12.4930000305176 11.6829996109009 15.5159997940063 16.4720001220703 19.2810001373291 20.8369998931885 20.8290004730225 21.5370006561279 21.2840003967285 19.0750007629395 19.2789993286133 21.9909992218018 27.7919998168945 30.1650009155273 32.7130012512207 34.9459991455078 35.8030014038086 36.3339996337891 36.3409996032715 36.0449981689453 33.9160003662109 31.9990005493164 27.7849998474121 23.9969997406006 17.181999206543 14.1359996795654 16.2679996490479 19.693000793457 22.4829998016357 27.2080001831055 28.8589992523193 28.761999130249 33.5499992370605 33.7910003662109 33.6759986877441 34.6440010070801 33.9179992675781
39.4690017700195 40.0660018920898 38.6570014953613 36.3320007324219 35.5480003356934 29.0739994049072 26.6070003509521 25.2569999694824 23.9759998321533 23.7910003662109 21.9890003204346 17.7789993286133 19.6849994659424 22.2749996185303 22.8570003509521 22.0830001831055 22.5990009307861 21.9459991455078 18.9650001525879 18.9810009002686 20.9220008850098 28.8349990844727 28.7849998474121 31.193000793457 33.8689994812012 34.5859985351562 34.726001739502 35.4799995422363 33.4669990539551 32.1440010070801 30.3549995422363 25.0540008544922 20.7080001831055 16.4330005645752 14.2030000686646 15.5640001296997 21.3530006408691 25.0480003356934 27.2019996643066 28.6539993286133 31.4990005493164 33.8019981384277 35.2879981994629 35.435001373291 35.2620010375977 35.117000579834
38.443000793457 38.6520004272461 37.5130004882812 36.2639999389648 34.5299987792969 29.261999130249 28.0960006713867 27.3279991149902 26.2840003967285 26.0470008850098 22.1919994354248 20.4839992523193 22.0049991607666 23.6630001068115 24.136999130249 23.9340000152588 24.2590007781982 23.1870002746582 19.3920001983643 18.2369995117188 24.3159999847412 26.9799995422363 27.1280002593994 29.2800006866455 31.5480003356934 32.3409996032715 33.2099990844727 33.5139999389648 30.6140003204346 29.0450000762939 27.1650009155273 26.69700050354 18.2630004882812 14.9910001754761 14.8640003204346 15.9180002212524 23.2800006866455 25.4300003051758 26.9009990692139 29.8850002288818 32.8639984130859 35.1549987792969 35.898998260498 36.6349983215332 36.9339981079102 36.3680000305176
