01_datasets/03_gis/02_asc_chm-r50m/HS220G.asc
NCOLS 200 
NROWS 200 
XLLCORNER 572648 
YLLCORNER 5219566 
CELLSIZE 0.5 
NODATA_value -3.4e+38 
[rows 100 to 119 of 200, columns 0 to 45 of 200]
-339999999999999996123846586046231871488.000000000000000 27.8600006103516 24.628999710083 23.6240005493164 20.8910007476807 20.6270008087158 20.3540000915527 22.132999420166 23.1310005187988 24.0090007781982 24.6310005187988 24.6110000610352 25.2670001983643 26.5249996185303 26.1599998474121 24.992000579834 22.7759990692139 23.17799949646 24.6480007171631 24.9489994049072 24.8939990997314 26.992000579834 28.8850002288818 29.7150001525879 30.636999130249 30.4799995422363 29.8889999389648 29.2320003509521 26.0230007171631 23.8349990844727 20.8190002441406 17.5860004425049 17.0389995574951 16.3929996490479 13.3149995803833 11.28600025177 12.6999998092651 13.9379997253418 14.2729997634888 15.5209999084473 18.132999420166 22.6119995117188 25.1900005340576 28.3150005340576 29.7040004730225 30.3379993438721
-3.4e+38 23.9479999542236 19.9060001373291 21.2240009307861 22.3080005645752 21.4640007019043 21.4990005493164 22.511999130249 24.238000869751 23.7299995422363 24.1270008087158 23.7959995269775 24.7959995269775 25.1490001678467 24.0729999542236 23.2959995269775 22.8680000305176 22.4689998626709 24.5550003051758 25.3299999237061 25.7660007476807 26.6770000457764 27.8099994659424 28.753999710083 29.3999996185303 29.3239994049072 28.7329998016357 28.5069999694824 26.3320007324219 24.2670001983643 20.5540008544922 20.0559997558594 19.5820007324219 10.3629999160767 9.10000038146973 9.15100002288818 8.96500015258789 10.8090000152588 8.49300003051758 12.2360000610352 14.3140001296997 22.048999786377 26.6940002441406 28.6229991912842 30.6180000305176 31.0139999389648
-3.4e+38 16.6940002441406 19.0639991760254 21.7730007171631 23.2900009155273 23.6459999084473 23.5580005645752 24.7259998321533 25.9270000457764 24.3360004425049 23.9860000610352 22.7849998474121 23.8010005950928 23.806999206543 22.8649997711182 22.6840000152588 23.2099990844727 22.7840003967285 23.3369998931885 24.7329998016357 25.6490001678467 26.4330005645752 26.556999206543 27.2520008087158 28.1550006866455 28.5230007171631 28.4349994659424 28.1679992675781 27.7029991149902 27.0909996032715 25.318000793457 24.3159999847412 21.4500007629395 7.78200006484985 5.61299991607666 6.34299993515015 5.73299980163574 5.88199996948242 4.27099990844727 4.70699977874756 5.09800004959106 16.7660007476807 25.3610000610352 27.7080001831055 30.3020000457764 31.0830001831055
-3.4e+38 19.6580009460449 21.1009998321533 23.0370006561279 23.382999420166 24.7350006103516 25.076000213623 26.4050006866455 27.2709999084473 26.4489994049072 27.257999420166 26.6749992370605 21.9440002441406 22.2719993591309 22.0690002441406 21.3950004577637 21.7900009155273 23.1539993286133 23.7329998016357 24.875 25.4290008544922 25.2409992218018 24.7970008850098 26.5620002746582 27.173999786377 28.0149993896484 28.2929992675781 28.613000869751 28.82200050354 28.0620002746582 27.0709991455078 26.5520000457764 23.113000869751 15.7399997711182 5.72900009155273 5.79400014877319 5.68599987030029 5.59700012207031 4.63899993896484 4.00899982452393 10.9160003662109 23.7250003814697 25.1900005340576 27.0779991149902 28.8689994812012 30.0550003051758
-3.4e+38 21.818000793457 22.1620006561279 23.8209991455078 24.1089992523193 24.8139991760254 25.8040008544922 27.2789993286133 27.9969997406006 28.7929992675781 29.5009994506836 29.4710006713867 26.0769996643066 26.6359996795654 23.5669994354248 22.3209991455078 22.4479999542236 23.0879993438721 23.7889995574951 24.1860008239746 24.6180000305176 24.2129993438721 23.3040008544922 25.07200050354 26.7089996337891 27.6760005950928 29.4370002746582 30.0699996948242 29.9899997711182 29.0090007781982 27.0020008087158 26.492000579834 23.7800006866455 17.3349990844727 7.5479998588562 5.59100008010864 5.60599994659424 5.5770001411438 5.03599977493286 4.33699989318848 10.7489995956421 20.1840000152588 24.2530002593994 25.7089996337891 26.7919998168945 28.4060001373291
-3.4e+38 22.9270000457764 23.6159992218018 25.0610008239746 25.875 26.0540008544922 27.6319999694824 28.8889999389648 29.6439990997314 30.8159999847412 30.636999130249 30.0610008239746 28.8320007324219 27.6000003814697 24.882999420166 23.7000007629395 24.0219993591309 25.2210006713867 23.6060009002686 23.8619995117188 23.7509994506836 22.9939994812012 22.2880001068115 22.9009990692139 25.7940006256104 27.9099998474121 29.7329998016357 30.4909992218018 30.3139991760254 29.863000869751 28.3959999084473 26.2810001373291 24.1439990997314 19.7250003814697 9.7519998550415 5.72499990463257 5.11899995803833 4.92999982833862 4.54099988937378 7.23199987411499 13.5539999008179 19.6100006103516 21.5510005950928 21.7700004577637 25.1730003356934 26.5130004882812
-3.4e+38 24.8269996643066 25.7019996643066 26.4230003356934 26.7560005187988 26.0709991455078 28.6030006408691 29.7220001220703 31.0580005645752 32.1349983215332 32.4370002746582 31.4190006256104 30.5750007629395 29.2019996643066 26.7789993286133 25.8689994812012 26.2210006713867 26.7320003509521 26.3969993591309 25.4080009460449 23.636999130249 21.2189998626709 20.7940006256104 21.9449996948242 26.8600006103516 27.9230003356934 28.1240005493164 30.3390007019043 29.9179992675781 29.3419990539551 28.6909999847412 26.9829998016357 24.113000869751 19.6809997558594 11.1029996871948 5.89099979400635 4.18300008773804 3.35700011253357 4.31699991226196 12.8870000839233 17.4139995574951 18.4200000762939 20.1569995880127 21.8279991149902 25.1749992370605 25.7679996490479
-3.4e+38 24.931999206543 27.5160007476807 27.8470001220703 27.9899997711182 28.1240005493164 29.1800003051758 31.1450004577637 32.0120010375977 32.8240013122559 33.3600006103516 33.0460014343262 32.6230010986328 31.0620002746582 28.8150005340576 27.1800003051758 26.867000579834 26.8279991149902 26.1520004272461 25.132999420166 24.0330009460449 21.4759998321533 19.2409992218018 20.5330009460449 25.6520004272461 27.8780002593994 28.7759990692139 29.5520000457764 29.3640003204346 28.2770004272461 27.5270004272461 25.6520004272461 24.8400001525879 17.6770000457764 9.26200008392334 6.79899978637695 3.94199991226196 2.73200011253357 5.56799983978271 16.1270008087158 19.9249992370605 20.8999996185303 21.5820007324219 22.2360000610352 23.2280006408691 23.4459991455078
-3.4e+38 24.1569995880127 28.6760005950928 28.9930000305176 27.9680004119873 28.5610008239746 30.8159999847412 31.375 32.5750007629395 33.8250007629395 34.1129989624023 33.6839981079102 33.0320014953613 31.8959999084473 30.17799949646 29.9260005950928 29.1870002746582 30.1720008850098 26.1599998474121 25.3129997253418 24.306999206543 23.0550003051758 20.7530002593994 22.6840000152588 23.9169998168945 27.2129993438721 27.6439990997314 28.5919990539551 28.2129993438721 27.1860008239746 26.5729999542236 25.7569999694824 24.9109992980957 18.1200008392334 9.18000030517578 6.66400003433228 1.7150000333786 1.75199997425079 3.52699995040894 17.0259990692139 21.1959991455078 21.9130001068115 22.3990001678467 23.0690002441406 23.0769996643066 23.2049999237061
-3.4e+38 -3.4e+38 29.1550006866455 29.4570007324219 28.5139999389648 28.8889999389648 31.2290000915527 32.4830017089844 32.648998260498 34.1559982299805 34.5439987182617 33.8050003051758 32.7879981994629 31.6660003662109 31.2999992370605 31.5310001373291 31.5149993896484 31.9519996643066 30.1159992218018 29.6429996490479 26.3759994506836 25.8880004882812 25.2259998321533 24.2789993286133 23.9090003967285 24.9549999237061 26.07200050354 27.0699996948242 27.1359996795654 27 24.9150009155273 24.2600002288818 22.6720008850098 19.8159999847412 12.9759998321533 8.47700023651123 2.25999999046326 0.740000009536743 1.48500001430511 15.2559995651245 22.1679992675781 23.3920001983643 23.55299949646 24.011999130249 24.2719993591309 24.2560005187988
-3.4e+38 -3.4e+38 28.5849990844727 28.4930000305176 28.3549995422363 28.7080001831055 29.9890003204346 31.8799991607666 32.798999786377 33.7799987792969 33.7449989318848 33.1990013122559 32.2309989929199 31.617000579834 31.2889995574951 32.6290016174316 33.6749992370605 33.3730010986328 33.1980018615723 32.5690002441406 29.7670001983643 26.9099998474121 26.07200050354 24.5340003967285 23.886999130249 24.7490005493164 25.8090000152588 26.7689990997314 27.0839996337891 26.9640007019043 24.2600002288818 23.0189990997314 22.4309997558594 19.9039993286133 15.4519996643066 13.6280002593994 7.05299997329712 0.546999990940094 9.72700023651123 15.085000038147 23.326000213623 24.8759994506836 25.0359992980957 25.9200000762939 25.3619995117188 24.9930000305176
-3.4e+38 -3.4e+38 27.3640003204346 27.6270008087158 27.4810009002686 27.6830005645752 29.5 30.6180000305176 31.4009990692139 32.1699981689453 32.9070014953613 32.2719993591309 31.6550006866455 31.5400009155273 31.9039993286133 33.9090003967285 34.8800010681152 34.6969985961914 34.2389984130859 33.007999420166 29.6849994659424 27.6760005950928 22.6049995422363 20.7950000762939 24.8290004730225 26.9489994049072 28.2150001525879 28.3780002593994 27.9950008392334 27.2590007781982 25.5949993133545 24.6499996185303 23.8640003204346 20.2399997711182 21.4540004730225 19.0139999389648 13.5010004043579 3.72300004959106 15.5369997024536 22.1350002288818 25.0130004882812 26.7479991912842 27.2600002288818 27.632999420166 26.5249996185303 24.8059997558594
-3.4e+38 -3.4e+38 27.5219993591309 27.3199996948242 26.9360008239746 26.1019992828369 27.5160007476807 29.7810001373291 30.0069999694824 31.1660003662109 31.7469997406006 31.4130001068115 31.1009998321533 31.9799995422363 32.2430000305176 34.568000793457 35.0620002746582 34.851001739502 34.181999206543 32.6769981384277 29.3299999237061 28.503999710083 26.0440006256104 19.6189994812012 23.9869995117188 28.6900005340576 29.2880001068115 29.382999420166 29.1550006866455 27.9260005950928 25.6280002593994 25.5419998168945 25.4939994812012 24.1469993591309 23.5849990844727 21.5060005187988 20.2549991607666 17.5440006256104 23.5200004577637 24.2049999237061 27.7119998931885 29.0450000762939 28.9230003356934 28.6119995117188 27.4160003662109 26.1529998779297
-3.4e+38 -3.4e+38 27.7740001678467 27.306999206543 26.2390003204346 25.9479999542236 24.867000579834 27.4990005493164 29.7000007629395 30.3689994812012 30.0359992980957 29.6079998016357 29.4230003356934 29.3600006103516 32.9910011291504 34.3370018005371 34.4370002746582 34.1940002441406 33.7490005493164 32.8160018920898 30.8740005493164 27.4200000762939 26.8619995117188 24.2900009155273 26.9529991149902 28.3579998016357 29.4790000915527 29.8120002746582 29.6790008544922 28.9909992218018 27.3740005493164 26.8460006713867 26.4220008850098 26.82200050354 24.5279998779297 22.511999130249 22.4169998168945 22.1919994354248 23.9080009460449 26.5739994049072 28.7849998474121 30.3689994812012 29.9939994812012 29.7590007781982 28.8719997406006 26.8980007171631
-3.4e+38 -3.4e+38 27.548999786377 27.3640003204346 26.306999206543 25.7549991607666 24.5240001678467 24.5380001068115 28.3490009307861 28.8990001678467 28.5739994049072 28.5869998931885 27.6639995574951 27.7800006866455 32.3540000915527 33.3520011901855 33.0369987487793 33.1910018920898 33.0439987182617 31.4810009002686 28.2119998931885 26.42799949646 25.2910003662109 25.1089992523193 27.3929996490479 28.2889995574951 28.9650001525879 29.2549991607666 28.943000793457 28.9489994049072 28.2399997711182 27.9799995422363 27.8740005493164 27.5069999694824 26.2240009307861 23.1730003356934 22.6259994506836 22.3799991607666 22.9419994354248 25.875 30.0520000457764 31.2189998626709 30.9810009002686 30.4400005340576 29.8700008392334 27.9500007629395
-3.4e+38 -3.4e+38 27.4740009307861 26.5060005187988 25.625 25.1200008392334 25.2409992218018 25.1590003967285 25.8419990539551 27.242000579834 27.4099998474121 27.1900005340576 26.1450004577637 26.3519992828369 28.2119998931885 31.3479995727539 30.8430004119873 31.9349994659424 30.9529991149902 29.7509994506836 27.6539993286133 26.9290008544922 25.5659999847412 25.8649997711182 26.3980007171631 27.636999130249 27.9160003662109 28.1590003967285 27.8409996032715 28.4629993438721 29.2210006713867 29.1690006256104 29.0559997558594 27.7759990692139 27.0890007019043 25.9720001220703 24.8950004577637 24.32200050354 24.5779991149902 25.7350006103516 30.0419998168945 31.2759990692139 31.1420001983643 30.2770004272461 29.201000213623 27.8369998931885
-3.4e+38 -3.4e+38 26.3239994049072 27.4419994354248 26.5090007781982 25.3600006103516 25.2980003356934 25.1119995117188 25.3299999237061 25.4379997253418 25.4340000152588 25.875 25.3999996185303 25.923999786377 27.0130004882812 28.7530002593994 28.7290000915527 29.5149993896484 28.6609992980957 27.8449993133545 27.7189998626709 27.6319999694824 27.3339996337891 27.4029998779297 26.6879997253418 26.9629993438721 26.4409999847412 26.9869995117188 27.3290004730225 28.4069995880127 29.2399997711182 29.5869998931885 29.4899997711182 28.5659999847412 27.8920001983643 26.5160007476807 26.2919998168945 26.8400001525879 27.1539993286133 27.8090000152588 29.7840003967285 30.3139991760254 30.2070007324219 29.9309997558594 29.4519996643066 28.0580005645752
-3.4e+38 -3.4e+38 -3.4e+38 28.1259994506836 27.5419998168945 25.943000793457 24.7910003662109 24.7730007171631 24.4169998168945 24.0090007781982 25.1030006408691 25.5979995727539 23.375 23.9799995422363 26.5930004119873 28.2159996032715 27.2169990539551 28.2350006103516 28.0580005645752 28.7290000915527 28.7770004272461 29.5790004730225 29.6469993591309 29.5949993133545 28.6240005493164 26.261999130249 25.3320007324219 25.8360004425049 27.3320007324219 28.253999710083 29.0090007781982 29.2520008087158 29.0189990997314 28.2689990997314 28.5359992980957 28.2950000762939 28.3390007019043 28.3279991149902 28.3349990844727 28.4570007324219 28.048999786377 28.3560009002686 29.1989994049072 28.7530002593994 28.0160007476807 26.6849994659424
-3.4e+38 -3.4e+38 -3.4e+38 28.6100006103516 27.7590007781982 26.5620002746582 25.6340007781982 24.3799991607666 23.5170001983643 24.0310001373291 24.7369995117188 24.5729999542236 23.5799999237061 23.5769996643066 24.4060001373291 25.1299991607666 25.6299991607666 27.2819995880127 27.7719993591309 30.2649993896484 31.6599998474121 32.2630004882812 31.7789993286133 30.9540004730225 29.7339992523193 27.121000289917 25.5300006866455 25.798999786377 27.4930000305176 27.8560009002686 28.8159999847412 28.5709991455078 27.9130001068115 27.2889995574951 28.4190006256104 29.2889995574951 29.3719997406006 29.4950008392334 28.6089992523193 27.9209995269775 27.1180000305176 27.2590007781982 27.6879997253418 27.8579998016357 25.7290000915527 23.9039993286133
-3.4e+38 -3.4e+38 -3.4e+38 28.1539993286133 27.44700050354 26.3619995117188 26.9300003051758 25.443000793457 24.2590007781982 24.3449993133545 24.0809993743896 23.8490009307861 24.0359992980957 24.8390007019043 25.2980003356934 26.2900009155273 26.7350006103516 26.9400005340576 27.9349994659424 30.7679996490479 33.265998840332 33.4230003356934 32.7669982910156 31.8840007781982 30.3400001525879 28.0699996948242 25.9829998016357 26.3600006103516 26.8040008544922 27.4810009002686 27.988000869751 27.4360008239746 26.9060001373291 27.3780002593994 28.2789993286133 29.3759994506836 29.69700050354 29.7129993438721 29.3190002441406 27.6609992980957 26.2569999694824 26.636999130249 26.5939998626709 25.257999420166 22.2689990997314 22.5540008544922
