01_datasets/03_gis/02_asc_chm-r50m/HS221F.asc
NCOLS 201 
NROWS 201 
XLLCORNER 568489.5 
YLLCORNER 5221639 
CELLSIZE 0.5 
NODATA_value -3.4e+38 
[rows 80 to 99 of 201, columns 0 to 45 of 201]
-3.4e+38 -3.4e+38 -3.4e+38 -3.4e+38 31.4160003662109 32.8199996948242 35.5089988708496 36.5260009765625 36.9480018615723 35.7840003967285 35.2869987487793 32.7410011291504 29.7600002288818 27.681999206543 26.113000869751 24.9939994812012 23.6040000915527 22.371000289917 22.125 21.5909996032715 19.7660007476807 18.6809997558594 14.7340002059937 12.503999710083 11.7299995422363 14.9029998779297 22.8759994506836 28.3139991760254 29.0160007476807 28.1620006561279 26.7159996032715 26.371000289917 25.7049999237061 22.2000007629395 20.7530002593994 20.6870002746582 18.6979999542236 20.9419994354248 23.4689998626709 25.451000213623 24.6650009155273 24.6940002441406 24.7019996643066 24.17799949646 22.4909992218018 21.636999130249
-3.4e+38 -3.4e+38 -3.4e+38 32.398998260498 32.7379989624023 34.609001159668 35.5 37.0009994506836 37.6549987792969 37.2830009460449 35.0209999084473 32.306999206543 29.1809997558594 28.0960006713867 26.8929996490479 27.5750007629395 26.7569999694824 25.007999420166 23.7870006561279 23.0629997253418 20.746000289917 19.3740005493164 6.57999992370605 7.50299978256226 9.52700042724609 12.9530000686646 21.5359992980957 29.3509998321533 30.1149997711182 30.0400009155273 26.9570007324219 25.9209995269775 24.7819995880127 21.0219993591309 19.6760005950928 19.4969997406006 18.7329998016357 25.6879997253418 26.3299999237061 27.92799949646 27.7169990539551 27.0729999542236 28.5170001983643 26.5440006256104 24.261999130249 22.8500003814697
-3.4e+38 -3.4e+38 -3.4e+38 32.6370010375977 32.5870018005371 33.5069999694824 34.8650016784668 35.9690017700195 36.4990005493164 35.1539993286133 32.9589996337891 30.867000579834 29.1730003356934 27.8819999694824 28.6389999389648 28.9769992828369 30.0919990539551 28.9699993133545 27.8640003204346 27.5750007629395 20.6879997253418 18.4629993438721 12.1180000305176 9.38700008392334 10.0830001831055 13.9580001831055 26.4190006256104 30.875 32.7449989318848 31.375 29.3509998321533 25.3090000152588 23.7929992675781 20.55299949646 19.9810009002686 22.7730007171631 25.7889995574951 28.7450008392334 28.3780002593994 28.746000289917 28.4389991760254 28.9559993743896 29.7880001068115 28.8040008544922 25.4150009155273 22.9270000457764
-3.4e+38 -3.4e+38 -3.4e+38 32.9020004272461 33.2750015258789 33.2809982299805 34.4570007324219 34.0960006713867 34.548999786377 33.2249984741211 31.492000579834 30.9599990844727 28.9409999847412 28.0849990844727 28.9790000915527 30.2210006713867 31.7199993133545 32.0260009765625 31.2759990692139 30.6350002288818 26.2490005493164 25.3349990844727 18.1599998474121 16.0459995269775 14.5959997177124 26.3640003204346 32.4290008544922 34.5019989013672 34.7229995727539 34.0139999389648 31.6240005493164 26.1889991760254 21.261999130249 16.4080009460449 20.8490009307861 23.6149997711182 25.2810001373291 27.7520008087158 29.6690006256104 30.2320003509521 30.1979999542236 30.7119998931885 29.5830001831055 29.3439998626709 28.7080001831055 26.5170001983643
-3.4e+38 -3.4e+38 -3.4e+38 33.5660018920898 34.7919998168945 34.2910003662109 33.3190002441406 32.3979988098145 32.6230010986328 31.5319995880127 31.4599990844727 30.1319999694824 27.878999710083 29.2649993896484 30.7240009307861 31.9990005493164 33.076000213623 33.1349983215332 33.7309989929199 32.8950004577637 31.8090000152588 29.9729995727539 23.8950004577637 20.0930004119873 20.7220001220703 31.7040004730225 33.8110008239746 35.3650016784668 36.1419982910156 36.023998260498 33.5670013427734 29.4759998321533 21.4720001220703 17.3159999847412 23.3479995727539 25.1639995574951 24.9169998168945 25.8199996948242 29.4260005950928 33.117000579834 32.8880004882812 32.6419982910156 32.2309989929199 30.4080009460449 29.8619995117188 28.8929996490479
-3.4e+38 -3.4e+38 -3.4e+38 34.648998260498 35.5530014038086 34.7029991149902 32.5340003967285 32.0229988098145 30.5620002746582 29.9179992675781 30.363000869751 28.0849990844727 28.1919994354248 30.5400009155273 31.4130001068115 33.765998840332 34.0709991455078 34.1209983825684 34.0460014343262 33.3549995422363 32.0439987182617 28.9050006866455 25.2900009155273 21.5669994354248 26.2789993286133 30.2660007476807 33.6040000915527 35.8979988098145 36.326000213623 36.4010009765625 34.4850006103516 26.7360000610352 15.6789999008179 20.4850006103516 25.7509994506836 26.4820003509521 26.1620006561279 30.4540004730225 33.023998260498 33.1870002746582 34.0589981079102 33.9420013427734 34.6889991760254 33.734001159668 31.3920001983643 30.6310005187988
-3.4e+38 -3.4e+38 -3.4e+38 33.2319984436035 34.5340003967285 34.306999206543 31.8199996948242 31.1100006103516 30.5860004425049 28.9729995727539 27.2189998626709 26.8339996337891 28.378999710083 29.9120006561279 31.7830009460449 34.2270011901855 35.3730010986328 35.5099983215332 35.4169998168945 33.5330009460449 32.7330017089844 30.6480007171631 24.6049995422363 21.863000869751 27.3269996643066 30.5949993133545 33.6940002441406 35.1549987792969 35.5880012512207 35.423999786377 34.2229995727539 28.6200008392334 19.636999130249 24.2360000610352 26.6380004882812 28.0300006866455 29.3190002441406 31.7789993286133 34.0909996032715 34.2779998779297 35.4570007324219 35.1240005493164 35.5390014648438 35.2000007629395 33.7830009460449 32.0419998168945
-3.4e+38 -3.4e+38 31.9850006103516 32.1759986877441 32.6889991760254 32.9620018005371 32.6040000915527 30.867000579834 30.0209999084473 24.6620006561279 23.1730003356934 24.80299949646 27.363000869751 29.4459991455078 31.996000289917 33.8460006713867 35.2949981689453 36.0820007324219 35.7869987487793 33.7599983215332 32.9199981689453 30.4500007629395 24.6499996185303 22.6280002593994 22.5610008239746 29.4069995880127 31.3290004730225 33.7519989013672 33.8629989624023 33.5460014343262 32.8230018615723 29.0419998168945 24.3190002441406 23.5620002746582 25.1319999694824 27.8110008239746 29.8299999237061 30.576000213623 34.3089981079102 34.9150009155273 36.4269981384277 36.773998260498 36.5040016174316 35.3190002441406 33.9650001525879 32.5069999694824
-3.4e+38 -3.4e+38 31.9979991912842 32.1619987487793 32.0099983215332 31.4969997406006 30.6609992980957 30.3080005645752 29.7409992218018 21.1030006408691 23.7520008087158 24.3819999694824 26.2849998474121 29.9529991149902 31.9689998626709 33.0330009460449 34.3429985046387 35.2290000915527 35.2379989624023 33.4220008850098 31.992000579834 29.4230003356934 25.1319999694824 22.9680004119873 22.882999420166 27.0879993438721 28.1639995574951 31.3250007629395 31.8959999084473 31.8349990844727 31.1200008392334 27.4039993286133 25.2129993438721 24.117000579834 23.9810009002686 28.8239994049072 29.7129993438721 31.8850002288818 34.0040016174316 35.5909996032715 37.076000213623 37.7229995727539 37.75 36.3040008544922 35.0190010070801 32.9259986877441
-3.4e+38 -3.4e+38 31.2789993286133 31.7119998931885 30.9169998168945 29.826000213623 28.9699993133545 28.7409992218018 25.1259994506836 18.2000007629395 21.1019992828369 24.253999710083 24.6800003051758 28.5650005340576 30.9300003051758 31.5170001983643 32.1230010986328 32.8460006713867 33.6969985961914 32.1349983215332 31.2630004882812 26.7910003662109 24.0990009307861 23.1620006561279 23.7070007324219 26.2229995727539 27.2569999694824 28.55299949646 29.8610000610352 29.5279998779297 28.6889991760254 27.6380004882812 23.44700050354 25.0919990539551 25.3600006103516 29.0799999237061 30.0930004119873 30.2339992523193 33.6860008239746 35.439998626709 36.9910011291504 37.7459983825684 37.6380004882812 36.8359985351562 34.9589996337891 33.7000007629395
-3.4e+38 -3.4e+38 31.5020008087158 31.0300006866455 29.6380004882812 28.5240001678467 27.5520000457764 27.3500003814697 23.0330009460449 19.1569995880127 18.4349994659424 23.0139999389648 24.6569995880127 27.1219997406006 29.1259994506836 29.7290000915527 29.7779998779297 30.3419990539551 31.6809997558594 30.8390007019043 29.8339996337891 26.0860004425049 24.4400005340576 23.818000793457 21.5230007171631 25.3099994659424 26.1669998168945 26.8560009002686 26.4930000305176 26.6100006103516 26.1009998321533 21.5620002746582 19.0820007324219 20.875 23.3649997711182 28.9050006866455 30.6650009155273 30.7600002288818 33.1399993896484 35.1730003356934 36.5089988708496 36.8779983520508 36.4080009460449 35.2159996032715 34.0419998168945 33.1349983215332
-3.4e+38 -3.4e+38 31.4260005950928 30.7129993438721 27.9479999542236 26.3770008087158 25.3889999389648 24.4479999542236 19.6879997253418 19.7360000610352 19.5400009155273 21.4689998626709 21.8819999694824 22.3939990997314 24.7140007019043 26.4769992828369 28.5580005645752 29.1590003967285 28.7430000305176 28.5939998626709 27.0779991149902 25.1599998474121 24.6280002593994 24.011999130249 19.6200008392334 22.9799995422363 23.1849994659424 23.6399993896484 23.1019992828369 22.742000579834 23.0249996185303 23.2950000762939 21.4169998168945 19.8110008239746 22.4500007629395 28.1849994659424 30.1979999542236 31.0799999237061 33.0130004882812 34.265998840332 35.1949996948242 35.5349998474121 35.0149993896484 34.0509986877441 33.451000213623 32.2000007629395
-3.4e+38 -3.4e+38 31.4869995117188 30.1760005950928 27.2530002593994 25.2240009307861 23.3390007019043 22.6310005187988 18.9190006256104 19.1919994354248 19.7630004882812 20.7660007476807 21.238000869751 21.0470008850098 20.1749992370605 22.9419994354248 27.492000579834 28.8999996185303 24.9629993438721 23.4629993438721 23.8479995727539 24.2999992370605 23.943000793457 22.7189998626709 20.8640003204346 22.2719993591309 22.8530006408691 24 24.7630004882812 24.30299949646 24.8680000305176 25.1200008392334 23.5090007781982 21.1800003051758 25.9109992980957 28.0270004272461 28.3619995117188 29.9379997253418 31.4699993133545 32.7309989929199 33.6129989624023 34.0979995727539 33.6500015258789 33.3549995422363 32.984001159668 31.1760005950928
-3.4e+38 -3.4e+38 30.4619998931885 29.1650009155273 27.8419990539551 26.1200008392334 22.875 20.9270000457764 18.6949996948242 18.8950004577637 19.5610008239746 20.4669990539551 21.0289993286133 21.1259994506836 20.5499992370605 22.6979999542236 23.8509998321533 25.7689990997314 23.0550003051758 22.4069995880127 21.0900001525879 20.5370006561279 19.92799949646 20.4979991912842 21.0020008087158 23.2520008087158 23.923999786377 24.3050003051758 24.7740001678467 25.6100006103516 26.1840000152588 23.9160003662109 22.5540008544922 21.048999786377 24.7199993133545 26.6070003509521 26.8939990997314 28.3279991149902 29.6240005493164 31.2320003509521 32.1650009155273 32.4020004272461 31.9419994354248 32.1549987792969 31.1270008087158 28.7709999084473
-3.4e+38 -3.4e+38 27.9869995117188 26.9850006103516 25.5249996185303 24.2280006408691 22.9190006256104 22.7689990997314 18.2759990692139 18.9759998321533 19.6679992675781 20.2900009155273 20.7509994506836 20.9500007629395 21.1730003356934 22.4810009002686 23.8190002441406 24.5830001831055 23.2059993743896 21.8339996337891 20.5729999542236 20.0170001983643 19.0909996032715 19.0590000152588 21.4200000762939 23.5429992675781 24.4050006866455 24.4370002746582 24.9939994812012 25.6070003509521 26.57200050354 23.863000869751 20.6019992828369 20.5799999237061 23.3379993438721 24.7220001220703 24.3339996337891 23.2569999694824 27.1909999847412 28.6009998321533 28.6299991607666 29.9139995574951 29.7800006866455 30.0499992370605 27.7849998474121 25.8229999542236
-3.4e+38 -3.4e+38 26.4379997253418 26.2700004577637 25.5160007476807 22.9759998321533 21.9710006713867 20.3910007476807 17.3780002593994 18.2749996185303 19.242000579834 19.8850002288818 20.3540000915527 20.5550003051758 21.2999992370605 22.863000869751 23.625 24.1499996185303 23.2999992370605 21.7439994812012 20.7679996490479 20.4330005645752 20.3619995117188 20.5300006866455 21.988000869751 22.9409999847412 23.996000289917 24.7320003509521 25.3640003204346 25.9950008392334 26.2859992980957 25.9340000152588 23.1849994659424 23.4669990539551 23.3689994812012 24.0450000762939 23.2649993896484 23.6299991607666 26.3850002288818 26.7019996643066 26.8950004577637 28.1359996795654 29.4629993438721 28.0139999389648 27.1189994812012 24.7159996032715
-3.4e+38 29.4360008239746 25.6469993591309 24.8059997558594 23.4899997711182 21.0149993896484 17.80299949646 17.6979999542236 15.9530000686646 17.3349990844727 18.7450008392334 19.1000003814697 18.8519992828369 19.9139995574951 21.3229999542236 22.2719993591309 23.1830005645752 23.6529998779297 22.7730007171631 22.4699993133545 22.375 21.3199996948242 21.0400009155273 21.2240009307861 20.9669990539551 23.1469993591309 23.6410007476807 24.5060005187988 25.2609996795654 26.44700050354 26.6770000457764 25.798999786377 26.2649993896484 27.121000289917 26.0130004882812 24.7360000610352 23.3610000610352 22.0219993591309 22.4209995269775 24.3080005645752 25.7730007171631 26.3859996795654 26.7269992828369 24.8509998321533 24.298999786377 24.0629997253418
-3.4e+38 28.7800006866455 26.6380004882812 23.9549999237061 22.068000793457 15.5019998550415 10.1190004348755 15.0640001296997 14.2810001373291 16.2759990692139 18.2019996643066 18.5979995727539 18.2369995117188 18.617000579834 20.0909996032715 21.7770004272461 22.2430000305176 22.6720008850098 22.7700004577637 22.9570007324219 22.9780006408691 22.4160003662109 22.0970001220703 21.867000579834 21.2189998626709 22.507999420166 22.3640003204346 23.7520008087158 24.8439998626709 27.9559993743896 28.8540000915527 30.5830001831055 31.1620006561279 31.6100006103516 31.1529998779297 29.0349998474121 27.1189994812012 23.8759994506836 19.1529998779297 21.2280006408691 22.9179992675781 24.1459999084473 22.6499996185303 21.1539993286133 21.0300006866455 21.3449993133545
-3.4e+38 29.8349990844727 27.125 24.5949993133545 20.8369998931885 14.5959997177124 14.66100025177 14.2410001754761 14.5200004577637 15.7620000839233 17.0599994659424 18.0820007324219 18.4290008544922 19.0480003356934 19.2649993896484 20.6429996490479 21.6700000762939 22.7819995880127 23.0869998931885 23.7280006408691 24.0860004425049 23.6389999389648 22.7950000762939 22.3680000305176 21.568000793457 20.6520004272461 21.1480007171631 24.1760005950928 25.3939990997314 30.6709995269775 32.1689987182617 32.7459983825684 33.2519989013672 34.2190017700195 33.9160003662109 32.742000579834 29.6259994506836 28.7770004272461 28.4169998168945 23.4020004272461 20.6189994812012 17.6180000305176 16.7439994812012 16.4529991149902 18.2639999389648 16.9489994049072
-3.4e+38 31.3719997406006 28.4419994354248 24.8700008392334 22.576000213623 20.4599990844727 17.8649997711182 14.4689998626709 14.5389995574951 15.7370004653931 17.1380004882812 17.9459991455078 18.7240009307861 19.2590007781982 19.5960006713867 20.7259998321533 21.4389991760254 22.7530002593994 23.6100006103516 24.2250003814697 24.5650005340576 24.0960006713867 22.92799949646 21.9599990844727 21.1840000152588 20.253999710083 21.3640003204346 25.2749996185303 25.9689998626709 30.8379993438721 32.5800018310547 34.9749984741211 35.1150016784668 35.0019989013672 35.0190010070801 34.7210006713867 31.6709995269775 30.6000003814697 27.6860008239746 21.9689998626709 12.7580003738403 4.6710000038147 10.1319999694824 16.7469997406006 13.6599998474121 12.6929998397827
