01_datasets/03_gis/02_asc_chm-r50m/HS221B.asc
NCOLS 200 
NROWS 200 
XLLCORNER 567926 
YLLCORNER 5222690.5 
CELLSIZE 0.5 
NODATA_value -3.4e+38 
[rows 160 to 179 of 200, columns 138 to 183 of 200]
7.49399995803833 10.4849996566772 19.1749992370605 23.5340003967285 24.068000793457 26.1660003662109 27.1529998779297 27.1019992828369 26.5100002288818 25.6560001373291 19.7089996337891 18.931999206543 15.0369997024536 13.798999786377 16.3910007476807 14.6280002593994 13.3940000534058 13.9650001525879 14.1770000457764 16.3099994659424 17.0839996337891 16.2240009307861 15.456000328064 16.4969997406006 16.8780002593994 19.0370006561279 19.9109992980957 21.42799949646 23.1030006408691 23.3290004730225 23.632999420166 23.1509990692139 21.9820003509521 21.3889999389648 21.0919990539551 20.1000003814697 19.3719997406006 18.6989994049072 14.3210000991821 14.2390003204346 11.1260004043579 -3.4e+38 -3.4e+38 -3.4e+38 -3.4e+38 -3.4e+38
13.0869998931885 14.798999786377 20.0820007324219 24.0699996948242 24.9109992980957 26.9540004730225 27.0559997558594 26.6830005645752 25.0380001068115 24.2509994506836 20.7339992523193 19.6940002441406 15.2080001831055 14.125 15.8140001296997 16.1149997711182 14.6389999389648 13.793999671936 14.2309999465942 12.4729995727539 13.4320001602173 13.8079996109009 14.4029998779297 13.1309995651245 14.5989999771118 17.9860000610352 18.6200008392334 19.4109992980957 21.5620002746582 22.4370002746582 22.3719997406006 22.9850006103516 21.9810009002686 20.7080001831055 20.2630004882812 19.6669998168945 19.7390003204346 17.9629993438721 15.2959995269775 12.7279996871948 -3.4e+38 -3.4e+38 -3.4e+38 -3.4e+38 -3.4e+38 -3.4e+38
15.9180002212524 17.7430000305176 21.6849994659424 25.818000793457 27.2019996643066 28.6140003204346 28.4780006408691 26.9249992370605 25.1889991760254 21.7450008392334 21.2919998168945 20.7719993591309 17.2600002288818 16.3719997406006 16.9409999847412 16.9869995117188 15.5679998397827 14.5950002670288 13.1820001602173 9.89400005340576 8.86600017547607 11.6700000762939 11.1009998321533 7.44700002670288 11.2569999694824 16.6140003204346 17.2759990692139 17.2210006713867 18.9669990539551 19.9230003356934 20.3460006713867 21.5900001525879 22.6660003662109 22.7600002288818 20.9150009155273 18.7259998321533 18.6509990692139 17.9799995422363 13.8839998245239 -3.4e+38 -3.4e+38 -3.4e+38 -3.4e+38 -3.4e+38 -3.4e+38 -3.4e+38
19.0179996490479 23.8360004425049 24.7940006256104 29.306999206543 30.1019992828369 29.5790004730225 30.113000869751 28.3050003051758 26.8020000457764 21.7129993438721 20.1709995269775 19.9270000457764 18.8470001220703 18.5459995269775 18.6650009155273 18.7350006103516 17.136999130249 15.0089998245239 14.1619997024536 3.81599998474121 3.99900007247925 5.1710000038147 5.96099996566772 9.70499992370605 11.7480001449585 13.9309997558594 16.0849990844727 16.1110000610352 17.8010005950928 18.7870006561279 19.4769992828369 21.1660003662109 21.7369995117188 22.2019996643066 20.8999996185303 19.4930000305176 17.9249992370605 17.451000213623 -3.4e+38 -3.4e+38 -3.4e+38 -3.4e+38 -3.4e+38 -3.4e+38 -3.4e+38 -3.4e+38
23.738000869751 26.0820007324219 27.8969993591309 29.5270004272461 31.55299949646 31.8390007019043 31.9290008544922 30.9869995117188 29.2019996643066 25.1009998321533 21.3619995117188 19.5949993133545 19.7299995422363 19.492000579834 19.5359992980957 18.5400009155273 17.8859996795654 16.2689990997314 13.8129997253418 8.0600004196167 3.53200006484985 4.74399995803833 4.67399978637695 9.23999977111816 8.625 9.86999988555908 10.6029996871948 12.4499998092651 14.9069995880127 17.4969997406006 18.6599998474121 20.1989994049072 20.5310001373291 20.6140003204346 20.1180000305176 19.7240009307861 18.363000869751 -3.4e+38 -3.4e+38 -3.4e+38 -3.4e+38 -3.4e+38 -3.4e+38 -3.4e+38 -3.4e+38 -3.4e+38
23.9440002441406 28.4169998168945 29.9489994049072 31.3460006713867 32.8409996032715 33.5470008850098 33.6419982910156 33.7859992980957 30.076000213623 29.1079998016357 24.367000579834 21.3150005340576 20.1790008544922 20.2569999694824 20.0459995269775 19.8479995727539 18.2220001220703 18.1089992523193 14.7580003738403 10.5749998092651 3.62800002098083 3.93499994277954 2.61400008201599 2.92799997329712 3.34800004959106 2.61899995803833 3.65300011634827 7.21400022506714 11.9499998092651 16.8840007781982 18.1110000610352 19.423999786377 19.4139995574951 19.5139999389648 19.0629997253418 19.1319999694824 -3.4e+38 -3.4e+38 -3.4e+38 -3.4e+38 -3.4e+38 -3.4e+38 -3.4e+38 -3.4e+38 -3.4e+38 -3.4e+38
20.1469993591309 29.2709999084473 30.7980003356934 31.9820003509521 33.2379989624023 34.2690010070801 35.1430015563965 35.4410018920898 30.5160007476807 28.92799949646 25.2150001525879 21.4669990539551 19.9409999847412 20.0300006866455 20.0400009155273 19.2329998016357 17.4440002441406 16.738000869751 14.8970003128052 9.60400009155273 2.97199988365173 1.77100002765656 2.04299998283386 2.76399993896484 3.12400007247925 2.70199990272522 3.60800004005432 5.51300001144409 11.1820001602173 15.5679998397827 17.0240001678467 17.117000579834 17.0020008087158 17.5020008087158 18 14.8050003051758 -3.4e+38 -3.4e+38 -3.4e+38 -3.4e+38 -3.4e+38 -3.4e+38 -3.4e+38 -3.4e+38 -3.4e+38 -3.4e+38
21.6830005645752 27.7999992370605 29.988000869751 31.7600002288818 33.0830001831055 33.8279991149902 34.3889999389648 33.9939994812012 30.7080001831055 28.8479995727539 24.128999710083 18.8530006408691 18.9489994049072 19.2999992370605 19.3540000915527 18.988000869751 17.0949993133545 16.0970001220703 13.3420000076294 5.70699977874756 2.25600004196167 1.61300003528595 1.99800002574921 2.74200010299683 3.74000000953674 4.73699998855591 5.01800012588501 5.96299982070923 5.95100021362305 14.1009998321533 13.6099996566772 14.8959999084473 14.7910003662109 15.8879995346069 16.1229991912842 -3.4e+38 -3.4e+38 -3.4e+38 -3.4e+38 -3.4e+38 -3.4e+38 -3.4e+38 -3.4e+38 -3.4e+38 -3.4e+38 -3.4e+38
22.621000289917 25.9209995269775 28.3959999084473 31.2689990997314 31.8110008239746 32.3380012512207 32.5509986877441 31.9109992980957 30.2399997711182 28.4060001373291 24.9640007019043 19.306999206543 18.5230007171631 18.8509998321533 18.4039993286133 18.1840000152588 17.121000289917 15.2220001220703 12.4490003585815 7.97300004959106 3.60899996757507 1.49399995803833 2.01300001144409 3.00999999046326 3.88899993896484 4.67600011825562 5.61399984359741 5.86800003051758 10.3199996948242 12.8570003509521 13.4809999465942 14.6020002365112 14.3400001525879 14.9429998397827 -3.4e+38 -3.4e+38 -3.4e+38 -3.4e+38 -3.4e+38 -3.4e+38 -3.4e+38 -3.4e+38 -3.4e+38 -3.4e+38 -3.4e+38 -3.4e+38
22.0240001678467 25.8950004577637 27.6060009002686 30.3150005340576 30.4869995117188 30.9489994049072 31.7770004272461 30.0300006866455 28.1270008087158 24.9340000152588 23.8460006713867 20.7940006256104 17.7590007781982 16.7210006713867 17.0240001678467 16.7549991607666 15.6079998016357 12.8450002670288 11.1040000915527 7.43200016021729 3.63599991798401 1.37699997425079 1.25800001621246 2.04500007629395 2.83200001716614 3.83699989318848 4.98600006103516 5.69299983978271 9.97200012207031 13.539999961853 13.8660001754761 15.0609998703003 14.6029996871948 -3.4e+38 -3.4e+38 -3.4e+38 -3.4e+38 -3.4e+38 -3.4e+38 -3.4e+38 -3.4e+38 -3.4e+38 -3.4e+38 -3.4e+38 -3.4e+38 -3.4e+38
19.117000579834 22.8110008239746 24.818000793457 25.9810009002686 27.9009990692139 28.3500003814697 27.7490005493164 26.9270000457764 24.9589996337891 21.25 20.7859992980957 17.9659996032715 13.9910001754761 13.289999961853 14.3959999084473 14.206000328064 14.9010000228882 12.3909997940063 9.11999988555908 5.69799995422363 2.82100009918213 1.52600002288818 0.827000021934509 0.987999975681305 2.05900001525879 3.20900011062622 4.35799980163574 5.46299982070923 11.3149995803833 15.7399997711182 15.6140003204346 13.7430000305176 -3.4e+38 -3.4e+38 -3.4e+38 -3.4e+38 -3.4e+38 -3.4e+38 -3.4e+38 -3.4e+38 -3.4e+38 -3.4e+38 -3.4e+38 -3.4e+38 -3.4e+38 -3.4e+38
18.757999420166 20.1539993286133 21.5259990692139 22.3299999237061 23.8549995422363 25.3379993438721 24.8999996185303 24.9729995727539 23.1860008239746 21.1299991607666 18.8780002593994 14.6789999008179 12.7869997024536 13.1319999694824 12.2379999160767 10.4899997711182 10.1059999465942 9.00800037384033 7.11100006103516 4.80499982833862 2.64299988746643 1.81700003147125 1.1360000371933 0.853999972343445 1.62999999523163 2.75500011444092 3.88000011444092 5.00600004196167 10.3979997634888 14.4899997711182 12.5279998779297 -3.4e+38 -3.4e+38 -3.4e+38 -3.4e+38 -3.4e+38 -3.4e+38 -3.4e+38 -3.4e+38 -3.4e+38 -3.4e+38 -3.4e+38 -3.4e+38 -3.4e+38 -3.4e+38 -3.4e+38
15.8140001296997 16.5779991149902 19.257999420166 20.1609992980957 21.4169998168945 22.4589996337891 24.0340003967285 21.7390003204346 19.3099994659424 18.6909999847412 15.8030004501343 11.9569997787476 9.09500026702881 9.97599983215332 7.85699987411499 4.8439998626709 5.06799983978271 5.36399984359741 5.98000001907349 5.25 2.55800008773804 1.46399998664856 0.778999984264374 0.90200001001358 1.92700004577637 2.78600001335144 3.63299989700317 4.68699979782104 9.80200004577637 -3.4e+38 -3.4e+38 -3.4e+38 -3.4e+38 -3.4e+38 -3.4e+38 -3.4e+38 -3.4e+38 -3.4e+38 -3.4e+38 -3.4e+38 -3.4e+38 -3.4e+38 -3.4e+38 -3.4e+38 -3.4e+38 -3.4e+38
11.7360000610352 15.6870002746582 18.2250003814697 17.4200000762939 16.3090000152588 18.4659996032715 20.9790000915527 17.576000213623 15.8769998550415 16.5949993133545 14.2690000534058 3.26699995994568 2.67600011825562 2.74699997901917 4.13199996948242 3.85400009155273 4.43400001525879 4.86700010299683 5.44000005722046 3.36800003051758 2.17700004577637 1.60399997234344 0.746999979019165 0.744000017642975 1.27400004863739 2.29900002479553 3.32399988174438 6.29699993133545 -3.4e+38 -3.4e+38 -3.4e+38 -3.4e+38 -3.4e+38 -3.4e+38 -3.4e+38 -3.4e+38 -3.4e+38 -3.4e+38 -3.4e+38 -3.4e+38 -3.4e+38 -3.4e+38 -3.4e+38 -3.4e+38 -3.4e+38 -3.4e+38
11.0869998931885 12.798999786377 14.1090002059937 13.4569997787476 14.3929996490479 14.7049999237061 17.3360004425049 17.548999786377 16.6749992370605 17.6720008850098 16.1720008850098 14.3809995651245 4.66499996185303 2.73799991607666 3.03699994087219 3.37800002098083 3.21499991416931 3.81399989128113 4.25400018692017 3.49200010299683 2.73099994659424 2.11400008201599 1.41999995708466 0.708999991416931 1.10599994659424 1.64699995517731 5.06599998474121 -3.4e+38 -3.4e+38 -3.4e+38 -3.4e+38 -3.4e+38 -3.4e+38 -3.4e+38 -3.4e+38 -3.4e+38 -3.4e+38 -3.4e+38 -3.4e+38 -3.4e+38 -3.4e+38 -3.4e+38 -3.4e+38 -3.4e+38 -3.4e+38 -3.4e+38
9.67000007629395 9.64900016784668 9.14799976348877 11.2480001449585 12.496000289917 17.0400009155273 17.2250003814697 19.9409999847412 20.7399997711182 19.4909992218018 17.42799949646 16.1840000152588 8.17899990081787 4.28000020980835 2.86899995803833 2.97900009155273 2.79500007629395 3.25999999046326 4.64300012588501 4.0460000038147 3.28399991989136 2.61400008201599 1.92999994754791 1.23599994182587 1.51800000667572 4.39300012588501 -3.4e+38 -3.4e+38 -3.4e+38 -3.4e+38 -3.4e+38 -3.4e+38 -3.4e+38 -3.4e+38 -3.4e+38 -3.4e+38 -3.4e+38 -3.4e+38 -3.4e+38 -3.4e+38 -3.4e+38 -3.4e+38 -3.4e+38 -3.4e+38 -3.4e+38 -3.4e+38
7.41499996185303 8.05399990081787 7.93200016021729 6.57200002670288 14.1000003814697 19.2830009460449 19.3080005645752 21.3139991760254 21.1630001068115 20.2509994506836 19.6860008239746 19.2350006103516 17.0480003356934 7.5789999961853 3.18300008773804 3.87800002098083 7.08099985122681 5.57399988174438 4.9980001449585 4.45800018310547 3.83699989318848 3.07699990272522 2.44000005722046 2.12100005149841 3.72099995613098 -3.4e+38 -3.4e+38 -3.4e+38 -3.4e+38 -3.4e+38 -3.4e+38 -3.4e+38 -3.4e+38 -3.4e+38 -3.4e+38 -3.4e+38 -3.4e+38 -3.4e+38 -3.4e+38 -3.4e+38 -3.4e+38 -3.4e+38 -3.4e+38 -3.4e+38 -3.4e+38 -3.4e+38
4.31899976730347 5.64300012588501 6.17799997329712 11.4350004196167 14.8640003204346 20.2849998474121 23.2800006866455 23.1900005340576 23.6879997253418 22.3150005340576 22.011999130249 21.5410003662109 20.8449993133545 17.5090007781982 16.318000793457 13.2080001831055 13.0550003051758 10.6409997940063 5.35400009155273 4.81400012969971 4.27400016784668 3.62800002098083 2.97099995613098 3.04800009727478 -3.4e+38 -3.4e+38 -3.4e+38 -3.4e+38 -3.4e+38 -3.4e+38 -3.4e+38 -3.4e+38 -3.4e+38 -3.4e+38 -3.4e+38 -3.4e+38 -3.4e+38 -3.4e+38 -3.4e+38 -3.4e+38 -3.4e+38 -3.4e+38 -3.4e+38 -3.4e+38 -3.4e+38 -3.4e+38
2.55100011825562 2.44300007820129 6.14200019836426 14.7829999923706 20.443000793457 22.8439998626709 23.8689994812012 24.6509990692139 25.1200008392334 24.8020000457764 23.6840000152588 23.0769996643066 21.05299949646 19.2119998931885 12.8459997177124 15.7320003509521 16.3770008087158 13.3629999160767 7.06599998474121 6.15799999237061 5.24900007247925 4.33500003814697 3.71099996566772 -3.4e+38 -3.4e+38 -3.4e+38 -3.4e+38 -3.4e+38 -3.4e+38 -3.4e+38 -3.4e+38 -3.4e+38 -3.4e+38 -3.4e+38 -3.4e+38 -3.4e+38 -3.4e+38 -3.4e+38 -3.4e+38 -3.4e+38 -3.4e+38 -3.4e+38 -3.4e+38 -3.4e+38 -3.4e+38 -3.4e+38
2.12199997901917 3.49699997901917 8.51599979400635 17.0109996795654 22.1749992370605 23.257999420166 24.44700050354 25.2099990844727 25.5480003356934 25.3330001831055 24.3560009002686 23.94700050354 22.0939998626709 21.6299991607666 17.3139991760254 17.6350002288818 17.1459999084473 14.2049999237061 11.9490003585815 7.82600021362305 6.43800020217896 5.37400007247925 -3.4e+38 -3.4e+38 -3.4e+38 -3.4e+38 -3.4e+38 -3.4e+38 -3.4e+38 -3.4e+38 -3.4e+38 -3.4e+38 -3.4e+38 -3.4e+38 -3.4e+38 -3.4e+38 -3.4e+38 -3.4e+38 -3.4e+38 -3.4e+38 -3.4e+38 -3.4e+38 -3.4e+38 -3.4e+38 -3.4e+38 -3.4e+38
