01_datasets/03_gis/02_asc_chm-r50m/HS22X5.asc
NCOLS 200 
NROWS 200 
XLLCORNER 567751.5 
YLLCORNER 5221754 
CELLSIZE 0.5 
NODATA_value -3.4e+38 
[rows 60 to 79 of 200, columns 46 to 91 of 200]
22.0060005187988 31.2129993438721 28.0580005645752 27.1490001678467 26.0659999847412 21.9349994659424 15.5240001678467 13.7980003356934 13.6750001907349 13.4700002670288 18.8969993591309 32.5830001831055 35.8689994812012 36.7949981689453 37.3250007629395 37.3709983825684 37.5579986572266 36.8950004577637 36.0979995727539 35.1100006103516 32.6780014038086 31.3500003814697 29.4810009002686 29.4419994354248 26.9220008850098 27.8190002441406 30.8519992828369 31.5860004425049 32.2360000610352 31.681999206543 30.6560001373291 29.7560005187988 29.3139991760254 28.617000579834 28.5200004577637 28.8980007171631 30.1520004272461 29.6100006103516 30.6340007781982 31.8090000152588 31.4209995269775 30.6480007171631 31.6550006866455 34.9910011291504 36.898998260498 37.4410018920898
31.673999786377 26.8770008087158 19.5820007324219 19.7280006408691 18.6690006256104 10.6730003356934 11.7819995880127 13.1829996109009 12.7679996490479 13.2200002670288 13.451000213623 32.1419982910156 35.0740013122559 36.9799995422363 38.2879981994629 38.6689987182617 38.7669982910156 37.7169990539551 36.318000793457 34.5519981384277 32.9010009765625 27.8560009002686 28.4850006103516 29.1749992370605 24.8199996948242 27.4459991455078 30.2119998931885 30.7399997711182 30.5799999237061 30.2339992523193 29.3229999542236 23.8229999542236 22.8080005645752 18.3570003509521 21.0769996643066 29.8929996490479 31.1019992828369 30.7439994812012 32.0519981384277 32.0229988098145 31.7639999389648 31.1049995422363 30.1019992828369 33.0019989013672 35.4220008850098 35.7210006713867
33.5410003662109 29.3899993896484 21.0919990539551 16.9169998168945 16.136999130249 9.58500003814697 9.84500026702881 12.1709995269775 12.7220001220703 13.6529998779297 27.7089996337891 34.2179985046387 36.1580009460449 37.3810005187988 38.9269981384277 39.4440002441406 39.3339996337891 38.5989990234375 37.2529983520508 35.2809982299805 32.5940017700195 20.5610008239746 22.5610008239746 29.6189994812012 31.0610008239746 31.1049995422363 30.7320003509521 29.886999130249 28.242000579834 26.6919994354248 25.7199993133545 19.2469997406006 14.8470001220703 15 18.1520004272461 27.0289993286133 31.9360008239746 32.4700012207031 33.6139984130859 32.9129981994629 32.4599990844727 31.181999206543 30.5009994506836 32.310001373291 32.1599998474121 34.439998626709
32.6529998779297 31.0939998626709 27.2509994506836 18.0970001220703 18.0179996490479 15.2049999237061 12.2469997406006 12.8360004425049 14.53600025177 15.2259998321533 26.0610008239746 34.3660011291504 35.9900016784668 37.7109985351562 39.3610000610352 39.9620018005371 40.1539993286133 39.0810012817383 37.9259986877441 34.9990005493164 32.0639991760254 24.2029991149902 21.4799995422363 27.6060009002686 31.2119998931885 31.5429992675781 31.0389995574951 30.4009990692139 28.4169998168945 21.5139999389648 23.0270004272461 19.2390003204346 14.1049995422363 21.068000793457 24.6900005340576 30.7430000305176 32.1749992370605 33.2890014648438 34.1119995117188 34.2239990234375 33.6839981079102 32.4939994812012 31.8640003204346 30.8099994659424 23.1989994049072 27.4179992675781
32.4869995117188 31.0909996032715 28.5879993438721 21.746000289917 19.7600002288818 17.9139995574951 12.0340003967285 13.1510000228882 14.1770000457764 15.2790002822876 29.1359996795654 34.8849983215332 35.201000213623 36.9099998474121 39.2159996032715 39.6399993896484 39.4119987487793 38.5670013427734 37.1879997253418 35.5400009155273 31.8700008392334 30.3859996795654 23.621000289917 29.9409999847412 31.3409996032715 31.556999206543 31.2700004577637 29.8770008087158 28.9409999847412 23.6319999694824 21.2800006866455 21.2049999237061 19.9440002441406 24.8810005187988 28.8369998931885 30.6359996795654 32.0610008239746 34.0069999694824 34.7200012207031 34.4539985656738 33.4729995727539 32.0839996337891 31.246000289917 30.0620002746582 12.3559999465942 10.8249998092651
33.685001373291 31.4559993743896 29.5480003356934 28.2950000762939 23.3519992828369 19.4120006561279 14.5690002441406 14.0509996414185 14.4420003890991 15.6350002288818 28.882999420166 33.4129981994629 32.9449996948242 34.8559989929199 38.4659996032715 38.5499992370605 38.5579986572266 38.1069984436035 36.8810005187988 35.4249992370605 32.7239990234375 30.5069999694824 25.1119995117188 28.0470008850098 30.5729999542236 31.1770000457764 30.9810009002686 28.9449996948242 28.4659996032715 25.2479991912842 23.1399993896484 21.5830001831055 19.9440002441406 18.9500007629395 25.3190002441406 30.2029991149902 32.398998260498 33.548999786377 34.2430000305176 33.8230018615723 33.3580017089844 31.8850002288818 30.5580005645752 28.1089992523193 14.9659996032715 8.69799995422363
35.0639991760254 32.1080017089844 30.2830009460449 29.7849998474121 24.7600002288818 21.8439998626709 19.0020008087158 14.4370002746582 13.6780004501343 14.7320003509521 29.0440006256104 34.0009994506836 34.2939987182617 35.1300010681152 36.5900001525879 37.1889991760254 37.3450012207031 36.8370018005371 35.8170013427734 -3.4e+38 31.7810001373291 24.6509990692139 29.2859992980957 29.2919998168945 29.8560009002686 30.4570007324219 30.136999130249 28.6429996490479 27.5179996490479 23.8190002441406 23.5799999237061 20.6660003662109 18.7150001525879 18.3589992523193 24.0739994049072 29.8610000610352 31.3250007629395 32.189998626709 32.7719993591309 32.3730010986328 32.4959983825684 31.742000579834 29.3530006408691 22.673999786377 13.3500003814697 10.8079996109009
35.2620010375977 33.6990013122559 33.1189994812012 32.1150016784668 25.7959995269775 27.048999786377 25.4950008392334 16.1529998779297 14.2639999389648 13.8760004043579 27.1389999389648 34.7610015869141 35.4700012207031 35.875 35.9490013122559 35.9049987792969 35.9169998168945 35.6969985961914 34.7779998779297 33.2869987487793 28.9409999847412 20.4540004730225 24.5499992370605 29.6949996948242 30.0410003662109 29.7560005187988 27.94700050354 27.5149993896484 26.0990009307861 23.3050003051758 23.1110000610352 20.7900009155273 19.0100002288818 18.2029991149902 18.8209991455078 23.2220001220703 30.9130001068115 31.3990001678467 31.6770000457764 31.2469997406006 31.306999206543 30.80299949646 28.0930004119873 21.6439990997314 16.3719997406006 13.2080001831055
35.773998260498 35.3380012512207 34.4589996337891 31.5219993591309 27.4909992218018 28.3850002288818 28.0790004730225 23.0580005645752 16.3610000610352 15.5380001068115 34.9249992370605 36.3250007629395 36.8450012207031 36.681999206543 36.3279991149902 35.5699996948242 34.7970008850098 34.257999420166 32.7039985656738 30.496000289917 25.7660007476807 21.6870002746582 23.1669998168945 28.0319995880127 30.5440006256104 30.4790000915527 26.2859992980957 24.7719993591309 23.8920001983643 23.2730007171631 22.6009998321533 20.4290008544922 20.2320003509521 18.7360000610352 12.1160001754761 13.2200002670288 27.6860008239746 30.4939994812012 30.5459995269775 30.7749996185303 30.6299991607666 29.7630004882812 27.4969997406006 26.3080005645752 19.9619998931885 13.7980003356934
36.1949996948242 35.6860008239746 35.4230003356934 33.1949996948242 32.148998260498 31.2000007629395 29.6159992218018 27.7889995574951 21.882999420166 27.5100002288818 35.9700012207031 36.6380004882812 37.0579986572266 37.306999206543 36.7360000610352 35.765998840332 34.6809997558594 32.2999992370605 30.8950004577637 29.9370002746582 27.4610004425049 25.806999206543 25.3059997558594 29.2310009002686 30.9500007629395 30.4389991760254 29.1450004577637 27.3780002593994 23.5049991607666 22.8020000457764 21.9589996337891 20.4080009460449 19.117000579834 16.7800006866455 10.8109998703003 9.02200031280518 16.8419990539551 29.4559993743896 29.4419994354248 29.6580009460449 29.7900009155273 29.8759994506836 29.128999710083 29.326000213623 17.5949993133545 13.793999671936
37.2859992980957 36.4609985351562 34.9749984741211 33.2949981689453 32.6450004577637 31.4120006561279 30.1539993286133 29.9500007629395 30.2689990997314 32.5859985351562 35.023998260498 36.0940017700195 36.8110008239746 37.1920013427734 36.7210006713867 35.0820007324219 33.6269989013672 25.6790008544922 19.0750007629395 21.5960006713867 30.4249992370605 30.132999420166 31.9080009460449 32.8819999694824 31.9519996643066 31.7390003204346 30.19700050354 29.9529991149902 26.8770008087158 22.0130004882812 21.2940006256104 19.7940006256104 17.2210006713867 16.5559997558594 15.0469999313354 11.043999671936 10.1149997711182 25.1469993591309 29.0440006256104 29.5869998931885 30.1450004577637 29.9720001220703 29.6949996948242 26.3470001220703 16.3430004119873 13.7679996490479
38.242000579834 36.5099983215332 35.4939994812012 33.5120010375977 31.4249992370605 30.5319995880127 30.1180000305176 30.1860008239746 30.576000213623 32.6650009155273 35.056999206543 35.8199996948242 36.5429992675781 36.6839981079102 35.5400009155273 34.1769981384277 30.5970001220703 17.32200050354 19.7919998168945 30.2700004577637 32.0089988708496 32.3810005187988 33.8819999694824 34.2509994506836 33.8199996948242 33.2799987792969 31.6550006866455 29.9669990539551 27.1770000457764 23.3159999847412 20.4990005493164 19.0839996337891 16.4909992218018 14.9899997711182 14.6149997711182 11.5059995651245 11.8879995346069 25.7199993133545 31.1410007476807 30.55299949646 30.5890007019043 30.4130001068115 30.5249996185303 28.7269992828369 17.4950008392334 14.0349998474121
37.673999786377 36.3370018005371 35.2789993286133 33.6660003662109 30.7910003662109 25.9519996643066 30.3169994354248 31.3880004882812 33.076000213623 34.6349983215332 35.0530014038086 35.2919998168945 35.2109985351562 35.2949981689453 34.9570007324219 33.7089996337891 31.7199993133545 19.5799999237061 14.3610000610352 28.1749992370605 31.701000213623 33.8050003051758 34.1940002441406 34.826000213623 34.5750007629395 33.9249992370605 32.7639999389648 31.6630001068115 30.1149997711182 28.6229991912842 22.8279991149902 17.5949993133545 14.3400001525879 13.4309997558594 13.6709995269775 24.4969997406006 31.5979995727539 32.6380004882812 32.6370010375977 32.2630004882812 31.0450000762939 30.8840007781982 31.1529998779297 29.931999206543 24.3999996185303 14.9049997329712
36.5279998779297 35.6259994506836 34.8800010681152 33.7589988708496 28.0860004425049 19.6790008544922 29.8059997558594 32.2999992370605 34.5060005187988 35.2799987792969 35.9589996337891 35.5690002441406 34.4550018310547 34.0449981689453 33.8470001220703 32.6419982910156 24.5319995880127 27.548999786377 13.0080003738403 22.423999786377 30.8190002441406 33.5540008544922 34.6259994506836 35.0190010070801 34.8120002746582 33.5999984741211 33.0940017700195 34.0480003356934 34.306999206543 33 25.9290008544922 21.7089996337891 13.6809997558594 11.6990003585815 14.5699996948242 28.6100006103516 31.7569999694824 33.7280006408691 34.3230018615723 34.3779983520508 32.6790008544922 31.9650001525879 31.1089992523193 29.7140007019043 27.1800003051758 15.4739999771118
35.4160003662109 35.0349998474121 34.1300010681152 33.5900001525879 23.4090003967285 14.9829998016357 22.4120006561279 31.2689990997314 34.6689987182617 35.8089981079102 36.3610000610352 36.3199996948242 34.0979995727539 32.851001739502 33.7249984741211 27.2600002288818 12.5050001144409 12.5860004425049 13.3000001907349 25.8209991455078 30.7430000305176 33.4259986877441 34.1220016479492 34.4620018005371 34.0900001525879 33.882999420166 33.9990005493164 34.6189994812012 34.3310012817383 32.5009994506836 27.7800006866455 21.7830009460449 13.1499996185303 10.6230001449585 8.4980001449585 16.4680004119873 32.6069984436035 34.5419998168945 34.7480010986328 34.7519989013672 33.810001373291 32.5470008850098 30.1420001983643 25.068000793457 20.1989994049072 17.2560005187988
34.3279991149902 34.0390014648438 32.8240013122559 31.4650001525879 30.9979991912842 16.2889995574951 17.9360008239746 25.9790000915527 35.0089988708496 36.185001373291 36.4770011901855 36.4589996337891 35.25 34.5709991455078 34.6910018920898 34.5719985961914 33.2560005187988 18.988000869751 26.4720001220703 30.3939990997314 30.3959999084473 32.1479988098145 33.1160011291504 33.5069999694824 33.6059989929199 32.939998626709 34.4179992675781 35.7700004577637 36.7039985656738 34.4090003967285 29.5610008239746 21.5769996643066 13.0209999084473 22.3430004119873 12.6599998474121 8.93599987030029 32.4440002441406 34.4949989318848 35.6020011901855 35.5040016174316 34.6889991760254 33.6609992980957 28.4650001525879 19.2940006256104 18.4979991912842 18.6520004272461
33.0219993591309 32.9780006408691 32.5219993591309 32.0509986877441 21.951000213623 17.2740001678467 15.6090002059937 13.3120002746582 29.2880001068115 34.257999420166 36.2770004272461 35.7869987487793 35.3050003051758 36.5390014648438 36.6189994812012 35.5270004272461 35.1510009765625 34.0730018615723 30.757999420166 29.2789993286133 29.818000793457 31.8390007019043 32.568000793457 32.8120002746582 32.1889991760254 32.0559997558594 34.9179992675781 36.0219993591309 36.9300003051758 37.4129981994629 36.0989990234375 29.4850006103516 30.511999130249 32.148998260498 28.9619998931885 26.1620006561279 31.5450000762939 34.6100006103516 35.9189987182617 35.9970016479492 35.484001159668 33.6030006408691 31.7070007324219 25.0860004425049 20.2840003967285 19.3059997558594
32.7680015563965 33.2400016784668 33.0009994506836 32.6479988098145 24.4489994049072 15.8570003509521 15.6569995880127 16.3799991607666 20.0429992675781 28.4489994049072 35.060001373291 37.1259994506836 37.2070007324219 37.6110000610352 37.4609985351562 36.6259994506836 35.0180015563965 34.1839981079102 27.757999420166 27.6730003356934 29.1480007171631 30.6110000610352 31.0830001831055 30.6229991912842 30.6900005340576 32.0190010070801 34.0419998168945 36.1129989624023 36.7999992370605 36.9179992675781 36.1940002441406 34.5779991149902 33.9679985046387 33.4780006408691 32.9739990234375 30.8409996032715 30.443000793457 33.2109985351562 35.5099983215332 35.5019989013672 35.4290008544922 34.3559989929199 32.4090003967285 28.2900009155273 25.9599990844727 21.9160003662109
32.9070014953613 33.1500015258789 33.6609992980957 33.1500015258789 23.5270004272461 20.2049999237061 14.6420001983643 17.2210006713867 17.5230007171631 20.9449996948242 29.0349998474121 38.1209983825684 38.3950004577637 38.3769989013672 38.632999420166 37.9630012512207 36.6349983215332 35.4249992370605 30.6949996948242 27.3540000915527 28.1060009002686 29.3880004882812 29.5240001678467 28.1679992675781 29.5410003662109 31.2490005493164 31.5289993286133 34.8540000915527 35.6870002746582 35.4490013122559 35.234001159668 35.451000213623 35.4980010986328 35.890998840332 34.9440002441406 33.2639999389648 31.7390003204346 34.1100006103516 34.5929985046387 34.2820014953613 34.3549995422363 33.1300010681152 31.9080009460449 30.3150005340576 30.1870002746582 28.136999130249
33.0499992370605 33.7220001220703 34.1910018920898 33.4669990539551 32.3720016479492 28.2140007019043 23.4130001068115 30.8969993591309 27.9160003662109 30.4570007324219 37.7849998474121 38.4889984130859 39.9749984741211 39.9959983825684 39.8240013122559 38.6189994812012 36.9129981994629 35.398998260498 33.8160018920898 29.6229991912842 28.4829998016357 28.7609996795654 28.9340000152588 28.7700004577637 28.3589992523193 28.3010005950928 29.1450004577637 32.7330017089844 34.9609985351562 34.3250007629395 34.5190010070801 35.9309997558594 36.5989990234375 36.5919990539551 35.8370018005371 33.9990005493164 32.4020004272461 32.5099983215332 32.7179985046387 33.3559989929199 32.5909996032715 32.3940010070801 30.931999206543 30.1630001068115 29.9349994659424 29.9930000305176
