01_datasets/03_gis/02_asc_chm-r50m/HS222C.asc
NCOLS 200 
NROWS 200 
XLLCORNER 571011 
YLLCORNER 5220161.5 
CELLSIZE 0.5 
NODATA_value -3.4e+38 
[rows 0 to 19 of 200, columns 92 to 137 of 200]
-3.4e+38 -3.4e+38 -3.4e+38 -3.4e+38 -3.4e+38 -3.4e+38 -3.4e+38 -3.4e+38 -3.4e+38 -3.4e+38 -3.4e+38 -3.4e+38 -3.4e+38 -3.4e+38 -3.4e+38 -3.4e+38 -3.4e+38 -3.4e+38 -3.4e+38 -3.4e+38 -3.4e+38 -3.4e+38 -3.4e+38 -3.4e+38 -3.4e+38 -3.4e+38 -3.4e+38 -3.4e+38 -3.4e+38 -3.4e+38 -3.4e+38 -3.4e+38 -3.4e+38 -3.4e+38 -3.4e+38 -3.4e+38 -3.4e+38 -3.4e+38 -3.4e+38 -3.4e+38 -3.4e+38 -3.4e+38 -3.4e+38 -3.4e+38 -3.4e+38 -3.4e+38
35.7120018005371 36.1769981384277 36.1500015258789 34.9169998168945 32.2490005493164 31.326000213623 29.6189994812012 28.0580005645752 28.7800006866455 29.4160003662109 29.6800003051758 29.6590003967285 29.8570003509521 32.4529991149902 32.439998626709 31.0890007019043 31.2630004882812 30.5319995880127 -3.4e+38 -3.4e+38 -3.4e+38 -3.4e+38 -3.4e+38 -3.4e+38 -3.4e+38 -3.4e+38 -3.4e+38 -3.4e+38 -3.4e+38 -3.4e+38 -3.4e+38 -3.4e+38 -3.4e+38 -3.4e+38 -3.4e+38 -3.4e+38 -3.4e+38 -3.4e+38 -3.4e+38 -3.4e+38 -3.4e+38 -3.4e+38 -3.4e+38 -3.4e+38 -3.4e+38 -3.4e+38
35.1650009155273 35.7900009155273 35.5320014953613 34.5099983215332 32.7099990844727 31.6609992980957 30.4519996643066 29.5020008087158 29.1909999847412 29.2469997406006 29.3799991607666 29.7199993133545 30.4379997253418 33.5229988098145 34.1160011291504 33.7480010986328 34.6419982910156 34.193000793457 33.4930000305176 31.8199996948242 29.9930000305176 28.0839996337891 25.1639995574951 25.5049991607666 27.7549991607666 -3.4e+38 -3.4e+38 -3.4e+38 -3.4e+38 -3.4e+38 -3.4e+38 -3.4e+38 -3.4e+38 -3.4e+38 -3.4e+38 -3.4e+38 -3.4e+38 -3.4e+38 -3.4e+38 -3.4e+38 -3.4e+38 -3.4e+38 -3.4e+38 -3.4e+38 -3.4e+38 -3.4e+38
33.2280006408691 34.0519981384277 34.2270011901855 34.0410003662109 30.3500003814697 30.496000289917 29.8099994659424 29.3129997253418 29.1979999542236 29.1730003356934 29.3110008239746 30.5149993896484 31.568000793457 33.3520011901855 34.6619987487793 34.7910003662109 34.8940010070801 35.056999206543 34.5279998779297 34.0880012512207 29.3920001983643 27.0809993743896 26.6009998321533 24.9580001831055 25.818000793457 27.0629997253418 28.0559997558594 28.5590000152588 29.0380001068115 26.6959991455078 25.0440006256104 -3.4e+38 -3.4e+38 -3.4e+38 -3.4e+38 -3.4e+38 -3.4e+38 -3.4e+38 -3.4e+38 -3.4e+38 -3.4e+38 -3.4e+38 -3.4e+38 -3.4e+38 -3.4e+38 -3.4e+38
33.4550018310547 34.6349983215332 34.7200012207031 35.2070007324219 33.7610015869141 32.6370010375977 29.7660007476807 29.4829998016357 31.3579998016357 31.5389995574951 30.5510005950928 31.0130004882812 32.1189994812012 33.8849983215332 35.5040016174316 35.984001159668 35.9640007019043 35.6689987182617 35.1339988708496 33.0200004577637 31.9810009002686 30.1259994506836 27.2859992980957 25.6669998168945 27.246000289917 28.6049995422363 29.4909992218018 30.6060009002686 31.5659999847412 31.1849994659424 29.6650009155273 27.8059997558594 26.2789993286133 24.6580009460449 23.0069999694824 21.3549995422363 19.7040004730225 -3.4e+38 -3.4e+38 -3.4e+38 -3.4e+38 -3.4e+38 -3.4e+38 -3.4e+38 -3.4e+38 -3.4e+38
33.0419998168945 34.685001373291 34.9690017700195 35.4169998168945 35.367000579834 34.9469985961914 32.6669998168945 30.988000869751 32.351001739502 32.8300018310547 31.2590007781982 31.5200004577637 33.0740013122559 35.1660003662109 35.7639999389648 36.2890014648438 36.757999420166 36.685001373291 35.0229988098145 33.2070007324219 31.8269996643066 29.3530006408691 28.2929992675781 25.82200050354 27.2679996490479 28.1459999084473 29.2029991149902 30.32200050354 31.1429996490479 30.8969993591309 29.326000213623 26.9549999237061 26.4029998779297 25.7390003204346 20.8110008239746 19.5739994049072 18.8449993133545 18.8250007629395 24.9080009460449 28.8490009307861 -3.4e+38 -3.4e+38 -3.4e+38 -3.4e+38 -3.4e+38 -3.4e+38
33.806999206543 34.5299987792969 35.0849990844727 36.5589981079102 36.8769989013672 36.5789985656738 33.9589996337891 34.5989990234375 33.1749992370605 33.2980003356934 31.2360000610352 31.5990009307861 33.9189987182617 34.9099998474121 35.5579986572266 36.1730003356934 36.4830017089844 35.6710014343262 35.4000015258789 33.8009986877441 32.0419998168945 30.8269996643066 29.3640003204346 25.4619998931885 26.2409992218018 27.4659996032715 28.7119998931885 29.8549995422363 30.1429996490479 29.4799995422363 28.9160003662109 27.2600002288818 24.0900001525879 23.4950008392334 20.9979991912842 19.4839992523193 19.4330005645752 20.4260005950928 25.2280006408691 29.443000793457 31.0270004272461 30.9349994659424 -3.4e+38 -3.4e+38 -3.4e+38 -3.4e+38
34.1189994812012 34.6839981079102 36.8209991455078 37.8160018920898 37.6399993896484 37.4500007629395 36.6450004577637 36.4700012207031 34.8790016174316 34.4729995727539 30.9890003204346 31.3309993743896 33.6419982910156 34.7799987792969 35.3359985351562 35.6959991455078 35.3860015869141 34.6119995117188 34.7999992370605 34.3460006713867 31.8759994506836 30.1879997253418 27.386999130249 26.6319999694824 25.1310005187988 26.9360008239746 27.9500007629395 28.9330005645752 28.8589992523193 27.6019992828369 27.1200008392334 25.1060009002686 22.7049999237061 22.0230007171631 20.1700000762939 19.4139995574951 20.6299991607666 23.242000579834 25.3759994506836 27.7479991912842 29.6599998474121 30.882999420166 32.4739990234375 34.0169982910156 -3.4e+38 -3.4e+38
33.9560012817383 34.7130012512207 36.4010009765625 37.6209983825684 37.6860008239746 37.7980003356934 37.3629989624023 36.6459999084473 35.7459983825684 35.0559997558594 33.0229988098145 30.8169994354248 32.7130012512207 34.1059989929199 34.4990005493164 34.6300010681152 34.7299995422363 33.8699989318848 33.7430000305176 33.3320007324219 30.0349998474121 27.0709991455078 26.7859992980957 25.9099998474121 23.6450004577637 25.1070003509521 26.8430004119873 26.7399997711182 26.5890007019043 26.8020000457764 26.3139991760254 25.6019992828369 24.7059993743896 23.9839992523193 22.8460006713867 23.3159999847412 23.8250007629395 24.8570003509521 25.7759990692139 27.568000793457 27.6049995422363 29.7360000610352 31.1499996185303 33.1209983825684 32.4480018615723 33.390998840332
33.685001373291 34.5810012817383 36.3240013122559 37.3899993896484 37.4640007019043 37.4889984130859 37.0629997253418 36.5509986877441 35.8839988708496 34.7620010375977 33.1790008544922 29.9459991455078 31.17799949646 32.6949996948242 32.6520004272461 32.9900016784668 33.148998260498 33.318000793457 33.5769996643066 33.068000793457 29.1140003204346 26.9009990692139 25.9899997711182 26.0359992980957 24.4799995422363 23.5480003356934 24.4349994659424 23.5769996643066 22.9740009307861 24.8139991760254 25.7189998626709 23.7029991149902 23.9209995269775 23.7129993438721 25.1499996185303 26.7390003204346 26.6359996795654 27.1590003967285 27.5580005645752 28.3950004577637 27.4009990692139 28.6909999847412 29.8150005340576 30.5550003051758 30.9720001220703 31.4039993286133
33.4620018005371 32.9739990234375 35.4210014343262 36.9659996032715 36.9889984130859 37.0029983520508 36.5660018920898 35.9669990539551 35.5470008850098 34.6279983520508 31.9400005340576 27.6350002288818 28.5639991760254 31.9519996643066 32.3559989929199 33.0180015563965 33.226001739502 33.431999206543 33.5940017700195 33.0610008239746 30.3050003051758 28.1030006408691 26.8959999084473 24.431999206543 22.6219997406006 22.6870002746582 22.3729991912842 21.0979995727539 20.8680000305176 21.5300006866455 23.2560005187988 22.7719993591309 23.2329998016357 23.6100006103516 25.8600006103516 27.8880004882812 29.2800006866455 29.2630004882812 29.6299991607666 28.867000579834 27.5599994659424 27.4290008544922 28.0240001678467 28.6410007476807 29.4669990539551 29.6900005340576
32.9650001525879 33.064998626709 34.9199981689453 36.375 36.4790000915527 36.5709991455078 36.298999786377 35.6040000915527 34.9869995117188 34.4129981994629 32.8110008239746 28.0939998626709 29.1650009155273 31.3309993743896 32.0820007324219 32.9700012207031 33.4099998474121 33.5989990234375 33.4070014953613 32.8559989929199 31.5879993438721 28.7560005187988 25.951000213623 20.9069995880127 19.92799949646 19.625 20.2199993133545 20.4130001068115 20.7129993438721 20.9340000152588 20.8920001983643 21.5779991149902 22.1110000610352 24.2000007629395 26.6860008239746 28.2689990997314 30.0520000457764 30.7329998016357 30.8500003814697 30.1940002441406 28.8729991912842 27.5939998626709 26.5429992675781 26.8430004119873 26.0820007324219 25.9990005493164
31.9950008392334 32.8139991760254 33.8930015563965 35.6380004882812 35.8160018920898 35.6689987182617 35.6319999694824 35.2179985046387 34.9809989929199 34.2550010681152 32.2169990539551 28.3229999542236 29.9060001373291 31.3759994506836 31.9330005645752 33.1539993286133 33.5099983215332 33.3429985046387 32.8899993896484 32.2270011901855 30.6560001373291 29.9440002441406 27.9459991455078 23.6840000152588 19.4330005645752 18.8840007781982 19.0109996795654 20.0860004425049 20.42799949646 19.0620002746582 18.1389999389648 18.9979991912842 21.7140007019043 25.0319995880127 27.0319995880127 27.9370002746582 29.5650005340576 30.8490009307861 31.173999786377 29.9790000915527 28.8059997558594 26.4990005493164 23.5750007629395 22.2159996032715 20.931999206543 21.2980003356934
30.3150005340576 32.226001739502 33.992000579834 34.4819984436035 34.375 35.0379981994629 34.9650001525879 34.7430000305176 34.3370018005371 32.9850006103516 32.0550003051758 28.2679996490479 29.5419998168945 30.8969993591309 31.7029991149902 33.2649993896484 33.2970008850098 33.1049995422363 33.0029983520508 32.0639991760254 29.8589992523193 28.4820003509521 28.2350006103516 27.1889991760254 19.2390003204346 18.5550003051758 19.1790008544922 18.0690002441406 16.3719997406006 17.6989994049072 18.7859992980957 19.4640007019043 19.5470008850098 24.5949993133545 25.8020000457764 27.3589992523193 28.6079998016357 29.8269996643066 30.1079998016357 28.7590007781982 28.0240001678467 25.9669990539551 23.2329998016357 22.0359992980957 19.8020000457764 18.556999206543
30.4759998321533 29.8740005493164 32.4770011901855 33.6360015869141 32.6710014343262 33.7470016479492 33.7430000305176 33.4329986572266 30.2910003662109 28.9820003509521 28.1599998474121 27.878999710083 29.4570007324219 30.753999710083 31.7329998016357 32.367000579834 32.4500007629395 32.6360015869141 32.484001159668 31.8460006713867 30.5459995269775 28.1480007171631 27.136999130249 25.5599994659424 21.69700050354 21.1870002746582 20.6380004882812 16.0599994659424 13.1639995574951 17.5580005645752 19.326000213623 20.4810009002686 20.451000213623 22.6909999847412 25.4610004425049 27.2229995727539 28.0669994354248 28.7609996795654 28.761999130249 27.9610004425049 26.7299995422363 24.67799949646 23.625 22.3339996337891 16.0349998474121 15.8940000534058
31.1560001373291 30.2089996337891 32.1020011901855 32.4930000305176 31.4710006713867 31.9230003356934 31.306999206543 30.2670001983643 29.4979991912842 28.4810009002686 27.3600006103516 28.8980007171631 30.2409992218018 30.5960006713867 31.4109992980957 31.1089992523193 31.8850002288818 31.5979995727539 31.4360008239746 30.4790000915527 28.5699996948242 27.2970008850098 27.0189990997314 24.4599990844727 22.511999130249 22.1180000305176 18.9740009307861 13.5019998550415 16.6060009002686 17.5599994659424 17.7849998474121 20.4249992370605 21.9799995422363 22.4790000915527 25.3729991912842 26.2399997711182 27.5170001983643 27.5790004730225 27.3190002441406 26.4950008392334 25.2220001220703 23.9290008544922 20.9090003967285 16.5419998168945 15.6940002441406 15.9770002365112
30.8560009002686 29.8939990997314 29.5739994049072 28.9409999847412 28.8470001220703 30.3729991912842 29.3910007476807 28.57200050354 28.2240009307861 28.9330005645752 28.8460006713867 30.6840000152588 31.6009998321533 30.4349994659424 29.8600006103516 30.8589992523193 30.8610000610352 29.7250003814697 28.9029998779297 29.3880004882812 27.5300006866455 26.3290004730225 24.117000579834 23.4479999542236 22.8680000305176 22.0690002441406 21.8129997253418 19.2789993286133 20.8810005187988 20.6219997406006 18.117000579834 18.693000793457 20.8190002441406 21.5370006561279 22.4699993133545 24.3430004119873 25.1599998474121 24.8500003814697 24.1979999542236 23.9810009002686 23.0949993133545 22.173999786377 20.0979995727539 16.3840007781982 16.1070003509521 15.7980003356934
31.3229999542236 30.5769996643066 29.6919994354248 28.1469993591309 25.511999130249 26.7240009307861 26.4109992980957 27.3360004425049 28.7110004425049 29.7929992675781 30.3159999847412 30.6219997406006 32.3569984436035 31.1690006256104 30.5330009460449 30.7999992370605 29.996000289917 29.7569999694824 26.7730007171631 26.2530002593994 26.6679992675781 26.2049999237061 25.7600002288818 26.306999206543 27.0100002288818 25.988000869751 22.2240009307861 23.0049991607666 23.7679996490479 23.7970008850098 22.0030002593994 20.7549991607666 19 18.9139995574951 20.6660003662109 21.5520000457764 21.3110008239746 20.4449996948242 20.0900001525879 21.9300003051758 20.9370002746582 20.4720001220703 18.8400001525879 16.6849994659424 15.8719997406006 15.0260000228882
31.6270008087158 30.5389995574951 29.742000579834 27.5520000457764 24.9629993438721 26.3400001525879 26.5939998626709 28.0750007629395 28.6200008392334 30.0410003662109 31.3500003814697 32.4480018615723 33.3600006103516 32.6549987792969 31.4540004730225 29.621000289917 28.7770004272461 28.3110008239746 27.2390003204346 26.4459991455078 26.5930004119873 27.2919998168945 27.2950000762939 27.7719993591309 27.7310009002686 26.988000869751 25.2910003662109 25.617000579834 26.3819999694824 25.6100006103516 23.9909992218018 20.1889991760254 19.7259998321533 18.6679992675781 18.0979995727539 19.3640003204346 19.878999710083 19.0230007171631 18.9969997406006 20.2040004730225 20.7840003967285 19.0310001373291 17.568000793457 14.2170000076294 15.7530002593994 14.5699996948242
31.0520000457764 30.2259998321533 28.8700008392334 26.8449993133545 25.9529991149902 27.57200050354 28.1849994659424 28.4050006866455 28.5230007171631 30.4589996337891 31.5939998626709 32.9519996643066 33.4860000610352 33.1529998779297 31.1840000152588 29.1079998016357 27.44700050354 26.9759998321533 26.4619998931885 26.3439998626709 26.3589992523193 28.0030002593994 28.7530002593994 29.0249996185303 27.9729995727539 27.3700008392334 27.2639999389648 27.2019996643066 27.0300006866455 24.8090000152588 23.5590000152588 20.3080005645752 20.3470001220703 19.6319999694824 16.9810009002686 17.5149993896484 18.7099990844727 18.693000793457 18.6089992523193 18.5839996337891 20.2299995422363 20.507999420166 15.5710000991821 7.5479998588562 14.3739995956421 15.5989999771118
