01_datasets/03_gis/02_asc_chm-r50m/HS220G.asc
NCOLS 200 
NROWS 200 
XLLCORNER 572648 
YLLCORNER 5219566 
CELLSIZE 0.5 
NODATA_value -3.4e+38 
[rows 120 to 139 of 200, columns 46 to 91 of 200]
20.8390007019043 23.6979999542236 25.5359992980957 25.7450008392334 26.0960006713867 26.0179996490479 24.9669990539551 23.8409996032715 22.4169998168945 19.9710006713867 16.3020000457764 13.6879997253418 15.2880001068115 16.8139991760254 18.2870006561279 18.8649997711182 19.9009990692139 20.0919990539551 20.3330001831055 20.3479995727539 19.4060001373291 18.0990009307861 17.5990009307861 20.253999710083 20.3050003051758 20.5659999847412 20.9939994812012 21.8390007019043 22.9419994354248 23.4379997253418 23.75 22.7980003356934 22.7390003204346 20.7819995880127 17.8560009002686 16.4449996948242 19.326000213623 11.3439998626709 7.65899991989136 9.30099964141846 5.81599998474121 7.22800016403198 11.3940000534058 13.8170003890991 14.543999671936 15.0570001602173
17.2259998321533 23.5300006866455 24.7740001678467 24.988000869751 25.2350006103516 24.6490001678467 24.1380004882812 22.7569999694824 22.2509994506836 19.5550003051758 14.9300003051758 14.4540004730225 15.7110004425049 16.0090007781982 17.8560009002686 18.8759994506836 19.9020004272461 20.8339996337891 21.0340003967285 20.8600006103516 19.9500007629395 18.5769996643066 17.5900001525879 17.2759990692139 17.55299949646 15.6549997329712 16.4389991760254 20.92799949646 23.3600006103516 24.511999130249 24.375 24.0930004119873 24.7059993743896 24.9330005645752 23.1450004577637 23.3680000305176 22.0610008239746 17.9570007324219 16.5240001678467 14.8100004196167 10.4139995574951 6.33400011062622 12.1359996795654 14.2399997711182 14.8730001449585 15.5979995727539
18.9349994659424 21.1350002288818 22.992000579834 24.1520004272461 24.125 23.9810009002686 23.4729995727539 21.7059993743896 18.7999992370605 17.4780006408691 15.53600025177 15.6569995880127 13.4300003051758 15.4250001907349 17.2439994812012 18.6040000915527 19.7180004119873 20.621000289917 20.6959991455078 21.3199996948242 21.2290000915527 20.7310009002686 20.4169998168945 17.632999420166 15.8009996414185 11.6219997406006 13.1859998703003 20.5139999389648 24.5729999542236 25.3810005187988 25.4190006256104 25.5370006561279 22.1520004272461 25.3640003204346 26.556999206543 23.132999420166 21.4890003204346 20.4640007019043 19.0130004882812 19.8239994049072 17.1180000305176 13.798999786377 15.5299997329712 15.2639999389648 15.4870004653931 15.6549997329712
20.5 20.878999710083 21.4309997558594 23.3010005950928 23.7269992828369 23.7250003814697 22.238000869751 23.003999710083 20.9790000915527 17.8299999237061 17.798999786377 16.5610008239746 15.4479999542236 16.0470008850098 17.3910007476807 18.6429996490479 19.6009998321533 19.7689990997314 19.8969993591309 21.2569999694824 21.9360008239746 23.1180000305176 22.7970008850098 20.6959991455078 15.0579996109009 11.5869998931885 13.1319999694824 19.9340000152588 24.7970008850098 25.5699996948242 25.6639995574951 27.0139999389648 27.1229991912842 27.7929992675781 27.8090000152588 25.5580005645752 24.3309993743896 22.1940002441406 20.5230007171631 21.6429996490479 22.3250007629395 21.0939998626709 17.6760005950928 16.3649997711182 16.1809997558594 16.507999420166
20.3540000915527 21.5200004577637 22.1149997711182 24.1259994506836 24.4300003051758 27.6679992675781 27.0049991607666 26.0890007019043 24.5069999694824 21.3659992218018 20.4570007324219 18.6420001983643 17.3430004119873 16.2129993438721 17.181999206543 18.4330005645752 18.6100006103516 18.7040004730225 20.6499996185303 21.5459995269775 23.3509998321533 24.3840007781982 23.9720001220703 22.7709999084473 14.53600025177 11.3620004653931 13.2270002365112 20.0230007171631 23.7329998016357 25.8390007019043 26.5739994049072 27.8910007476807 28.8400001525879 28.7910003662109 28.2910003662109 27.1690006256104 25.8309993743896 24.4969997406006 22.9169998168945 22.6650009155273 23.0930004119873 21.8490009307861 18.863000869751 17.9979991912842 17.7250003814697 16.875
21.6499996185303 23.2910003662109 24.2740001678467 25.9829998016357 27.6749992370605 29.4699993133545 28.7670001983643 29.0729999542236 28.2490005493164 23.9179992675781 21.7929992675781 18.7220001220703 18.4780006408691 17.2180004119873 16.07200050354 17.7189998626709 17.1630001068115 17.6550006866455 21.9300003051758 23.5709991455078 25.363000869751 25.8640003204346 25.2159996032715 24.9260005950928 19.3279991149902 13.1309995651245 13.9270000457764 18.57200050354 24.5060005187988 26.3859996795654 27.576000213623 28.326000213623 29.306999206543 29.7719993591309 29.1879997253418 27.9740009307861 27.0690002441406 26.1240005493164 25.4720001220703 25.1079998016357 25.0939998626709 23.3050003051758 21.9570007324219 20.2660007476807 20.6079998016357 20.1919994354248
24.3920001983643 24.886999130249 24.8659992218018 27.8549995422363 29.6909999847412 30.3969993591309 30.7110004425049 30.4599990844727 29.7280006408691 26.878999710083 23.2569999694824 19.2959995269775 18.0580005645752 17.7630004882812 15.8599996566772 18.7560005187988 18.0820007324219 18.2040004730225 20.6439990997314 23.7660007476807 25.3339996337891 26.0510005950928 26.1410007476807 25.3899993896484 21.386999130249 16.0790004730225 15.2309999465942 17.3810005187988 23.6149997711182 26.2749996185303 27.6000003814697 28.5750007629395 29.6550006866455 29.7059993743896 29.2439994812012 28.1259994506836 26.5729999542236 26.5240001678467 26.6110000610352 27.0900001525879 26.4759998321533 25.0240001678467 23.8020000457764 21.5909996032715 21.9810009002686 22.7660007476807
25.613000869751 26.2800006866455 26.3719997406006 29.0909996032715 30.3290004730225 31.3159999847412 31.5979995727539 31.1690006256104 29.9179992675781 27.9050006866455 24.2280006408691 22.0230007171631 16.7329998016357 16.1000003814697 16.1630001068115 18.4009990692139 20.8430004119873 20.6049995422363 21.8040008544922 24.6650009155273 25.5820007324219 25.4930000305176 25.5450000762939 24.8899993896484 23.9069995880127 20.2810001373291 18.0279998779297 19.5559997558594 23.3689994812012 24.9839992523193 27.0130004882812 28.1019992828369 28.2040004730225 28.4909992218018 27.8889999389648 27.25 26.2099990844727 27.4230003356934 27.9080009460449 28.2240009307861 27.4580001831055 26.0900001525879 24.9449996948242 23.0200004577637 22.4810009002686 21.4090003967285
25.2530002593994 26.9330005645752 27.1270008087158 29.2000007629395 30.5270004272461 31.5319995880127 31.6159992218018 30.5090007781982 29.7520008087158 27.8129997253418 24.42799949646 20.2409992218018 16.7399997711182 16.8799991607666 14.8090000152588 21.625 22.2880001068115 23.1679992675781 24.4820003509521 25.8169994354248 25.8819999694824 25.3929996490479 25.2709999084473 23.7450008392334 22.621000289917 19.3169994354248 18.7339992523193 19.0580005645752 21.5230007171631 23.1240005493164 25.8899993896484 26.9190006256104 26.2889995574951 26.7719993591309 27.1229991912842 26.6630001068115 26.8279991149902 28.5340003967285 29.1009998321533 29.2240009307861 28.3320007324219 26.1079998016357 25.6949996948242 23.2119998931885 22.8939990997314 22.3099994659424
25.5820007324219 26.742000579834 26.9740009307861 27.4820003509521 29.6310005187988 30.6079998016357 30.7159996032715 30.1119995117188 29.4489994049072 26.8339996337891 25.4680004119873 19.5149993896484 18.3959999084473 19.011999130249 19.4570007324219 22.2840003967285 23.5200004577637 24.4950008392334 26.1800003051758 27.257999420166 27.2310009002686 26.3799991607666 25.3449993133545 22.2509994506836 20.2900009155273 19.2439994812012 19.1979999542236 19.9419994354248 20.4549999237061 21.8279991149902 24.5030002593994 25.5739994049072 25.9790000915527 25.6979999542236 25.5219993591309 25.4200000762939 26.3430004119873 28.5 29.2180004119873 29.0470008850098 28.0349998474121 27.0739994049072 24.6389999389648 22.2910003662109 23.0240001678467 24.1380004882812
25.3500003814697 25.7970008850098 26.0909996032715 26.6410007476807 28.9309997558594 29.8700008392334 29.6959991455078 29.2889995574951 27.7250003814697 25.117000579834 23.6100006103516 19.5590000152588 16.8899993896484 16.1669998168945 17.9330005645752 21.6840000152588 24.3449993133545 25.4020004272461 27.3490009307861 28.371000289917 27.8600006103516 26.5869998931885 25.3570003509521 21.9039993286133 20.6639995574951 18.7929992675781 18.0979995727539 18.2040004730225 18.9720001220703 21.1049995422363 22.9479999542236 23.4710006713867 24.4020004272461 24.0020008087158 24.0219993591309 24.7430000305176 26.2530002593994 27.8330001831055 28.3369998931885 27.7950000762939 27.2080001831055 26.3129997253418 23.5990009307861 23.507999420166 22.2000007629395 22.8530006408691
23.8369998931885 24.3320007324219 25.3530006408691 24.6009998321533 26.0729999542236 28.2569999694824 28.007999420166 28.1359996795654 26.6030006408691 23.9759998321533 21.0149993896484 19.3419990539551 14.5200004577637 16.628999710083 18.4179992675781 19.568000793457 23.0650005340576 25.8299999237061 27.2600002288818 28.4209995269775 28.1959991455078 26.75 25.3600006103516 22.5069999694824 20.8050003051758 19.5149993896484 18.3700008392334 18.0809993743896 17.6019992828369 20.3560009002686 19.8920001983643 21.4020004272461 21.9230003356934 21.8419990539551 23.7819995880127 24.44700050354 25.0249996185303 26.0580005645752 26.3250007629395 26.992000579834 26.9400005340576 26.9839992523193 25.6189994812012 24.5160007476807 21.5830001831055 22.5540008544922
23.8460006713867 24.3579998016357 25.2759990692139 24.7000007629395 26.5389995574951 25.8040008544922 25.5480003356934 25.6219997406006 25.261999130249 23.9570007324219 22.0960006713867 22.4710006713867 19.0499992370605 19.1380004882812 19.7129993438721 21.4519996643066 24.3570003509521 25.6790008544922 26.8799991607666 27.6700000762939 27.1720008850098 26.2900009155273 25.1490001678467 21.7940006256104 21.4990005493164 21.7740001678467 20.132999420166 19.4689998626709 17.9729995727539 16.8740005493164 16.8530006408691 16.8409996032715 17.0629997253418 17.7399997711182 21.6630001068115 23.6499996185303 24.1060009002686 24.6909999847412 25.0669994354248 26.1949996948242 26.6650009155273 27.3090000152588 26.8649997711182 26.5020008087158 22.1429996490479 23.048999786377
22.4419994354248 23.8680000305176 24.7329998016357 25.0109996795654 25.6849994659424 25.6310005187988 25.2910003662109 25.9559993743896 26.30299949646 25.7810001373291 24.5659999847412 22.5319995880127 22.2789993286133 21.7600002288818 21.2719993591309 21.2159996032715 22.8560009002686 24.6620006561279 25.6060009002686 26.2700004577637 26.3129997253418 25.57200050354 23.6639995574951 23.1399993896484 23.6359996795654 24.125 22.9850006103516 22.0960006713867 20.5830001831055 18.4349994659424 16.0979995727539 10.83899974823 12.2279996871948 15.5659999847412 19.6219997406006 21.7089996337891 23.2390003204346 22.94700050354 24.4990005493164 25.9909992218018 27.2280006408691 27.7959995269775 27.371000289917 26.4850006103516 25.0470008850098 24.5149993896484
22.6140003204346 24.0370006561279 24.5919990539551 25.2609996795654 25.9720001220703 26.0860004425049 25.818000793457 26.5270004272461 26.8719997406006 26.5480003356934 26.0650005340576 24.7679996490479 23.636999130249 21.875 21.3099994659424 20.2229995727539 21.4029998779297 22.0279998779297 23.2730007171631 24.3199996948242 24.2600002288818 24.4459991455078 23.2110004425049 24.0459995269775 24.8120002746582 25.048999786377 24.6700000762939 23.0909996032715 21.2900009155273 18.7560005187988 16.8859996795654 10.7749996185303 10.0550003051758 13.7749996185303 16.3759994506836 19.7639999389648 22.363000869751 21.8999996185303 24.6359996795654 26.4120006561279 27.132999420166 28.1000003814697 27.503999710083 26.0429992675781 25.503999710083 25.0389995574951
23.0370006561279 24.0310001373291 25.1690006256104 25.8920001983643 26.2119998931885 26.30299949646 28.4039993286133 29.6089992523193 29.3810005187988 29.2830009460449 29.2159996032715 28.3250007629395 25.7080001831055 23.1679992675781 21.2819995880127 19.7180004119873 18.8899993896484 19.238000869751 20.8229999542236 22.1630001068115 22.2700004577637 23.1849994659424 23.9020004272461 25.5610008239746 25.6809997558594 25.8519992828369 25.1580009460449 23.8600006103516 20.8920001983643 18.5109996795654 14.581000328064 9.29699993133545 8.94499969482422 10.9230003356934 13.3249998092651 18.4029998779297 21.3810005187988 21.9249992370605 23.2970008850098 24.4850006103516 26.5650005340576 27.0550003051758 26.4750003814697 25.5259990692139 25.375 25.5729999542236
21.8400001525879 23.1380004882812 24.8880004882812 25.4829998016357 26.5480003356934 29.2140007019043 31.3339996337891 31.7399997711182 31.5580005645752 31.0979995727539 30.8990001678467 30.4729995727539 27.44700050354 23.3010005950928 18.007999420166 14.8559999465942 17.1060009002686 18.0410003662109 19.4619998931885 20.0230007171631 21.5410003662109 22.9449996948242 24.7859992980957 25.8390007019043 26.1049995422363 27.7859992980957 27.5960006713867 25.9729995727539 22.3969993591309 18.5669994354248 17.9860000610352 14.3420000076294 11.0710000991821 11.5790004730225 12.7430000305176 16.1350002288818 20.5620002746582 21.625 22.4080009460449 23.9909992218018 25.7140007019043 25.6550006866455 25.4169998168945 25.3600006103516 25.9640007019043 26.3110008239746
20.7269992828369 22.2119998931885 23.8770008087158 25.4389991760254 26.1270008087158 31.8279991149902 32.8019981384277 33.1780014038086 33.1290016174316 32.6870002746582 32.1259994506836 31.2530002593994 29 25.9909992218018 22.2040004730225 20.0090007781982 15.6949996948242 13.6350002288818 14.210000038147 16.1609992980957 20.1889991760254 21.7530002593994 24.0610008239746 25.2689990997314 27.2980003356934 29.117000579834 28.8519992828369 27.8729991912842 24.9419994354248 21.6019992828369 22.1480007171631 19.2830009460449 14.3129997253418 11.7030000686646 10.8870000839233 14.25 18.0069999694824 20.9570007324219 21.7770004272461 22.8570003509521 24.4389991760254 23.8500003814697 23.4750003814697 23.5979995727539 25.9139995574951 26.67799949646
20.0009994506836 20.8090000152588 22.9820003509521 25.3050003051758 28.8479995727539 32.9280014038086 33.632999420166 34.2249984741211 34.5859985351562 33.898998260498 32.8089981079102 31.4720001220703 28.7070007324219 26.6189994812012 22.7950000762939 19.6410007476807 15.4680004119873 10.2069997787476 10.4689998626709 10.9980001449585 17.0669994354248 22.0809993743896 23.6429996490479 27.6399993896484 29.9909992218018 30.201000213623 30.5249996185303 28.7490005493164 27.0130004882812 24.0909996032715 22.5049991607666 18.2569999694824 16.0510005950928 14.7419996261597 12.6719999313354 12.4379997253418 16.4990005493164 18.9349994659424 20.8400001525879 23.2639999389648 23.8850002288818 23.9160003662109 23.6520004272461 24.3929996490479 25.3330001831055 26.6900005340576
19.1520004272461 21.378999710083 22.4780006408691 26.0069999694824 29.7150001525879 32.2509994506836 33.5709991455078 34.9799995422363 35.2869987487793 34.2669982910156 33.4939994812012 31.2490005493164 26.7259998321533 25.3159999847412 23.2749996185303 20.8050003051758 16.8729991912842 12.4890003204346 10.543999671936 10.7279996871948 15.8229999542236 24.3819999694824 28.0349998474121 31.4050006866455 31.7649993896484 31.8910007476807 32.0530014038086 31.4850006103516 29.7199993133545 25.625 21.7639999389648 20.6469993591309 18.4409999847412 17.617000579834 15.710000038147 18.5450000762939 20.2870006561279 22.2240009307861 23.7089996337891 24.1590003967285 24.4930000305176 24.7269992828369 25.3229999542236 25.3850002288818 24.8689994812012 26.6830005645752
