01_datasets/03_gis/02_asc_chm-r50m/HS221F.asc
NCOLS 201 
NROWS 201 
XLLCORNER 568489.5 
YLLCORNER 5221639 
CELLSIZE 0.5 
NODATA_value -3.4e+38 
[rows 60 to 79 of 201, columns 46 to 91 of 201]
28.1060009002686 29.2600002288818 30.0599994659424 29.8110008239746 31.136999130249 30.443000793457 29.57200050354 23.701000213623 18.298999786377 18.3799991607666 18.1159992218018 18.8190002441406 19.1730003356934 16.6259994506836 14.9630002975464 13.4650001525879 11.3830003738403 11.543999671936 12.2430000305176 12.96399974823 12.9099998474121 15.293999671936 17.1429996490479 17.4360008239746 17.1310005187988 21.0550003051758 22.8190002441406 23.9820003509521 25.4829998016357 25.4209995269775 25.4559993743896 24.3619995117188 25.8229999542236 25.05299949646 23.0209999084473 19.9200000762939 17.128999710083 16.5349998474121 16.0769996643066 16.306999206543 17.7749996185303 19.7089996337891 20.7479991912842 21.0890007019043 22.2970008850098 21.8950004577637
27.9260005950928 28.1070003509521 27.882999420166 27.57200050354 28.3269996643066 28.8150005340576 28.6599998474121 26.6040000915527 19.5319995880127 17.7119998931885 17.1049995422363 17.8619995117188 17.4360008239746 15.6590003967285 12.9060001373291 12.1120004653931 12.3940000534058 12.6840000152588 15.0389995574951 15.6560001373291 16.8810005187988 16.9260005950928 20.0319995880127 21.4389991760254 21.2299995422363 24.1539993286133 25.9850006103516 26.2439994812012 28.5030002593994 28.5960006713867 27.5830001831055 27.9349994659424 27.8290004730225 25.3740005493164 24.8640003204346 21.5930004119873 16.8929996490479 16.8120002746582 15.6619997024536 15.3870000839233 17.5109996795654 18.8619995117188 19.931999206543 20.621000289917 21.5179996490479 20.8229999542236
29.4720001220703 26.7549991607666 26.2649993896484 25.5729999542236 25.7469997406006 26.4580001831055 27.1749992370605 27.3969993591309 15.0780000686646 15.6520004272461 16.8990001678467 14.9259996414185 15.5310001373291 14.4989995956421 11.6000003814697 11.8870000839233 12.8629999160767 14.2729997634888 16.0779991149902 17.2569999694824 18.2029991149902 19.0820007324219 21.2840003967285 22.05299949646 23.1690006256104 24.7730007171631 26.6569995880127 29.0130004882812 29.8250007629395 29.5799999237061 28.32200050354 30.1399993896484 28.6900005340576 27.4500007629395 27.1599998474121 25.7970008850098 19.94700050354 20.2390003204346 19.2070007324219 16.5009994506836 16.5359992980957 17.6569995880127 18.7299995422363 19.7290000915527 19.9160003662109 19.3279991149902
29.386999130249 27.0009994506836 26.5139999389648 24.7240009307861 23.2819995880127 18.0170001983643 16.431999206543 13.6800003051758 9.76799964904785 9.56700038909912 11.7919998168945 13.7239999771118 13.7950000762939 12.9320001602173 11.9890003204346 12.1899995803833 12.5799999237061 15.3529996871948 16.8470001220703 17.5179996490479 18.4150009155273 20.2490005493164 21.4599990844727 22.132999420166 25.5849990844727 26.988000869751 28.3969993591309 30.0639991760254 30.1849994659424 30.6609992980957 31.1499996185303 31.5709991455078 30.9300003051758 28.867000579834 28.0429992675781 26.3369998931885 22.9309997558594 21.8549995422363 21.8619995117188 19.7719993591309 16.5620002746582 16.4839992523193 17.0699996948242 18.628999710083 18.7639999389648 18.3740005493164
27.9549999237061 26.7210006713867 25.1149997711182 21.5429992675781 10.4309997558594 0.497999995946884 0.601000010967255 0.666000008583069 1.62000000476837 6.95499992370605 6.45699977874756 8.76599979400635 8.07299995422363 9.34799957275391 11.8680000305176 13.3699998855591 14.8540000915527 15.9350004196167 17.4500007629395 18.1119995117188 18.7339992523193 20.7299995422363 21.3929996490479 22.4200000762939 26.0639991760254 27.9300003051758 29.1280002593994 31.3150005340576 31.8519992828369 31.7269992828369 32.0209999084473 31.8649997711182 31.0949993133545 29.80299949646 27.5289993286133 25.6730003356934 23.4969997406006 22.6620006561279 22.3040008544922 18.5949993133545 15.7440004348755 15.3800001144409 16.3899993896484 16.42799949646 17.2929992675781 18.4160003662109
26.132999420166 25.2600002288818 24.5510005950928 19.3610000610352 7.58699989318848 5.75899982452393 0.328999996185303 0.513999998569489 0.523000001907349 4.63299989700317 5.0149998664856 2.50099992752075 4.38800001144409 9.71599960327148 12.9390001296997 15.1160001754761 15.8579998016357 17.0599994659424 17.8190002441406 18.6840000152588 18.4909992218018 20.6280002593994 21.1180000305176 22.6660003662109 25.3090000152588 28.5279998779297 30.2560005187988 33.3610000610352 34.3339996337891 34.1370010375977 34.0919990539551 33.2400016784668 31.2549991607666 29.3990001678467 27.746000289917 26.0919990539551 24.2040004730225 21.693000793457 20.4729995727539 18.1889991760254 14.5500001907349 14.7270002365112 14.4540004730225 15.1680002212524 20.2229995727539 22.003999710083
27.0709991455078 25.4400005340576 24.693000793457 24.3799991607666 21.253999710083 13.8690004348755 2.70000004768372 0.397000014781952 0.407000005245209 3.83699989318848 5.64900016784668 5.65799999237061 8.26900005340576 10.076000213623 11.7189998626709 14.9209995269775 15.5480003356934 16.6229991912842 17.738000869751 18.6469993591309 18.8269996643066 19.9629993438721 20.8099994659424 23.4559993743896 24.2999992370605 28.2560005187988 30.6189994812012 33.6609992980957 35.3530006408691 35.3359985351562 35.382999420166 34.9020004272461 31.9209995269775 29.238000869751 28.4950008392334 27.4009990692139 24.3549995422363 21.6580009460449 20.1669998168945 18.9570007324219 15.7110004425049 16.1700000762939 16.2430000305176 16.4179992675781 21.42799949646 23.4519996643066
31.1110000610352 30.0919990539551 28.8449993133545 26.5890007019043 24.632999420166 21.8099994659424 8.51799964904785 2.67600011825562 0.379000008106232 0.566999971866608 4.82000017166138 2.67799997329712 1.30799996852875 7.94299983978271 8.99100017547607 12.8149995803833 15.121000289917 15.53600025177 17.1669998168945 18.2469997406006 19.1009998321533 19.9729995727539 21.2409992218018 23.2800006866455 24.4370002746582 27.7950000762939 30.6359996795654 33.4339981079102 34.9140014648438 35.2109985351562 35.2820014953613 34.2379989624023 32.0250015258789 29.1650009155273 28.4360008239746 23.6580009460449 23.2409992218018 20.8419990539551 19.8229999542236 19.3700008392334 17.5149993896484 17.1299991607666 16.931999206543 17.1770000457764 22.9750003814697 26.4519996643066
30.8649997711182 30.6909999847412 30.5879993438721 30.4890003204346 28.8369998931885 30.4060001373291 22.8299999237061 14.2239999771118 5.6729998588562 5.54099988937378 4.79300022125244 2.18300008773804 1.52199995517731 3.67700004577637 9.47900009155273 11.1669998168945 14.1459999084473 15.5699996948242 17.3409996032715 18.4249992370605 19.8290004730225 20.7189998626709 20.9200000762939 23.1870002746582 24.4270000457764 26.3680000305176 29.5370006561279 30.9120006561279 33.2970008850098 34.6520004272461 34.7249984741211 33.5089988708496 31.3010005950928 28.7129993438721 28.1100006103516 24.681999206543 23.1889991760254 21.7140007019043 19.5580005645752 18.5659999847412 17.9370002746582 17.9039993286133 17.2670001983643 17.7019996643066 23.8850002288818 26.5960006713867
30.6200008392334 30.6070003509521 30.57200050354 30.8320007324219 31.0839996337891 31.1940002441406 25.625 20.7709999084473 11.0780000686646 7.05600023269653 6.66699981689453 3.61800003051758 1.92200005054474 1.32099997997284 9.46500015258789 12.6459999084473 15.4870004653931 16.7569999694824 17.9829998016357 18.5939998626709 20.0769996643066 24.0300006866455 25.2290000915527 27.1959991455078 26.3799991607666 27.5410003662109 27.8950004577637 29.8169994354248 32.3950004577637 33.6080017089844 33.3429985046387 32.3050003051758 29.9990005493164 28.0139999389648 27.5520000457764 24.7119998931885 23.5860004425049 22.9500007629395 17.6040000915527 19.3490009307861 19.7220001220703 19.8150005340576 20.2789993286133 20.0209999084473 22.753999710083 26.1520004272461
30.636999130249 30.6889991760254 30.8460006713867 30.8969993591309 30.6749992370605 30.7070007324219 27.3889999389648 16.7119998931885 13.1049995422363 11.0600004196167 7.50099992752075 3.14199995994568 3.07699990272522 2.65300011634827 7.51800012588501 12.6169996261597 15.0679998397827 16.6639995574951 17.9349994659424 18.4220008850098 20.1009998321533 23.3080005645752 26.0230007171631 27.9479999542236 28.0149993896484 28.261999130249 28.6159992218018 29.7469997406006 32.1559982299805 30.82200050354 30.1439990997314 29.6679992675781 27.5909996032715 26.568000793457 26.9549999237061 23.4169998168945 22.92799949646 21.8549995422363 20.3099994659424 19.9139995574951 20.4599990844727 20.8269996643066 21.5429992675781 21.6550006866455 23.371000289917 26.0520000457764
30.7689990997314 31.128999710083 31.5970001220703 31.1520004272461 30.3400001525879 30.0559997558594 23.7770004272461 15.6850004196167 14.9589996337891 14.6389999389648 12.9659996032715 9.07199954986572 8.69299983978271 8.60700035095215 9.83100032806396 12.7770004272461 14.9010000228882 16.4829998016357 16.8460006713867 17.2360000610352 18.7019996643066 21.7999992370605 25.5639991760254 27.5979995727539 28.6110000610352 30.0319995880127 30.6469993591309 29.9440002441406 28.0820007324219 27.5939998626709 27.867000579834 26.9829998016357 25.8139991760254 26.6159992218018 24.7630004882812 22.5470008850098 20.173999786377 19.488000869751 19.1919994354248 19.6569995880127 21.1200008392334 22.3120002746582 22.8850002288818 22.4669990539551 22.3570003509521 25.4479999542236
31.3719997406006 31.5769996643066 31.673999786377 31.5610008239746 30.9150009155273 30.4710006713867 26.0069999694824 23.1499996185303 17.0069999694824 16.6569995880127 14.5500001907349 13.2189998626709 12.4200000762939 12.1479997634888 9.57900047302246 11.6890001296997 13.6540002822876 15.5329999923706 15.2370004653931 17.80299949646 21.298999786377 25.1730003356934 27.5470008850098 29.5799999237061 30.2169990539551 31.1319999694824 31.4629993438721 30.0189990997314 29.4379997253418 28.9570007324219 28.7150001525879 28.128999710083 27.0690002441406 24.4109992980957 23.6100006103516 19.5400009155273 18.3980007171631 18.4330005645752 19.3729991912842 20.3799991607666 22.386999130249 23.7019996643066 23.931999206543 23.5419998168945 23.0440006256104 23.9570007324219
31.1590003967285 31.55299949646 31.7140007019043 31.5380001068115 30.806999206543 30.2350006103516 28.8729991912842 23.9130001068115 18.3309993743896 17.0149993896484 15.0150003433228 14.418999671936 13.1730003356934 11.53600025177 5.88700008392334 5.3899998664856 9.69900035858154 13.6660003662109 13.6549997329712 16.0629997253418 21.701000213623 25.80299949646 27.1900005340576 27.5459995269775 30.173999786377 31.798999786377 31.9249992370605 31.5610008239746 29.7140007019043 29.173999786377 29.0540008544922 28.7959995269775 26.4580001831055 22.6200008392334 21.3080005645752 19.4599990844727 18.636999130249 18.3649997711182 19.382999420166 20.451000213623 22.6720008850098 24.3700008392334 24.8880004882812 24.492000579834 22.8330001831055 22.0739994049072
30.7719993591309 31.1749992370605 31.4720001220703 31.2670001983643 30.2280006408691 29.9860000610352 26.2779998779297 18.5429992675781 18.761999130249 17.1200008392334 15.4589996337891 13.6020002365112 13.2869997024536 9.87600040435791 6.66499996185303 3.58899998664856 2.30399990081787 6.40999984741211 9.57400035858154 11.5200004577637 21.8490009307861 25.882999420166 25.7509994506836 29.0069999694824 30.8610000610352 31.9459991455078 32.1220016479492 31.6940002441406 30.576000213623 29.5930004119873 28.3460006713867 28.0109996795654 26.2819995880127 22.1399993896484 19.1509990692139 16.9349994659424 17.2040004730225 17.9750003814697 19.6539993286133 20.7880001068115 22.9340000152588 23.7980003356934 24.1450004577637 24.1119995117188 23.0869998931885 20.8150005340576
29.1429996490479 29.9599990844727 30.7639999389648 30.7880001068115 30.3780002593994 29.7220001220703 24.7789993286133 18.9519996643066 18.5839996337891 16.9190006256104 15.2910003662109 14.3590002059937 14.1470003128052 6.39200019836426 6.17199993133545 5.39300012588501 1.83200001716614 0.810999989509583 0.532999992370605 9.55200004577637 22.07200050354 24.992000579834 26.8560009002686 29.9179992675781 30.6900005340576 31.5440006256104 31.8400001525879 31.6350002288818 31.1459999084473 30.5809993743896 28.8850002288818 27.6770000457764 24.2450008392334 22.4680004119873 19.5020008087158 14.9549999237061 15.8380002975464 16.8579998016357 18.931999206543 20.3549995422363 21.673999786377 22.1180000305176 22.3640003204346 22.1520004272461 20.6889991760254 19.818000793457
28.5879993438721 29.8659992218018 30.3680000305176 29.9829998016357 28.9710006713867 28.7950000762939 27.3339996337891 19.8810005187988 18.0590000152588 17.0960006713867 15.4460000991821 13.8719997406006 13.5380001068115 10.2130002975464 8.125 4.73699998855591 1.46599996089935 0.352999985218048 0.277999997138977 13.8070001602173 20.443000793457 24.55299949646 27.0349998474121 29.0400009155273 29.4139995574951 30.4500007629395 30.9290008544922 31.3589992523193 30.681999206543 28.8500003814697 28.4090003967285 26.9440002441406 23.6159992218018 22.3209991455078 18.1760005950928 10.2790002822876 12.7690000534058 15.923999786377 17.7089996337891 19.7129993438721 20.4680004119873 20.1110000610352 20.3640003204346 20.4230003356934 19.9769992828369 19.5429992675781
25.1590003967285 28.0170001983643 27.5179996490479 26.2929992675781 25.2269992828369 24.4829998016357 23.8040008544922 18.5429992675781 17.0960006713867 16.4139995574951 12.7410001754761 12.1750001907349 11.2410001754761 9.70100021362305 9.17599964141846 6.55299997329712 3.56800007820129 2.52699995040894 4.80600023269653 16.5340003967285 22.2240009307861 25.1599998474121 25.6359996795654 28.9060001373291 28.7730007171631 29.7490005493164 29.7430000305176 29.9099998474121 29.05299949646 26.5879993438721 25.6189994812012 25.8050003051758 23.9519996643066 21 11.9340000152588 9.1879997253418 10.4940004348755 12.2760000228882 15.1280002593994 17.8819999694824 19.6189994812012 19.92799949646 20.2770004272461 20.1940002441406 19.7099990844727 19.3659992218018
22.375 24.9580001831055 24.3309993743896 23.125 22.261999130249 21.0400009155273 19.94700050354 17.1560001373291 16.6229991912842 14.9350004196167 12.4519996643066 12.0690002441406 11.8409996032715 10.0970001220703 9.22000026702881 5.70300006866455 5.57000017166138 10.83899974823 16.0340003967285 22.2819995880127 25.1410007476807 28.0799999237061 29.117000579834 29.5090007781982 29.4829998016357 29.6119995117188 28.1229991912842 28.0340003967285 27.3500003814697 25.8139991760254 25.1089992523193 25.2369995117188 21.3519992828369 18.511999130249 11.789999961853 9.2819995880127 9.91800022125244 12.1669998168945 13.7019996643066 14.1319999694824 16.798999786377 18.1609992980957 18.8159999847412 20.011999130249 19.8519992828369 19.5410003662109
22.3950004577637 21.7749996185303 19.9559993743896 19.3460006713867 19.7269992828369 18.7830009460449 17.0550003051758 16.1959991455078 15.7720003128052 14.7510004043579 12.8850002288818 12.3909997940063 12.41100025177 8.36499977111816 6.92600011825562 8.61299991607666 13.4020004272461 17.5869998931885 21.7719993591309 23.4720001220703 26.6709995269775 29.1159992218018 30.1830005645752 30.7759990692139 30.8549995422363 29.3020000457764 26.3490009307861 26.5839996337891 25.30299949646 24.1189994812012 23.806999206543 22.0919990539551 17.1070003509521 17.2590007781982 12.2239999771118 8.20499992370605 10.8999996185303 13.2709999084473 14.043999671936 14.1949996948242 14.7829999923706 15.4499998092651 16.0650005340576 17.8379993438721 19.9050006866455 20.8780002593994
