01_datasets/03_gis/02_asc_chm-r50m/HS22X5.asc
NCOLS 200 
NROWS 200 
XLLCORNER 567751.5 
YLLCORNER 5221754 
CELLSIZE 0.5 
NODATA_value -3.4e+38 
[rows 120 to 139 of 200, columns 0 to 45 of 200]
-3.4e+38 -3.4e+38 -3.4e+38 18.0559997558594 16.2999992370605 14.4569997787476 13.9949998855591 13.1809997558594 10.2469997406006 12.3990001678467 16.3689994812012 16.4009990692139 19.0550003051758 27.738000869751 35.5099983215332 36.0859985351562 37.560001373291 38.7949981689453 39.125 38.6809997558594 37.6619987487793 36.515998840332 34.1969985961914 31.7029991149902 26.7450008392334 21.1060009002686 15.4670000076294 9.82800006866455 4.03800010681152 2.91300010681152 3.43499994277954 3.52500009536743 6.18400001525879 10.4399995803833 15.210000038147 19.0580005645752 24.8129997253418 28.9610004425049 31.1720008850098 32.148998260498 34.7000007629395 35.1110000610352 36.5740013122559 35.806999206543 34.4679985046387 34.5900001525879
-3.4e+38 -3.4e+38 -3.4e+38 13.4689998626709 14.4469995498657 12.8170003890991 12.1969995498657 11.9980001449585 12.5839996337891 15.6049995422363 17.5160007476807 17.2469997406006 18.1660003662109 24.6149997711182 33.7669982910156 35.9710006713867 37.951000213623 38.564998626709 38.9070014953613 38.4160003662109 37.5229988098145 36.3209991455078 33.992000579834 29.9039993286133 26.7719993591309 20.6310005187988 14.4890003204346 8.34799957275391 3.10999989509583 2.60899996757507 3.26799988746643 3.67499995231628 9.52700042724609 13.7819995880127 19.4990005493164 23.681999206543 28.2290000915527 29.7919998168945 31.17799949646 34.1720008850098 35.9049987792969 36.9309997558594 38.5180015563965 38.6679992675781 37.0400009155273 35.9309997558594
-3.4e+38 -3.4e+38 -3.4e+38 10.831000328064 9.45199966430664 9.95199966430664 11.8280000686646 12.3690004348755 13.8280000686646 17.5030002593994 18.6380004882812 24.1420001983643 25.5900001525879 28.9489994049072 31.0060005187988 34.9799995422363 36.5400009155273 37.4090003967285 37.726001739502 37.4609985351562 37.1020011901855 35.5849990844727 34.6319999694824 31.8519992828369 25.7110004425049 19.7849998474121 14.0930004119873 8.40200042724609 5.15500020980835 3.95900011062622 2.85999989509583 3.18300008773804 7.95300006866455 13.7229995727539 19.5319995880127 26.4540004730225 28.4459991455078 30.3519992828369 32.0719985961914 35.3240013122559 37.1829986572266 38.2410011291504 39.556999206543 40.2490005493164 39.673999786377 38.189998626709
-3.4e+38 -3.4e+38 -3.4e+38 -3.4e+38 4.88000011444092 5.7810001373291 10.5640001296997 13.8210000991821 16.5330009460449 18.8950004577637 23.8470001220703 28.7759990692139 28.8589992523193 29.3449993133545 31.6569995880127 34.2200012207031 35.6049995422363 35.9370002746582 36.1800003051758 36.3279991149902 35.7669982910156 33.9659996032715 32.6879997253418 31.25 25.5580005645752 19.867000579834 14.1750001907349 9.0959997177124 7.20100021362305 5.98000001907349 4.88100004196167 3.94600009918213 5.00699996948242 13.0240001678467 21.9489994049072 26.9680004119873 28.4230003356934 31.3379993438721 33.4370002746582 35.6860008239746 38.2369995117188 39.8979988098145 41.1520004272461 41.5149993896484 40.6500015258789 39.0670013427734
-3.4e+38 -3.4e+38 -3.4e+38 -3.4e+38 3.63199996948242 8.66800022125244 12.3649997711182 14.7069997787476 18.1630001068115 21.5109996795654 23.011999130249 25.0890007019043 29.6790008544922 30.1149997711182 32.5789985656738 34.4150009155273 35.5 35.7519989013672 35.8790016174316 35.0859985351562 34.3639984130859 32.773998260498 30.6100006103516 30.3810005187988 25.6399993896484 19.9489994049072 14.2569999694824 11.1420001983643 9.24699974060059 8.00100040435791 6.90199995040894 7.05999994277954 8.01799964904785 15.9809999465942 22.0659999847412 25.9340000152588 31.3409996032715 32.951000213623 33.5060005187988 35.6510009765625 38.0149993896484 39.8460006713867 41.2190017700195 41.5579986572266 40.7439994812012 38.4900016784668
-3.4e+38 -3.4e+38 -3.4e+38 -3.4e+38 11.7729997634888 13.8000001907349 14.9849996566772 15.5989999771118 22.1140003204346 28.4500007629395 27.5979995727539 27.4419994354248 31.492000579834 32.7719993591309 34.3569984436035 34.9630012512207 35.4329986572266 35.7690010070801 35.7680015563965 34.492000579834 33.5670013427734 33.0289993286133 30.8269996643066 28.7770004272461 25.488000869751 20.0310001373291 15.0830001831055 13.1870002746582 11.2919998168945 10.0229997634888 9.0019998550415 10.1750001907349 11.4460000991821 16.6270008087158 21.2299995422363 25.8990001678467 30.738000869751 32.7270011901855 33.2910003662109 33.5499992370605 36.9819984436035 39.3740005493164 39.7820014953613 40.193000793457 39.326000213623 38.3079986572266
-3.4e+38 -3.4e+38 -3.4e+38 -3.4e+38 19.6630001068115 24.9069995880127 24.3320007324219 19.5230007171631 25.3859996795654 30.3729991912842 30.738000869751 30.8129997253418 32.1040000915527 33.625 35.5610008239746 36.4309997558594 35.939998626709 36.1870002746582 36.3059997558594 33.4620018005371 32.7459983825684 32.298999786377 28.8339996337891 24.4669990539551 23.1760005950928 20.113000869751 17.1280002593994 15.2329998016357 13.3380002975464 12.043999671936 12.0179996490479 12.8839998245239 11.8129997253418 15.6929998397827 20.1119995117188 26.2129993438721 29.4099998474121 31.3659992218018 32.8359985351562 33.6689987182617 34.3759994506836 36.3349990844727 38.5009994506836 38.4269981384277 37.7000007629395 37.2709999084473
-3.4e+38 -3.4e+38 -3.4e+38 -3.4e+38 25.2019996643066 29.0209999084473 25.761999130249 20.5100002288818 21.4589996337891 28.1350002288818 31.6070003509521 31.8439998626709 31.9930000305176 33.8079986572266 36.5 37.4539985656738 36.8359985351562 36.8120002746582 36.2879981994629 32.798999786377 33.0660018920898 32.9570007324219 28.3990001678467 21.382999420166 20.6870002746582 19.693000793457 18.5659999847412 16.5440006256104 15.3830003738403 14.1969995498657 14.0129995346069 12.7709999084473 11.5290002822876 11.5389995574951 17.7959995269775 25.2250003814697 29.613000869751 32.4080009460449 32.6780014038086 32.8639984130859 34.5439987182617 34.8400001525879 36.9300003051758 37.5610008239746 37.6609992980957 37.564998626709
-3.4e+38 -3.4e+38 -3.4e+38 -3.4e+38 30.8920001983643 31.7830009460449 26.5109996795654 18.0139999389648 24.4300003051758 30.451000213623 31.9599990844727 33.1310005187988 33.3759994506836 35.125 36.5439987182617 38.0320014953613 37.9869995117188 37.8650016784668 37.7599983215332 36.0029983520508 34.7919998168945 34.5229988098145 30.5699996948242 27.0049991607666 20.4839992523193 19.5139999389648 19.9020004272461 20.1809997558594 19.382999420166 17.568000793457 17.6240005493164 14.6890001296997 12.4799995422363 14.753999710083 17.4190006256104 22.0249996185303 25.2399997711182 32.4230003356934 31.8209991455078 32.3009986877441 34.818000793457 36.742000579834 37.0610008239746 38.0050010681152 38.1450004577637 38.0279998779297
-3.4e+38 -3.4e+38 -3.4e+38 -3.4e+38 -3.4e+38 30.6319999694824 29.2719993591309 20.4009990692139 25.0410003662109 29.3349990844727 32.3310012817383 33.5769996643066 34.4659996032715 36.3919982910156 37.673999786377 39.0610008239746 39.7490005493164 39.564998626709 39.4679985046387 37.4280014038086 35.3440017700195 35.3349990844727 33.8629989624023 28.1790008544922 20.2189998626709 20.7210006713867 21.7059993743896 23.3369998931885 22.4449996948242 20.94700050354 19.8490009307861 18.257999420166 14.7159996032715 11.0389995574951 15.3190002441406 16.6569995880127 21.0170001983643 31.2749996185303 33.435001373291 35.6769981384277 36.2280006408691 37.6389999389648 38.5019989013672 39.2569999694824 39.5 38.8530006408691
-3.4e+38 -3.4e+38 -3.4e+38 -3.4e+38 -3.4e+38 29.2810001373291 31.8379993438721 26.3110008239746 17.0559997558594 18.3059997558594 32.6049995422363 33.6580009460449 34.7519989013672 37.25 38.2360000610352 39.7779998779297 40.7680015563965 40.5929985046387 40.3269996643066 38.189998626709 36.5149993896484 35.1749992370605 33.2490005493164 31.5699996948242 26.0209999084473 24.7259998321533 24.613000869751 25.3379993438721 24.5209999084473 23.0090007781982 23.0970001220703 20.6669998168945 16.951000213623 13.2349996566772 10.9399995803833 13.7779998779297 17.25 29.2810001373291 34.0419998168945 35.8289985656738 36.9410018920898 37.6129989624023 38.6590003967285 40.2350006103516 40.7830009460449 40.193000793457
-3.4e+38 -3.4e+38 -3.4e+38 -3.4e+38 -3.4e+38 31.4890003204346 33.201000213623 31.1450004577637 29.5410003662109 30.5769996643066 32.8489990234375 33.7089996337891 34.5769996643066 35.8520011901855 38.1059989929199 39.5960006713867 41.007999420166 41.0169982910156 40.5670013427734 39.5349998474121 38.0870018005371 35.6459999084473 32.6910018920898 31.193000793457 26.8770008087158 23.2210006713867 25.30299949646 26.0480003356934 25.4080009460449 24.0130004882812 22.7029991149902 17.7630004882812 15.0909996032715 12.5559997558594 13.8669996261597 22.5659999847412 26.6189994812012 30.7369995117188 33.1440010070801 35.2480010986328 36.4339981079102 37.6839981079102 38.9280014038086 39.0390014648438 40.7190017700195 40.484001159668
-3.4e+38 -3.4e+38 -3.4e+38 -3.4e+38 -3.4e+38 -3.4e+38 32.3629989624023 30.2080001831055 28.9190006256104 29.3819999694824 30.6149997711182 33.6500015258789 35.1629981994629 35.5309982299805 37.1370010375977 38.4819984436035 39.8709983825684 40.6049995422363 40.1279983520508 39.2929992675781 37.7569999694824 35.6730003356934 31.9440002441406 28.4640007019043 24.8339996337891 23.0200004577637 25.1900005340576 26.1650009155273 26.32200050354 24.4820003509521 21.7180004119873 16.3110008239746 15.8070001602173 19.2719993591309 22.7369995117188 29.0610008239746 30.7929992675781 31.7040004730225 33.1980018615723 34.6749992370605 36.4659996032715 37.4550018310547 38.076000213623 39.2849998474121 39.7649993896484 39.943000793457
-3.4e+38 -3.4e+38 -3.4e+38 -3.4e+38 -3.4e+38 -3.4e+38 24.8090000152588 24.3579998016357 20.2670001983643 14.628999710083 30.4610004425049 32.935001373291 34.6020011901855 35.5880012512207 36.3199996948242 37.2509994506836 37.9640007019043 38.9199981689453 38.7159996032715 37.5260009765625 36.2130012512207 35.0149993896484 31.7469997406006 30.6679992675781 29.8120002746582 27.3640003204346 26.8080005645752 25.8950004577637 24.7870006561279 23.1879997253418 17.7029991149902 15.4020004272461 15.1619997024536 20.7469997406006 22.5629997253418 29.0179996490479 31.8099994659424 31.9200000762939 33.3240013122559 34.8650016784668 35.9710006713867 36.9869995117188 37.9799995422363 39.1809997558594 39.1640014648438 38.515998840332
-3.4e+38 -3.4e+38 -3.4e+38 -3.4e+38 -3.4e+38 -3.4e+38 -3.4e+38 19.4270000457764 17.5470008850098 24.6229991912842 29.5410003662109 32.1809997558594 32.9049987792969 33.4819984436035 35.8979988098145 36.3569984436035 36.3650016784668 36.976001739502 36.6370010375977 35.9570007324219 35.4749984741211 35.1230010986328 31.6030006408691 30.1879997253418 29.4759998321533 28.4799995422363 27.8920001983643 26.4130001068115 24.9179992675781 21.9699993133545 20.8309993743896 17.1730003356934 16.5849990844727 6.90799999237061 20.9300003051758 28.4909992218018 29.5380001068115 31.9300003051758 33.6259994506836 34.2589988708496 35.4300003051758 36.8889999389648 37.951000213623 38.1570014953613 38.1189994812012 37.6430015563965
-3.4e+38 -3.4e+38 -3.4e+38 -3.4e+38 -3.4e+38 -3.4e+38 -3.4e+38 18.5869998931885 25.0960006713867 24.3269996643066 28.6110000610352 31.3090000152588 32.1310005187988 33.3019981384277 33.5620002746582 34.8460006713867 35.6230010986328 35.3629989624023 34.9249992370605 34.1559982299805 34.1990013122559 33.0989990234375 30.3470001220703 29.3209991455078 32.0629997253418 31.3680000305176 30.8169994354248 29.1889991760254 26.617000579834 26.5669994354248 25.5020008087158 21.0200004577637 19.6730003356934 18.3990001678467 25.4379997253418 27.5219993591309 27.9740009307861 30.7189998626709 32.4770011901855 33.2599983215332 33.5019989013672 35.6710014343262 36.318000793457 36.7680015563965 37.0670013427734 36.3950004577637
-3.4e+38 -3.4e+38 -3.4e+38 -3.4e+38 -3.4e+38 -3.4e+38 -3.4e+38 -3.4e+38 15.3170003890991 17.4810009002686 24.9179992675781 30.6709995269775 31.5669994354248 33.5379981994629 33.7080001831055 34.4500007629395 33.9749984741211 33.9990005493164 33.056999206543 32.3129997253418 32.4980010986328 31.7689990997314 30.4090003967285 31.0270004272461 33.1889991760254 33.5870018005371 33.5769996643066 32.6349983215332 30.2859992980957 27.7730007171631 26.3339996337891 21.492000579834 20.3880004882812 20.1760005950928 21.613000869751 17.7670001983643 30.4780006408691 32.382999420166 32.8219985961914 33.8089981079102 33.8190002441406 34.8219985961914 34.976001739502 35.4480018615723 35.2560005187988 34.3300018310547
-3.4e+38 -3.4e+38 -3.4e+38 -3.4e+38 -3.4e+38 -3.4e+38 -3.4e+38 -3.4e+38 19.7490005493164 18.2360000610352 26.5109996795654 31.7980003356934 32.7070007324219 33.8769989013672 34.0480003356934 32.9469985961914 32.443000793457 32.1920013427734 31.1560001373291 29.6119995117188 30.3780002593994 29.8929996490479 32.4790000915527 32.7799987792969 33.8600006103516 34.890998840332 34.3689994812012 33.5369987487793 33.4650001525879 27.0769996643066 23.2259998321533 19.632999420166 19.7639999389648 17.7000007629395 15.5089998245239 4.93499994277954 19.6590003967285 33.318000793457 34.7229995727539 35.5130004882812 35.3650016784668 34.798999786377 34.5250015258789 33.9630012512207 33.1160011291504 32.8330001831055
-3.4e+38 -3.4e+38 -3.4e+38 -3.4e+38 -3.4e+38 -3.4e+38 -3.4e+38 -3.4e+38 -3.4e+38 19.3759994506836 31.7530002593994 32.773998260498 33.4710006713867 34.6609992980957 35.4650001525879 33.6500015258789 31.7000007629395 32.0190010070801 30.4710006713867 25.7000007629395 26.5849990844727 30.0020008087158 33.6040000915527 34.9580001831055 35.0519981384277 36.0830001831055 35.9449996948242 35.2050018310547 33.9770011901855 22.8439998626709 19.1749992370605 17.7169990539551 17.2929992675781 14.7340002059937 13.2829999923706 10.835000038147 16.7080001831055 30.068000793457 35.6119995117188 36.0530014038086 36.0200004577637 35.1749992370605 34.556999206543 33.3540000915527 32.4830017089844 31.7910003662109
-3.4e+38 -3.4e+38 -3.4e+38 -3.4e+38 -3.4e+38 -3.4e+38 -3.4e+38 -3.4e+38 -3.4e+38 26.3379993438721 30.9069995880127 33.0180015563965 35.109001159668 36.5810012817383 36.7379989624023 35.9860000610352 34.5390014648438 33.6720008850098 22.9829998016357 21.9740009307861 25.2129993438721 30.238000869751 33.935001373291 35.4609985351562 36.5890007019043 36.9819984436035 37.0699996948242 35.7070007324219 34.476001739502 29.1760005950928 18.3349990844727 17.9440002441406 16.1439990997314 16.3570003509521 13.1070003509521 16.2830009460449 26.6149997711182 33.4179992675781 35.8849983215332 36.2719993591309 36.4959983825684 35.5419998168945 34.5769996643066 33.2179985046387 30.9099998474121 30.2240009307861
