01_datasets/03_gis/02_asc_chm-r50m/HS22X5.asc
NCOLS 200 
NROWS 200 
XLLCORNER 567751.5 
YLLCORNER 5221754 
CELLSIZE 0.5 
NODATA_value -3.4e+38 
[rows 0 to 19 of 200, columns 46 to 91 of 200]
-3.4e+38 -3.4e+38 -3.4e+38 -3.4e+38 -3.4e+38 -3.4e+38 -3.4e+38 -3.4e+38 -3.4e+38 -3.4e+38 -3.4e+38 -3.4e+38 -3.4e+38 -3.4e+38 -3.4e+38 -3.4e+38 -3.4e+38 -3.4e+38 -3.4e+38 -3.4e+38 -3.4e+38 -3.4e+38 -3.4e+38 -3.4e+38 -3.4e+38 -3.4e+38 -3.4e+38 -3.4e+38 -3.4e+38 -3.4e+38 -3.4e+38 -3.4e+38 -3.4e+38 -3.4e+38 -3.4e+38 -3.4e+38 -3.4e+38 -3.4e+38 -3.4e+38 -3.4e+38 -3.4e+38 -3.4e+38 -3.4e+38 -3.4e+38 -3.4e+38 -3.4e+38
-3.4e+38 -3.4e+38 -3.4e+38 -3.4e+38 -3.4e+38 -3.4e+38 -3.4e+38 -3.4e+38 -3.4e+38 -3.4e+38 -3.4e+38 -3.4e+38 -3.4e+38 -3.4e+38 -3.4e+38 -3.4e+38 -3.4e+38 -3.4e+38 -3.4e+38 -3.4e+38 -3.4e+38 -3.4e+38 -3.4e+38 -3.4e+38 -3.4e+38 -3.4e+38 -3.4e+38 -3.4e+38 -3.4e+38 -3.4e+38 -3.4e+38 -3.4e+38 -3.4e+38 -3.4e+38 -3.4e+38 -3.4e+38 -3.4e+38 -3.4e+38 -3.4e+38 -3.4e+38 -3.4e+38 -3.4e+38 -3.4e+38 -3.4e+38 -3.4e+38 16.2639999389648
-3.4e+38 -3.4e+38 -3.4e+38 -3.4e+38 -3.4e+38 -3.4e+38 -3.4e+38 -3.4e+38 -3.4e+38 -3.4e+38 -3.4e+38 -3.4e+38 -3.4e+38 -3.4e+38 -3.4e+38 -3.4e+38 -3.4e+38 -3.4e+38 -3.4e+38 -3.4e+38 -3.4e+38 -3.4e+38 -3.4e+38 -3.4e+38 -3.4e+38 -3.4e+38 -3.4e+38 -3.4e+38 -3.4e+38 -3.4e+38 -3.4e+38 -3.4e+38 -3.4e+38 -3.4e+38 -3.4e+38 -3.4e+38 -3.4e+38 -3.4e+38 -3.4e+38 20.6650009155273 16.9130001068115 18.0510005950928 18.2350006103516 18.4099998474121 18.3299999237061 18.4990005493164
-3.4e+38 -3.4e+38 -3.4e+38 -3.4e+38 -3.4e+38 -3.4e+38 -3.4e+38 -3.4e+38 -3.4e+38 -3.4e+38 -3.4e+38 -3.4e+38 -3.4e+38 -3.4e+38 -3.4e+38 -3.4e+38 -3.4e+38 -3.4e+38 -3.4e+38 -3.4e+38 -3.4e+38 -3.4e+38 -3.4e+38 -3.4e+38 -3.4e+38 -3.4e+38 -3.4e+38 -3.4e+38 -3.4e+38 -3.4e+38 -3.4e+38 -3.4e+38 -3.4e+38 -3.4e+38 24.6299991607666 23.4610004425049 19.5939998626709 16.003999710083 16.6959991455078 17.0410003662109 17.8640003204346 18.4549999237061 20.0809993743896 21.1259994506836 18.8330001831055 25.8080005645752
-3.4e+38 -3.4e+38 -3.4e+38 -3.4e+38 -3.4e+38 -3.4e+38 -3.4e+38 -3.4e+38 -3.4e+38 -3.4e+38 -3.4e+38 -3.4e+38 -3.4e+38 -3.4e+38 -3.4e+38 -3.4e+38 -3.4e+38 -3.4e+38 -3.4e+38 -3.4e+38 -3.4e+38 -3.4e+38 -3.4e+38 -3.4e+38 -3.4e+38 -3.4e+38 -3.4e+38 -3.4e+38 34.6679992675781 34.4519996643066 33.5589981079102 31.5030002593994 30.9069995880127 28.8139991760254 26.7369995117188 23.0009994506836 19.7409992218018 16.576000213623 16.8729991912842 17.3290004730225 17.2409992218018 18.9139995574951 22.8379993438721 25.9459991455078 25.2439994812012 29.7509994506836
-3.4e+38 -3.4e+38 -3.4e+38 -3.4e+38 -3.4e+38 -3.4e+38 -3.4e+38 -3.4e+38 -3.4e+38 -3.4e+38 -3.4e+38 -3.4e+38 -3.4e+38 -3.4e+38 -3.4e+38 -3.4e+38 -3.4e+38 -3.4e+38 -3.4e+38 -3.4e+38 -3.4e+38 -3.4e+38 -3.4e+38 -3.4e+38 32.1339988708496 34.4539985656738 35.8520011901855 36.193000793457 36.3730010986328 34.9049987792969 34.2519989013672 32.6570014953613 30.0160007476807 28.5919990539551 26.1340007781982 23.9799995422363 19.9340000152588 16.9309997558594 16.4790000915527 17.6770000457764 17.5130004882812 19.1299991607666 20.1490001678467 28.3369998931885 29.7220001220703 31.132999420166
-3.4e+38 -3.4e+38 -3.4e+38 -3.4e+38 -3.4e+38 -3.4e+38 -3.4e+38 -3.4e+38 -3.4e+38 -3.4e+38 -3.4e+38 -3.4e+38 -3.4e+38 -3.4e+38 -3.4e+38 -3.4e+38 -3.4e+38 -3.4e+38 -3.4e+38 -3.4e+38 -3.4e+38 30.431999206543 29.5610008239746 29.4699993133545 32.4189987182617 33.3689994812012 34.9080009460449 35.568000793457 35.5509986877441 34.5559997558594 33.2200012207031 31.4950008392334 28.2749996185303 27.8150005340576 25.2870006561279 23.5510005950928 15.6730003356934 16.6800003051758 17.068000793457 17.5839996337891 18.6720008850098 19.2390003204346 19.8929996490479 26.9459991455078 31.1459999084473 32.632999420166
-3.4e+38 -3.4e+38 -3.4e+38 -3.4e+38 -3.4e+38 -3.4e+38 -3.4e+38 -3.4e+38 -3.4e+38 -3.4e+38 -3.4e+38 -3.4e+38 -3.4e+38 -3.4e+38 -3.4e+38 -3.4e+38 -3.4e+38 -3.4e+38 -3.4e+38 32.7169990539551 31.423999786377 30.1669998168945 30.0869998931885 29.8159999847412 30.7059993743896 31.068000793457 33.3639984130859 34.4669990539551 34.3240013122559 33.8170013427734 31.8990001678467 30.0520000457764 26.5879993438721 25.1259994506836 22.5990009307861 21.7479991912842 19.1350002288818 17.4759998321533 16.2999992370605 16.6940002441406 17.9839992523193 19.2660007476807 22.757999420166 30.5259990692139 31.6079998016357 32.9339981079102
-3.4e+38 -3.4e+38 -3.4e+38 -3.4e+38 -3.4e+38 -3.4e+38 -3.4e+38 -3.4e+38 -3.4e+38 -3.4e+38 -3.4e+38 -3.4e+38 -3.4e+38 -3.4e+38 -3.4e+38 -3.4e+38 -3.4e+38 36.1640014648438 35.1669998168945 34.882999420166 31.6480007171631 29.9099998474121 29.753999710083 29.5960006713867 30.0049991607666 30.2110004425049 31.5289993286133 33.273998260498 33.8390007019043 32.9000015258789 30.8229999542236 30.3139991760254 27.5550003051758 22.1940002441406 21.5359992980957 20.6410007476807 18.8850002288818 18.1389999389648 17.2240009307861 17.1499996185303 18.6189994812012 19.4260005950928 23.0909996032715 30.4780006408691 32.1699981689453 33.2859992980957
-3.4e+38 -3.4e+38 -3.4e+38 -3.4e+38 -3.4e+38 -3.4e+38 -3.4e+38 -3.4e+38 -3.4e+38 -3.4e+38 -3.4e+38 -3.4e+38 -3.4e+38 -3.4e+38 -3.4e+38 33.8019981384277 35.3059997558594 36.4869995117188 36.6710014343262 35.9749984741211 32.9630012512207 31.0659999847412 29.5949993133545 20.8020000457764 28.9479999542236 28.0200004577637 30.0179996490479 31.7719993591309 32.5810012817383 31.4740009307861 30.1800003051758 29.2840003967285 25.5270004272461 19.2970008850098 19.8010005950928 19.2980003356934 18.9419994354248 19.1679992675781 20.0949993133545 20.0069999694824 20.1420001983643 25.4009990692139 28.1089992523193 31.7919998168945 32.5880012512207 33.7939987182617
-3.4e+38 -3.4e+38 -3.4e+38 -3.4e+38 -3.4e+38 -3.4e+38 -3.4e+38 -3.4e+38 -3.4e+38 -3.4e+38 -3.4e+38 -3.4e+38 -3.4e+38 30.5809993743896 32.1769981384277 33.6209983825684 35.5709991455078 37.140998840332 37.2109985351562 35.9620018005371 33.9990005493164 33.2350006103516 27.617000579834 13.2469997406006 18.1079998016357 22.1959991455078 24.0030002593994 25.6630001068115 31.5249996185303 21.4340000152588 26.2129993438721 26.5130004882812 21.7800006866455 17.8379993438721 18.7310009002686 18.6679992675781 19.4659996032715 20.4080009460449 21.7000007629395 21.2560005187988 22.0249996185303 28.2430000305176 30.9659996032715 32.2290000915527 32.556999206543 33.9560012817383
-3.4e+38 -3.4e+38 -3.4e+38 -3.4e+38 -3.4e+38 -3.4e+38 -3.4e+38 -3.4e+38 -3.4e+38 -3.4e+38 -3.4e+38 29.8859996795654 30.1149997711182 13.3050003051758 21.7870006561279 32.8310012817383 35.5940017700195 36.2070007324219 36.0880012512207 35.4990005493164 33.742000579834 31.8640003204346 23.7360000610352 11.9580001831055 9.54800033569336 12.3299999237061 14.1120004653931 24.8880004882812 33.5620002746582 34.1699981689453 32.9679985046387 30.5270004272461 24.613000869751 18.17799949646 18.6040000915527 19.363000869751 19.8330001831055 20.757999420166 25.867000579834 25.6580009460449 25.6940002441406 31.55299949646 32.9780006408691 34.1879997253418 34.5019989013672 34.4360008239746
-3.4e+38 -3.4e+38 -3.4e+38 -3.4e+38 -3.4e+38 -3.4e+38 -3.4e+38 -3.4e+38 -3.4e+38 26.4769992828369 33.8899993896484 30.9489994049072 32.1590003967285 25.9979991912842 25.9179992675781 32.8769989013672 33.5579986572266 34.0029983520508 34.3479995727539 33.6910018920898 32.5730018615723 30.4109992980957 18.931999206543 5.92899990081787 9.24699974060059 13.4720001220703 14.048999786377 21.8229999542236 33.9249992370605 34.6570014953613 34.201000213623 33.6180000305176 28.7919998168945 18.367000579834 18.7560005187988 19.3269996643066 19.7479991912842 22.7290000915527 26.4409999847412 31.0109996795654 31.4810009002686 32.765998840332 34.3139991760254 35.2900009155273 35.125 34.8359985351562
-3.4e+38 -3.4e+38 -3.4e+38 -3.4e+38 -3.4e+38 -3.4e+38 -3.4e+38 29.8990001678467 30.2299995422363 36.5470008850098 36.1209983825684 34.4210014343262 34.140998840332 31.7900009155273 30.5349998474121 31.6790008544922 32.4339981079102 32.4360008239746 32.8489990234375 31.0590000152588 27.4309997558594 19.67799949646 8.43900012969971 6.51100015640259 13.8940000534058 10.5430002212524 13.4409999847412 16.4689998626709 31.3700008392334 35.0029983520508 35.1459999084473 34.8089981079102 33.2770004272461 32.9980010986328 27.951000213623 19.4740009307861 19.7719993591309 20.673999786377 27.7280006408691 33.0019989013672 34.0540008544922 35.193000793457 35.882999420166 36.0410003662109 36.1110000610352 35.439998626709
-3.4e+38 -3.4e+38 -3.4e+38 -3.4e+38 -3.4e+38 34.8759994506836 34.8730010986328 35.734001159668 37.0410003662109 37.7400016784668 37.0909996032715 35.9539985656738 35.076000213623 32.9949989318848 31.1240005493164 30.3689994812012 32.4570007324219 32.4900016784668 32.5719985961914 31.4659996032715 17.9549999237061 8.94400024414062 2.61100006103516 9.49400043487549 21.5219993591309 10.91100025177 10.6879997253418 23.4330005645752 33.9370002746582 34.7109985351562 35.1599998474121 34.9129981994629 34.6310005187988 32.818000793457 25.7089996337891 19.3509998321533 19.2310009002686 19.4950008392334 27.5820007324219 33.2410011291504 33.8650016784668 34.9659996032715 36.2540016174316 37.2509994506836 37.2330017089844 36.5719985961914
-3.4e+38 -3.4e+38 -3.4e+38 34.8919982910156 35.0960006713867 34.6080017089844 34.8839988708496 36.0439987182617 37.2210006713867 37.9059982299805 37.4210014343262 36.2270011901855 35.076000213623 32.1910018920898 23.4039993286133 20.8309993743896 31.6399993896484 33.1199989318848 33.9959983825684 32.7690010070801 18.6310005187988 9.05200004577637 5.29500007629395 23.8120002746582 25.7159996032715 12.8059997558594 13.1149997711182 15.7969999313354 27.0520000457764 34.0309982299805 34.9020004272461 34.9860000610352 35.2809982299805 35.1399993896484 27.2110004425049 18.7159996032715 18.7840003967285 20.7560005187988 32.1119995117188 33.4790000915527 33.6479988098145 34.5219993591309 37.2949981689453 37.9949989318848 37.7729988098145 37.226001739502
-3.4e+38 34.4189987182617 34.1220016479492 34.8790016174316 34.7369995117188 34.0940017700195 34.4259986877441 35.7820014953613 36.6679992675781 37.4049987792969 36.8429985046387 35.7490005493164 34.6080017089844 32.3650016784668 15.4700002670288 21.2119998931885 33.7490005493164 34.7519989013672 35.3409996032715 35.2459983825684 35.2869987487793 29.3680000305176 28.1679992675781 33.4000015258789 32.8269996643066 17.1359996795654 15.2030000686646 16.0849990844727 18.5249996185303 30.7280006408691 34.7109985351562 35.2960014343262 35.5349998474121 34.9589996337891 32.9869995117188 21.8880004882812 19.8610000610352 25.8190002441406 29.5139999389648 31.7479991912842 33.8610000610352 35.5289993286133 37.1139984130859 38.4630012512207 38.9090003967285 37.8129997253418
34.0540008544922 33.8269996643066 33.617000579834 33.935001373291 33.3040008544922 33.1119995117188 33.6380004882812 34.8400001525879 35.4879989624023 36.3359985351562 36.1459999084473 35.5849990844727 34.5 31.9839992523193 23.0809993743896 26.0030002593994 34.1969985961914 35.0670013427734 35.6940002441406 35.8740005493164 35.923999786377 35.806999206543 34.4020004272461 33.9620018005371 33.5900001525879 25.6509990692139 16.2250003814697 16.3519992828369 18.1270008087158 20.1520004272461 30.5729999542236 34.507999420166 34.8380012512207 34.5410003662109 28.6450004577637 19.6569995880127 18.9899997711182 21.4780006408691 30.4009990692139 33.2070007324219 33.6660003662109 35.4449996948242 37.2249984741211 37.8639984130859 37.7540016174316 37.1790008544922
34.7410011291504 33.7200012207031 32.7210006713867 32.3030014038086 30.9449996948242 31.0189990997314 32.1749992370605 33.5099983215332 34.1469993591309 34.8889999389648 35.5940017700195 35.859001159668 34.3030014038086 26.9939994812012 17.048999786377 16.6319999694824 34.693000793457 35.3289985656738 36.5369987487793 36.7809982299805 37.0029983520508 36.75 36.1520004272461 34.5830001831055 32.523998260498 28.0279998779297 24.7919998168945 22.5650005340576 20.6439990997314 21.6299991607666 27.2929992675781 32.3740005493164 32.7109985351562 32.4259986877441 24.6299991607666 15.6029996871948 15.2110004425049 23.5189990997314 30.2059993743896 31.9780006408691 33.3009986877441 34.7169990539551 35.9420013427734 36.8019981384277 36.7369995117188 36.2350006103516
33.9029998779297 32.8899993896484 31.9650001525879 29.3169994354248 26.1790008544922 27.0820007324219 30.2019996643066 32.068000793457 33.9000015258789 35.2719993591309 35.2779998779297 35.7939987182617 34.8880004882812 33.4029998779297 31.7040004730225 34.2130012512207 34.6870002746582 34.8800010681152 36.7869987487793 37.8409996032715 37.9910011291504 37.7840003967285 36.3979988098145 34.5550003051758 33.6069984436035 30.9820003509521 25.8509998321533 25.2830009460449 23.9249992370605 24.8309993743896 25.9829998016357 26.8369998931885 26.7469997406006 20.4839992523193 15.6680002212524 15.5790004730225 15.0260000228882 14.9619998931885 25.5270004272461 30.5359992980957 31.7950000762939 33.7560005187988 34.8919982910156 35.5870018005371 35.6059989929199 35.6209983825684
