01_datasets/03_gis/02_asc_chm-r50m/HS220H.asc
NCOLS 200 
NROWS 201 
XLLCORNER 572220 
YLLCORNER 5219319.5 
CELLSIZE 0.5 
NODATA_value -3.4e+38 
[rows 80 to 99 of 201, columns 138 to 183 of 200]
19.5100002288818 22.6299991607666 24.7180004119873 25.0849990844727 23.7159996032715 21.4570007324219 19.2649993896484 14.5229997634888 10.1280002593994 8.69299983978271 7.91499996185303 11.8879995346069 15.8620004653931 17.9640007019043 17.2439994812012 19.7469997406006 23.9990005493164 25.3479995727539 27.1919994354248 28.17799949646 28.1270008087158 29.4029998779297 30.5380001068115 24.7409992218018 26.1730003356934 26.1669998168945 23.6310005187988 19.8169994354248 19.7080001831055 20.8479995727539 21.4799995422363 21.7000007629395 21.3799991607666 20.5879993438721 18.9419994354248 18.6979999542236 18.7569999694824 17.2240009307861 15.0290002822876 13.6520004272461 13.7270002365112 14.9549999237061 20.3770008087158 22.5890007019043 23.246000289917 24.7369995117188
19.8990001678467 22.8570003509521 24.69700050354 25.0300006866455 24.5949993133545 22.3500003814697 18.257999420166 14.3680000305176 10.7519998550415 7.86700010299683 8.61900043487549 12.3020000457764 16.2469997406006 19.6429996490479 19.871000289917 23.7910003662109 25.1089992523193 25.8010005950928 27.2280006408691 29.4519996643066 31.4839992523193 31.3610000610352 32.576000213623 30.625 30.5599994659424 29.2670001983643 25.318000793457 21.0690002441406 19.4750003814697 20.3759994506836 21.2329998016357 21.0540008544922 20.9580001831055 20.246000289917 18.2600002288818 18.621000289917 15.9440002441406 13.4809999465942 13.5570001602173 14.3920001983643 14.5740003585815 16.0849990844727 21.253999710083 23.7999992370605 23.988000869751 24.5949993133545
20.3199996948242 21.9799995422363 23.5939998626709 23.5990009307861 23.4020004272461 20.2810001373291 18.2880001068115 14.1199998855591 10.0699996948242 8.16899967193604 9.32199954986572 13.0050001144409 16.6879997253418 21.1070003509521 24.2639999389648 24.6679992675781 22.9930000305176 25.7259998321533 29.6280002593994 31.298999786377 32.2060012817383 32.8380012512207 32.765998840332 32.4790000915527 31.8460006713867 27.8700008392334 22.1159992218018 20.5510005950928 19.9769992828369 20.5650005340576 20.2719993591309 19.9489994049072 19.8770008087158 19.9190006256104 17.7310009002686 16.6110000610352 12.6940002441406 11.7049999237061 13.6169996261597 13.5869998931885 14.8240003585815 16.2849998474121 21.3929996490479 23.2240009307861 25.0470008850098 27.0090007781982
19.8379993438721 22.0970001220703 22.9599990844727 23.0139999389648 22.9069995880127 19.1380004882812 16.6560001373291 15.6909999847412 10.7259998321533 10.1300001144409 10.0349998474121 13.7189998626709 16.9689998626709 20.2229995727539 22.3530006408691 23.7210006713867 24.8290004730225 25.8540000915527 29.3390007019043 32.0849990844727 32.810001373291 33.1650009155273 33.060001373291 32.9580001831055 32.2220001220703 30.2889995574951 26.4860000610352 22.7469997406006 20.3889999389648 18.4689998626709 18.7250003814697 18.8430004119873 18.9300003051758 18.8619995117188 17.7469997406006 16.3680000305176 11.5909996032715 10.0559997558594 11.1479997634888 12.4729995727539 13.7430000305176 14.1789999008179 19.5970001220703 21.6840000152588 24.3059997558594 25.6749992370605
17.3530006408691 20.3479995727539 21.4349994659424 20.871000289917 19.6550006866455 16.5599994659424 16.1979999542236 13.9980001449585 11.168999671936 11.1870002746582 11.2049999237061 11.7729997634888 15.9079999923706 18.1860008239746 18.8299999237061 21.7169990539551 23.7290000915527 25.2339992523193 27.5769996643066 31.2169990539551 32.8170013427734 33.2789993286133 33.173999786377 32.992000579834 32.7949981689453 28.8920001983643 24.1539993286133 23.5020008087158 18.9599990844727 17.9379997253418 18.6840000152588 18.9580001831055 18.8560009002686 18.3640003204346 14.6470003128052 11.298999786377 9.10400009155273 9.62100028991699 10.2259998321533 10.9750003814697 10.7819995880127 10.9499998092651 18.4090003967285 21.5669994354248 23.6760005950928 25.8379993438721
13.1079998016357 16.2029991149902 18.0249996185303 17.2959995269775 16.8540000915527 15.8990001678467 15.1199998855591 14.0769996643066 11.3249998092651 10.6470003128052 11.1850004196167 11.6020002365112 12.6009998321533 16.443000793457 18.693000793457 20.4680004119873 22.8770008087158 25.1700000762939 29.3099994659424 31.3169994354248 31.4260005950928 32.4010009765625 32.3079986572266 31.5400009155273 31.3610000610352 28.8080005645752 23.826000213623 22.1609992980957 19.2399997711182 17.9899997711182 18.0520000457764 17.1359996795654 15.4409999847412 11.2209997177124 9.50699996948242 9.15100002288818 8.14500045776367 8.65499973297119 10.0719995498657 10.539999961853 10.7889995574951 11.3299999237061 13.75 19.4060001373291 21.6100006103516 25.8430004119873
11.0609998703003 14.1529998779297 15.2840003967285 14.710000038147 13.9340000152588 13.8629999160767 14.3249998092651 13.9130001068115 10.5670003890991 10.7110004425049 12.6639995574951 13.9230003356934 14.3109998703003 16.2450008392334 18.0599994659424 19.2229995727539 22.7189998626709 26.2789993286133 28.5909996032715 28.798999786377 28.8999996185303 29.8419990539551 30.7040004730225 28.3349990844727 27.9230003356934 27.4039993286133 25.7150001525879 23.431999206543 14.706000328064 12.8690004348755 7.22700023651123 7.13199996948242 7.88500022888184 8.88599967956543 8.89799976348877 8.98099994659424 7.71400022506714 7.65399980545044 9.4399995803833 10.6000003814697 10.8229999542236 11.8680000305176 12.5710000991821 14.3940000534058 18.8729991912842 24.2129993438721
9.82600021362305 10.1969995498657 10.914999961853 12.7790002822876 11.7980003356934 11.7639999389648 13.8570003509521 12.918999671936 6.26599979400635 10.4160003662109 19.5470008850098 20.548999786377 21.4820003509521 23.17799949646 23.8549995422363 21.1870002746582 22.9669990539551 25.4950008392334 27.1730003356934 27.07200050354 27.326000213623 28.1860008239746 28.7439994812012 26.9820003509521 27.1229991912842 26.6590003967285 25.386999130249 22.2569999694824 18.0090007781982 10.9359998703003 6.70300006866455 6.00500011444092 6.12200021743774 7.75400018692017 7.84700012207031 7.76800012588501 7.55299997329712 8.19299983978271 9.38199996948242 10.3819999694824 10.8020000457764 12.7749996185303 14.2779998779297 15.4010000228882 20.8969993591309 23.9039993286133
7.14499998092651 9.06099987030029 9.57900047302246 11.9980001449585 12.3450002670288 12.628999710083 12.0200004577637 12.8900003433228 10.375 10.7889995574951 20.4290008544922 23.7900009155273 23.9610004425049 25.92799949646 26.5480003356934 25.5690002441406 23.0380001068115 22.6590003967285 25.3929996490479 25.6599998474121 25.9930000305176 26.0279998779297 26.4540004730225 26.4200000762939 26.1569995880127 25.5069999694824 24.7530002593994 22.9150009155273 16.7530002593994 10.4739999771118 7.60699987411499 5.15899991989136 5.51300001144409 5.35300016403198 6.59899997711182 7.84800004959106 6.24900007247925 7.90799999237061 10.0179996490479 10.4329996109009 10.1820001602173 6.22800016403198 12.7469997406006 12.8249998092651 18.2229995727539 20.2310009002686
5.41400003433228 9.09700012207031 11.3529996871948 12.8280000686646 13.6029996871948 14.2840003967285 13.7349996566772 14.085000038147 13.6110000610352 14.0719995498657 15.1840000152588 24.5960006713867 25.6539993286133 26.4790000915527 27.4720001220703 28.0919990539551 22.0009994506836 26.3589992523193 25.2600002288818 25.0499992370605 25.3320007324219 25.5429992675781 25.5510005950928 25.3910007476807 25.2439994812012 24.9729995727539 24.7210006713867 21.3409996032715 16.8460006713867 11.423999786377 4.10300016403198 5.05700016021729 4.85400009155273 5.3439998626709 7.15899991989136 8.29899978637695 4.4229998588562 7.72200012207031 10.0649995803833 10.0179996490479 9.5290002822876 8.36400032043457 7.94099998474121 10.003999710083 12.9829998016357 15.1990003585815
6.3289999961853 8.29899978637695 13.7629995346069 13.5240001678467 15.168999671936 15.8030004501343 15.6379995346069 14.8339996337891 14.2239999771118 14.4139995574951 20.2910003662109 26.3579998016357 27.7569999694824 28.6700000762939 29.056999206543 28.9540004730225 28.1730003356934 26.931999206543 26.3190002441406 25.0470008850098 24.3959999084473 24.4479999542236 24.7719993591309 24.568000793457 24.5860004425049 23.875 24.6580009460449 20.1450004577637 18.9209995269775 14.5860004425049 7.30900001525879 5.19299983978271 6.3730001449585 7.55200004577637 10.3050003051758 11.1969995498657 5.19299983978271 8.6540002822876 9.95699977874756 9.54800033569336 9.0600004196167 9.11600017547607 9.14900016784668 9.33399963378906 11.3999996185303 13.1450004577637
9.17399978637695 12.4420003890991 14.6560001373291 14.2950000762939 16.1350002288818 16.8239994049072 16.4599990844727 14.9860000610352 14.3030004501343 14.3039999008179 15.878999710083 26.0900001525879 28.863000869751 29.7900009155273 30.0189990997314 29.4689998626709 28.0400009155273 27.0240001678467 25.9379997253418 24.2469997406006 23.82200050354 25.8059997558594 25.8400001525879 25.4659996032715 24.4050006866455 23.2859992980957 23.568000793457 20.6700000762939 18.238000869751 16.0480003356934 13.4499998092651 8.81400012969971 9.52099990844727 11.0710000991821 13.2040004730225 12.7869997024536 11.4790000915527 10.0970001220703 12.7889995574951 9.21399974822998 9.99499988555908 10.3610000610352 10.2349996566772 10.0909996032715 11.7779998779297 11.7530002593994
16.6730003356934 15.7709999084473 15.4650001525879 15.2489995956421 16.3439998626709 17.3680000305176 17.3419990539551 16.4990005493164 15.2270002365112 15.3629999160767 14.3800001144409 22.9720001220703 28.0699996948242 29.5790004730225 29.923999786377 29.7059993743896 28.5459995269775 26.7430000305176 25.2549991607666 24.1110000610352 23.4300003051758 25.6420001983643 26.6560001373291 26.07200050354 24.4689998626709 23.798999786377 22.261999130249 21.0200004577637 18.3390007019043 17.0599994659424 15.7690000534058 13.2270002365112 12.2440004348755 14.0389995574951 15.6269998550415 14.1990003585815 14.4379997253418 13.9230003356934 14.039999961853 13.8649997711182 11.576000213623 10.7869997024536 10.6990003585815 10.8369998931885 11.3470001220703 10.7959995269775
18.4099998474121 17.3269996643066 15.2200002670288 14.8950004577637 16.1000003814697 16.173999786377 18.8939990997314 20.7859992980957 21.4160003662109 18.3579998016357 19.0130004882812 25.9150009155273 27.3090000152588 28.882999420166 29.3169994354248 28.9419994354248 28.6439990997314 27.2749996185303 26.69700050354 24.57200050354 24.5620002746582 26.0289993286133 26.8129997253418 25.8110008239746 24.05299949646 23.8990001678467 22.2229995727539 21.3560009002686 18.6550006866455 17.6900005340576 18.4090003967285 16.8880004882812 14.9420003890991 15.2620000839233 17.3549995422363 16.951000213623 17.7329998016357 16.6830005645752 15.0500001907349 14.3570003509521 13.1239995956421 11.4549999237061 11.5349998474121 11.5480003356934 11.5649995803833 10.9409999847412
19.4549999237061 19.3490009307861 18.5090007781982 17.1569995880127 14.7650003433228 14.5069999694824 20.2259998321533 22.7840003967285 22.5990009307861 21.298999786377 15.1180000305176 24.0069999694824 27.2709999084473 28.1439990997314 28.5599994659424 28.2929992675781 26.4090003967285 25.9440002441406 25.5139999389648 23.882999420166 24.2709999084473 25.2140007019043 25.7600002288818 25.2810001373291 23.9300003051758 22.7560005187988 21.5520000457764 21.4270000457764 20.8330001831055 19.5830001831055 19.0650005340576 19.0550003051758 16.3700008392334 16.9869995117188 18.8549995422363 18.8390007019043 18.9340000152588 17.1399993896484 14.8159999847412 14.5129995346069 12.5819997787476 11.9440002441406 12.1350002288818 13.8699998855591 11.9799995422363 11.0500001907349
20.7950000762939 20.2950000762939 19.7220001220703 18.007999420166 16.0109996795654 14.1070003509521 17.5130004882812 16.0860004425049 21.8500003814697 20.4379997253418 11.8249998092651 19.8799991607666 24.9029998779297 26.3880004882812 27.8150005340576 27.0540008544922 25.1709995269775 23.4340000152588 23.2430000305176 21.5990009307861 22.9020004272461 24.1630001068115 24.0289993286133 23.7360000610352 23.5410003662109 22.5750007629395 22.451000213623 22.2870006561279 21.0820007324219 20.2689990997314 18.8530006408691 18.1870002746582 17.6800003051758 18.2779998779297 19.3460006713867 19.5090007781982 19.2059993743896 17.5410003662109 15.2810001373291 14.6940002441406 14.1129999160767 20.3169994354248 24.3950004577637 22.3269996643066 14.0719995498657 13.8249998092651
22.8490009307861 21.9379997253418 21.2180004119873 19.4799995422363 17.7350006103516 13.8170003890991 12.1540002822876 14.5500001907349 16.1949996948242 16.1749992370605 15.08899974823 19.8239994049072 22.3840007781982 24.8010005950928 25.5459995269775 25.0230007171631 23.8999996185303 23.0869998931885 22.628999710083 20.9200000762939 21.2070007324219 22.3850002288818 22.6900005340576 22.8780002593994 23.7350006103516 23.8120002746582 23.6000003814697 23.0849990844727 22.0300006866455 20.5279998779297 18.0839996337891 16.0160007476807 15.956000328064 17.2029991149902 19.2789993286133 19.2259998321533 18.6790008544922 17.8020000457764 16.9200000762939 17.5069999694824 19.867000579834 23.4249992370605 25.4370002746582 25.5890007019043 24.4060001373291 17.4099998474121
24.8129997253418 23.8579998016357 21.6270008087158 21.617000579834 18.2910003662109 16.1760005950928 15.5659999847412 12.7200002670288 9.36800003051758 10.3409996032715 11.4919996261597 17.0200004577637 18.7679996490479 17.4090003967285 18.4799995422363 18.6439990997314 19.9400005340576 17.6469993591309 17.7910003662109 19.386999130249 19.8999996185303 20.1800003051758 21.5370006561279 22.1760005950928 24.1350002288818 24.6410007476807 24.6240005493164 23.8150005340576 23.2759990692139 21.2980003356934 20.3729991912842 18.3099994659424 14.3030004501343 16.0090007781982 18.1690006256104 18.1690006256104 18.4899997711182 17.6749992370605 19.4640007019043 21.7000007629395 23.1909999847412 25.1870002746582 26.4109992980957 26.4710006713867 26.1959991455078 24.6429996490479
26.4270000457764 24.4130001068115 23.32200050354 21.6389999389648 17.0429992675781 17.007999420166 16.6669998168945 14.6160001754761 9.83699989318848 9.98099994659424 11.9589996337891 13.1450004577637 14.1379995346069 16.0890007019043 16.9230003356934 15.9099998474121 16.693000793457 17.1840000152588 16.7549991607666 19.1019992828369 19.6520004272461 20.1749992370605 20.4740009307861 22.9529991149902 24.5960006713867 25.3600006103516 24.9559993743896 22.9500007629395 22.9179992675781 22.7000007629395 20.9230003356934 16.4379997253418 13.2700004577637 14.0620002746582 16.6270008087158 16.867000579834 17.0669994354248 16.2119998931885 22.0739994049072 24.7940006256104 25.0499992370605 25.5170001983643 27.386999130249 27.8099994659424 27.2800006866455 27.238000869751
27.4300003051758 26.4349994659424 24.056999206543 22.5890007019043 18.8460006713867 17.6749992370605 16.681999206543 14.5790004730225 9.72399997711182 9.83500003814697 12.1049995422363 13.4320001602173 14.8540000915527 15.6129999160767 16.181999206543 17.2250003814697 18.1830005645752 20.2870006561279 19.7999992370605 20.8920001983643 22.1009998321533 22.2660007476807 21.4090003967285 23.5669994354248 24.931999206543 26.1709995269775 26.2679996490479 24.8770008087158 26.3449993133545 26.548999786377 21.69700050354 15.4379997253418 12.4969997406006 11.1300001144409 13.1759996414185 13.1949996948242 14.7309999465942 13.7829999923706 21.2029991149902 25.6469993591309 26.5139999389648 27.1700000762939 28.4309997558594 28.9169998168945 28.5629997253418 28.0289993286133
