01_datasets/03_gis/02_asc_chm-r50m/HS222I.asc
NCOLS 200 
NROWS 201 
XLLCORNER 569173.5 
YLLCORNER 5220850 
CELLSIZE 0.5 
NODATA_value -3.4e+38 
[rows 120 to 139 of 201, columns 92 to 137 of 200]
8.59700012207031 7.71600008010864 6.03399991989136 5.09100008010864 4.96600008010864 4.70499992370605 4.1710000038147 3.64400005340576 4.25400018692017 8.0649995803833 10.3909997940063 12.6009998321533 12.9160003662109 14.4440002441406 16.8999996185303 17.4200000762939 18.6849994659424 20.003999710083 22.9669990539551 22.1180000305176 24.3540000915527 24.4109992980957 24.9419994354248 25.2089996337891 23.8409996032715 21.2900009155273 19.8659992218018 19.8990001678467 19.2169990539551 24.6679992675781 30.568000793457 33.1580009460449 34.3610000610352 35.7999992370605 36.1980018615723 36.7700004577637 36.6699981689453 34.8199996948242 33.6419982910156 32.6730003356934 27.878999710083 22.0559997558594 16.9939994812012 7.42000007629395 9.58899974822998 8.55500030517578
9.21700000762939 6.77299976348877 5.83300018310547 6.51900005340576 7.60300016403198 5.85200023651123 4.09999990463257 5.28000020980835 9.35999965667725 10.6260004043579 12.798999786377 13.0640001296997 13.3459997177124 16.6509990692139 18.0060005187988 17.8680000305176 19.3610000610352 20.9990005493164 21.7029991149902 22.0450000762939 22.4580001831055 23.9209995269775 23.7520008087158 22.1089992523193 20.7269992828369 19.6149997711182 19.3850002288818 19.3470001220703 19.5879993438721 24.3339996337891 31.8659992218018 33.5209999084473 34.7639999389648 35.9580001831055 36.9259986877441 37.8680000305176 36.7140007019043 35.1469993591309 33.9249992370605 32.8209991455078 29.0930004119873 24.0690002441406 19.6870002746582 9.30799961090088 9.49100017547607 8.69699954986572
17.2849998474121 14.4870004653931 8.66600036621094 12.2779998779297 13.3050003051758 11.8959999084473 4.20900011062622 8.31900024414062 10.9499998092651 11.7760000228882 12.3290004730225 13.5590000152588 14.0299997329712 16.9290008544922 19.4750003814697 19.3999996185303 21.3040008544922 23.0009994506836 23.443000793457 22.8920001983643 23.2080001831055 23.3080005645752 22.6219997406006 20.9790000915527 20.4799995422363 19.9340000152588 19.4899997711182 19.4169998168945 22.0510005950928 24.9440002441406 32.2280006408691 33.2999992370605 34.5169982910156 35.8880004882812 36.6450004577637 37.9169998168945 35.9500007629395 35.0099983215332 33.2089996337891 31.5349998474121 28.7040004730225 23.4169998168945 20.9850006103516 19.2940006256104 9.17800045013428 8.65100002288818
19.617000579834 19.2399997711182 6.55299997329712 16.67799949646 16.0610008239746 16.6429996490479 11.2049999237061 10.1599998474121 11.2510004043579 12.1590003967285 13.5989999771118 14.6960000991821 14.3959999084473 14.8950004577637 19.1490001678467 20.8449993133545 22.2150001525879 22.8299999237061 23.2660007476807 24.0580005645752 24.5419998168945 24.2070007324219 23.6679992675781 22.6149997711182 21.7229995727539 20.7959995269775 19.8950004577637 18.8390007019043 21.9270000457764 23.9309997558594 28.3680000305176 31.7390003204346 34.4860000610352 35.7750015258789 36.9259986877441 37.3219985961914 35.6910018920898 35.0340003967285 33.2820014953613 31.5879993438721 27.7350006103516 22.1119995117188 20.5049991607666 18.2000007629395 11.128999710083 9.88799953460693
22.5890007019043 22.1459999084473 16.886999130249 20.4169998168945 20.423999786377 21.3470001220703 18.9029998779297 14.4829998016357 12.9479999542236 13.6719999313354 14.6020002365112 14.9440002441406 14.5290002822876 15.3380002975464 16.4740009307861 20.0769996643066 22.5279998779297 23.628999710083 24.0620002746582 25.0909996032715 25.625 24.8880004882812 24.2970008850098 22.9939994812012 22.0639991760254 21.2630004882812 18.8850002288818 17.0149993896484 18.4340000152588 23.3640003204346 28.4099998474121 30.2900009155273 34.257999420166 35.1450004577637 35.6080017089844 35.0979995727539 34.7039985656738 34.6380004882812 33.5229988098145 30.1539993286133 26.2740001678467 20.8470001220703 19.4130001068115 16.8379993438721 12.5790004730225 11.0550003051758
25.5440006256104 25.2259998321533 24.7670001983643 25.1609992980957 23.5259990692139 23.2049999237061 23.1490001678467 19.4459991455078 15.2530002593994 16.9589996337891 19.2169990539551 15.6990003585815 17.326000213623 16.867000579834 15.7519998550415 20.9519996643066 22.9610004425049 24.1840000152588 25.1730003356934 25.9839992523193 26.5359992980957 25.9409999847412 25.1499996185303 23.8390007019043 21.5100002288818 20.1000003814697 18.3519992828369 17.1149997711182 18.9829998016357 21.742000579834 24.4759998321533 30.6900005340576 32.826000213623 32.9900016784668 33.5410003662109 33.4790000915527 32.7000007629395 32.273998260498 31.4389991760254 26.1459999084473 20.2719993591309 17.8150005340576 16.9099998474121 15.5509996414185 13.1420001983643 11.5059995651245
27.5739994049072 27.5009994506836 28.5739994049072 28.2609996795654 25.1599998474121 24.548999786377 26.1919994354248 25.6679992675781 24.2830009460449 24.7399997711182 24.5809993743896 21.3279991149902 19.048999786377 18.253999710083 17.6979999542236 22.0820007324219 22.8519992828369 23.8759994506836 25.0990009307861 25.5130004882812 25.9120006561279 26.1609992980957 24.6989994049072 22.882999420166 20.9610004425049 19.2369995117188 16.4069995880127 17.367000579834 20.0620002746582 21.9169998168945 23.5090007781982 27.9979991912842 29.9930000305176 29.9029998779297 31.2000007629395 32.4150009155273 29.6140003204346 28.4080009460449 28.2999992370605 23.6860008239746 18.2220001220703 16.0540008544922 14.4879999160767 14.2489995956421 13.7299995422363 12.7299995422363
28.7940006256104 29.4349994659424 30.0450000762939 30.1000003814697 29.7189998626709 27.6110000610352 28.693000793457 28.5650005340576 28.4909992218018 29.3169994354248 26.2689990997314 23.9440002441406 19.2099990844727 18.9440002441406 19.3020000457764 21.4330005645752 22.5069999694824 24.0100002288818 24.507999420166 24.8910007476807 25.2049999237061 25.4220008850098 24.5289993286133 22.4109992980957 20.4169998168945 18.6940002441406 16.242000579834 17.7749996185303 19.5739994049072 20.7059993743896 21.0690002441406 26.5820007324219 28.2290000915527 26.3880004882812 28.0790004730225 29.867000579834 27.9570007324219 27.2660007476807 26.5219993591309 26.0769996643066 19.0370006561279 15.3450002670288 14.4980001449585 14.4280004501343 13.9809999465942 11.7399997711182
30.6620006561279 32.0180015563965 32.0040016174316 30.6730003356934 30.9389991760254 30.4589996337891 28.8379993438721 29.6590003967285 30.9650001525879 30.3120002746582 29.2849998474121 24.9449996948242 21.7700004577637 22.4610004425049 20.2070007324219 20.2849998474121 21.568000793457 22.3460006713867 24.2409992218018 24.1870002746582 24.0580005645752 24.1060009002686 23.6030006408691 21.9169998168945 17.5310001373291 17.4610004425049 13.9820003509521 17.8129997253418 19.8330001831055 20.8150005340576 23.9810009002686 24.9850006103516 26.1240005493164 25.9890003204346 25.9340000152588 25.2399997711182 26.1599998474121 26.375 24.4529991149902 22.8880004882812 19.2800006866455 16.2549991607666 13.7189998626709 13.5389995574951 13.2589998245239 11.6409997940063
31.048999786377 32.4049987792969 32.2150001525879 31.3090000152588 31.4890003204346 31.503999710083 29.9540004730225 31.7840003967285 31.1860008239746 30.0639991760254 29.1340007781982 25.007999420166 24.1560001373291 21.9810009002686 18.1319999694824 18.5450000762939 19.8920001983643 20.7849998474121 21.6580009460449 21.8719997406006 22.5090007781982 21.8980007171631 21.9540004730225 19.7220001220703 15.2869997024536 15.0050001144409 15.2320003509521 18.4050006866455 20.6650009155273 20.826000213623 23.8250007629395 25.8920001983643 25.7439994812012 26.8330001831055 25.9559993743896 26.2140007019043 26.878999710083 25.568000793457 23.132999420166 20.8040008544922 18.3780002593994 16.1429996490479 13.326000213623 13.0459995269775 12.1110000610352 9.13000011444092
33.2639999389648 33.7820014953613 33.8720016479492 33.4710006713867 32.4309997558594 33.693000793457 33.5400009155273 33.7470016479492 31.6720008850098 30.4500007629395 29.7929992675781 28.1590003967285 26.253999710083 18.6560001373291 17.2280006408691 17.4209995269775 19.1830005645752 19.806999206543 18.2269992828369 18.0060005187988 20.1469993591309 21.2110004425049 20.1350002288818 18.1299991607666 14.7720003128052 15.4219999313354 17.1860008239746 20.201000213623 21.6520004272461 24.4300003051758 26.1420001983643 27.246000289917 28.8250007629395 29.7950000762939 27.5669994354248 28.7810001373291 29.2590007781982 27.4820003509521 24.8460006713867 21.3549995422363 20.367000579834 19.4930000305176 15.2519998550415 13.1719999313354 11.2889995574951 5.66800022125244
33.9700012207031 34.6980018615723 35.2150001525879 35.1450004577637 34.5229988098145 34.9739990234375 34.935001373291 34.0260009765625 32.5620002746582 30.6660003662109 30.0470008850098 28.996000289917 25.1070003509521 18.2590007781982 16.1560001373291 16.1700000762939 17.2049999237061 17.863000869751 17.6989994049072 18.3430004119873 20.4270000457764 21.2029991149902 20.2670001983643 17.8339996337891 15.7810001373291 16.0809993743896 18.4360008239746 22.3010005950928 24.2329998016357 26.7099990844727 29.3020000457764 30.5179996490479 31.5650005340576 31.4559993743896 30.5440006256104 30.6700000762939 30.5179996490479 27.1730003356934 25.0779991149902 22.44700050354 19.5930004119873 19.0830001831055 16.2490005493164 10.8870000839233 6.00899982452393 4.28200006484985
34.0750007629395 34.5919990539551 35.4010009765625 35.0589981079102 34.3709983825684 35.2470016479492 35.564998626709 34.2019996643066 32.6640014648438 32.0789985656738 29.9519996643066 28.753999710083 27.9309997558594 17.9650001525879 15.6219997406006 15.4449996948242 16.1909999847412 16.0109996795654 16.8939990997314 17.5639991760254 16.1420001983643 14.9659996032715 16.5240001678467 16.4190006256104 16.371000289917 15.878999710083 19.298999786377 24.1790008544922 25.4580001831055 26.8740005493164 27.6840000152588 29.7940006256104 32.5390014648438 33.0439987182617 32.1209983825684 31.3880004882812 30.7290000915527 21.8150005340576 24.2360000610352 22.693000793457 19.9309997558594 18.4979991912842 17.8689994812012 10.7600002288818 7.54300022125244 5.08900022506714
33.9720001220703 34.109001159668 34.8279991149902 34.3919982910156 34.564998626709 34.8889999389648 35.1310005187988 34.6110000610352 32.0589981079102 31.1770000457764 31.003999710083 29.2560005187988 23.9330005645752 18.6830005645752 17.1359996795654 15.9580001831055 15.5100002288818 13.8489999771118 15.0249996185303 16.1749992370605 15.8489999771118 14.5839996337891 14.6789999008179 15.4099998474121 14.7279996871948 17.3449993133545 19.8950004577637 24.0520000457764 25.2959995269775 26.4130001068115 26.8680000305176 29.5990009307861 33.4449996948242 34.4539985656738 34.1069984436035 31.496000289917 29.5470008850098 25.3449993133545 25.0699996948242 23.1049995422363 22.1879997253418 19.7759990692139 17.9659996032715 14.5229997634888 13.0389995574951 10.173999786377
33.1599998474121 33.4930000305176 33.648998260498 33.4480018615723 33.2939987182617 34.3899993896484 34.3009986877441 33.2599983215332 31.2509994506836 30.0189990997314 29.9599990844727 29.4190006256104 26.0990009307861 21.8770008087158 19.9459991455078 19.201000213623 15.0600004196167 13.3079996109009 13.8450002670288 15.5340003967285 15.0329999923706 14.4379997253418 14.1709995269775 14.0609998703003 12.1359996795654 18.1200008392334 20.4120006561279 22.2970008850098 23.9990005493164 25.1100006103516 29.3819999694824 31.8850002288818 33.6759986877441 34.523998260498 33.3889999389648 31.3159999847412 30.4349994659424 29.4099998474121 26.6259994506836 24.9659996032715 23.0590000152588 18.2229995727539 17.4209995269775 17.3770008087158 17.5209999084473 16.5189990997314
30.4829998016357 30.4790000915527 32.5219993591309 30.931999206543 31.0310001373291 32.617000579834 32.6370010375977 31.7390003204346 31.3139991760254 29.4209995269775 28.7169990539551 28.1040000915527 24.8619995117188 23.2840003967285 21.7399997711182 20.5699996948242 18.5499992370605 14.0659999847412 13.2869997024536 14.6599998474121 14.4989995956421 14.4119997024536 14.0830001831055 14.0120000839233 15.9300003051758 18.761999130249 20.757999420166 22.5440006256104 22.7730007171631 24.382999420166 26.9169998168945 30.4750003814697 31.42799949646 32.9930000305176 32.8880004882812 30.9349994659424 29.7840003967285 28.0849990844727 26.5960006713867 25.193000793457 21.3799991607666 17.4370002746582 17.7180004119873 18.3290004730225 17.5200004577637 16.0939998626709
30.3700008392334 31.7099990844727 31.8059997558594 30.6520004272461 31.0200004577637 30.9479999542236 30.9669990539551 30.4580001831055 30.2140007019043 28.2450008392334 27.4459991455078 26.0610008239746 25.0179996490479 24.2080001831055 20.7329998016357 20.1580009460449 19.3269996643066 15.3039999008179 13.1920003890991 13.6400003433228 14.4390001296997 14.5310001373291 14.4969997406006 14.3760004043579 17.0580005645752 17.7399997711182 19.0520000457764 22.988000869751 23.2929992675781 24.6030006408691 26.8379993438721 29.798999786377 30.67799949646 30.9829998016357 30.6580009460449 29.9979991912842 28.1299991607666 27.007999420166 25.738000869751 24.4260005950928 21.2299995422363 19.5179996490479 20.6180000305176 20.2970008850098 19.3349990844727 19.2240009307861
31.7129993438721 32.8390007019043 32.8160018920898 31.8139991760254 31.5830001831055 30.7520008087158 30.5790004730225 29.2959995269775 27.6940002441406 27.1060009002686 26.7350006103516 25.6800003051758 24.8549995422363 23.738000869751 21.7870006561279 20.0520000457764 18.9759998321533 15.6180000305176 13.7379999160767 14.1180000305176 14.4930000305176 14.6219997406006 14.6359996795654 14.625 15.7749996185303 15.5740003585815 16.011999130249 23.5949993133545 23.4780006408691 24.8610000610352 26.5310001373291 28.1450004577637 28.1140003204346 28.6149997711182 29.628999710083 28.6620006561279 26.5470008850098 26.0879993438721 24.3309993743896 23.132999420166 20.9449996948242 21.6100006103516 21.9179992675781 21.9610004425049 22.6709995269775 22.8549995422363
32.8359985351562 33.5439987182617 33.2560005187988 32.1500015258789 31.4720001220703 29.7280006408691 29.32200050354 27.6280002593994 27.1730003356934 27.0359992980957 26.3770008087158 25.375 24.2530002593994 22.9939994812012 21.9540004730225 20.6299991607666 18.7840003967285 17.3279991149902 14.5930004119873 14.8059997558594 14.6809997558594 14.9099998474121 14.2910003662109 14.331000328064 14.2480001449585 14.4329996109009 14.7130002975464 22.25 23.2040004730225 24.2800006866455 25.5219993591309 25.6760005950928 26.32200050354 28.3439998626709 28.4799995422363 26.6790008544922 25.0100002288818 23.94700050354 23.6480007171631 23.0459995269775 22.3610000610352 23.25 24.0060005187988 24.0869998931885 23.9629993438721 24.1159992218018
32.2919998168945 33.2070007324219 32.7109985351562 31.3729991912842 30.4179992675781 27.8950004577637 27.6009998321533 25.7789993286133 25.4619998931885 25.4740009307861 23.2919998168945 24.0919990539551 23.056999206543 21.9109992980957 21.5960006713867 20.1280002593994 17.6399993896484 16.0049991607666 14.9610004425049 14.5970001220703 14.6490001678467 14.7600002288818 14.3159999847412 12.4899997711182 11.8990001678467 12.8959999084473 13.2969999313354 17.3999996185303 20.7569999694824 22.4780006408691 24.7800006866455 24.9610004425049 25.4120006561279 25.4270000457764 25.4349994659424 23.7749996185303 23.1720008850098 22.2980003356934 23.068000793457 23.2950000762939 23.7220001220703 25.076000213623 25.5659999847412 25.9669990539551 26.1599998474121 26.4160003662109
