01_datasets/03_gis/02_asc_chm-r50m/HS221A.asc
NCOLS 201 
NROWS 200 
XLLCORNER 568457 
YLLCORNER 5220614.5 
CELLSIZE 0.5 
NODATA_value -3.4e+38 
[rows 100 to 119 of 200, columns 46 to 91 of 201]
22.5890007019043 17.3059997558594 14.5539999008179 13.71399974823 5.07200002670288 4.6729998588562 4.2649998664856 3.71000003814697 3.82699990272522 21.4549999237061 30.9740009307861 31.1539993286133 28.9759998321533 26.9349994659424 28.3040008544922 30.6070003509521 29.7189998626709 29.2819995880127 29.4769992828369 30.6459999084473 31.8150005340576 33.3059997558594 34.7029991149902 36.2070007324219 37.2449989318848 38.2760009765625 38.5260009765625 37.7039985656738 36.0820007324219 34.5120010375977 33.173999786377 30.9939994812012 20.1590003967285 16.246000289917 16.2849998474121 15.5050001144409 13.835000038147 14.0749998092651 15.6440000534058 16.5340003967285 33.117000579834 33.7820014953613 33.5970001220703 34.0120010375977 34.9970016479492 35.7649993896484
22.9599990844727 20.7929992675781 16.6800003051758 15.7609996795654 5.16699981689453 4.72200012207031 4.31699991226196 4.10699987411499 4.08300018310547 20.9839992523193 22.1590003967285 28.2830009460449 8.30000019073486 11.451000213623 25.3449993133545 29.6830005645752 29.7290000915527 29.757999420166 29.7749996185303 19.451000213623 31.4769992828369 33.4150009155273 34.8639984130859 36.1629981994629 37.6370010375977 38.3689994812012 38.4420013427734 37.6030006408691 36.1500015258789 34.7120018005371 33.3940010070801 28.0330009460449 19.548999786377 16.4740009307861 17.2609996795654 16.6009998321533 17.3770008087158 27.556999206543 30.9200000762939 33.1769981384277 34.2309989929199 35.7550010681152 36.0320014953613 35.8349990844727 36.2200012207031 36.685001373291
22.3010005950928 20.9829998016357 19.076000213623 15.1909999847412 5.93699979782104 5.62900018692017 5.32100009918213 5.48299980163574 4.76800012588501 4.51000022888184 6.20300006866455 18.7450008392334 6.47700023651123 11.371000289917 24.1490001678467 29.7910003662109 29.8680000305176 28.5690002441406 13.5109996795654 2.85999989509583 23.0349998474121 31.886999130249 34.2190017700195 35.0970001220703 36.7050018310547 37.4020004272461 37.5029983520508 36.8050003051758 35.8619995117188 33.8089981079102 31.8540000915527 26.7940006256104 17.8090000152588 16.8680000305176 17.8330001831055 24.7049999237061 28.3929996490479 29.5219993591309 31.4200000762939 33.1380004882812 34.1910018920898 34.9519996643066 36.0900001525879 37.2200012207031 37.5480003356934 37.431999206543
21.2719993591309 20.4440002441406 18.9200000762939 17.5650005340576 8.73799991607666 6.63299989700317 7.21299982070923 7.14200019836426 7.61100006103516 7.95900011062622 7.77899980545044 8.16899967193604 6.2480001449585 18.8479995727539 29.5990009307861 30.4909992218018 29.5949993133545 20.5610008239746 11.4549999237061 5.81099987030029 20.0319995880127 31.7240009307861 33.0530014038086 34.2459983825684 35.9669990539551 36.5340003967285 36.7939987182617 36.1800003051758 34.9809989929199 30.5259990692139 29.4540004730225 22.8250007629395 25.3349990844727 28.7280006408691 29.5639991760254 29.3990001678467 23.5149993896484 17.4039993286133 27.6380004882812 31.4589996337891 34.431999206543 35.0610008239746 37.0909996032715 37.7140007019043 38.2200012207031 38.3919982910156
22.1800003051758 20.0769996643066 18.4650001525879 16.1809997558594 9.67599964141846 7.88100004196167 8.85200023651123 9.39799976348877 8.26200008392334 7.94899988174438 7.68599987030029 8.73999977111816 22.7229995727539 28.6569995880127 30.2110004425049 30.8729991912842 28.496000289917 19.9440002441406 13.9460000991821 13.1049995422363 25.511999130249 31.5300006866455 32.2639999389648 33.4029998779297 34.689998626709 35.0800018310547 35.2929992675781 34.984001159668 33.3810005187988 32.1119995117188 29.8549995422363 26.511999130249 32.5579986572266 32.9990005493164 34.6689987182617 34.8139991760254 34.1080017089844 18.3269996643066 23.9559993743896 27.8649997711182 31.5839996337891 34.1790008544922 36.9710006713867 37.8120002746582 38.6319999694824 38.8489990234375
22.2089996337891 20.3349990844727 17.8589992523193 14.5600004196167 12.0920000076294 9.95100021362305 10.1879997253418 9.93599987030029 8.8439998626709 6.99599981307983 16.4699993133545 21.882999420166 29.3299999237061 32.3600006103516 32.9650001525879 32.0709991455078 31.3740005493164 26.8059997558594 27.6669998168945 22.4340000152588 20.257999420166 27.0270004272461 30.9799995422363 31.8910007476807 32.798999786377 33.3349990844727 33.1199989318848 32.6030006408691 27.0830001831055 30.0949993133545 28.6009998321533 32.2369995117188 33.9099998474121 34.4070014953613 34.9939994812012 35.8569984436035 36.4949989318848 23.7049999237061 19.943000793457 23.8600006103516 29.5259990692139 34.6339988708496 37.1209983825684 38.2350006103516 38.5429992675781 38.8429985046387
21.2169990539551 19.1079998016357 17.4839992523193 17.0160007476807 15.0249996185303 12.6599998474121 11.0790004730225 10.2150001525879 10.5100002288818 9.60299968719482 22.5970001220703 30.6660003662109 32.351001739502 33.9539985656738 34.5429992675781 34.4599990844727 34.0260009765625 34.201000213623 32.8660011291504 30.9409999847412 27.4440002441406 27.1569995880127 29.4689998626709 30.6189994812012 31.2299995422363 32.6660003662109 31.9519996643066 30.988000869751 20.1049995422363 24.9039993286133 31.6459999084473 33.7910003662109 35 35.2130012512207 35.9939994812012 36.2480010986328 36.7620010375977 32.6609992980957 18.0559997558594 26.443000793457 33.5110015869141 35.6059989929199 36.6469993591309 37.5009994506836 37.6570014953613 37.8059997558594
19.0170001983643 17.492000579834 16.8950004577637 15.1759996414185 14.5150003433228 14.1300001144409 13.7270002365112 10.5159997940063 10.668999671936 11.2239999771118 27.2040004730225 31.048999786377 33.3619995117188 34.2900009155273 35.2919998168945 35.5099983215332 35.2809982299805 34.8250007629395 32.3250007629395 30.9589996337891 31.871000289917 31.3920001983643 31.2029991149902 28.9200000762939 27.0459995269775 28.7119998931885 26.9389991760254 29.2080001831055 30.6870002746582 32.3629989624023 33.3170013427734 34.2190017700195 35.7550010681152 36.576000213623 36.4980010986328 36.5830001831055 37.1100006103516 30.8530006408691 25.6040000915527 32.9490013122559 33.0449981689453 34.1959991455078 35.4039993286133 36.3520011901855 36.7070007324219 37.1990013122559
18.6429996490479 17.068000793457 16.3209991455078 16.2759990692139 14.4919996261597 13.8769998550415 13.0769996643066 11.7410001754761 11.0410003662109 11.4870004653931 25.5419998168945 32.148998260498 33.4230003356934 34.2109985351562 35.6860008239746 36.140998840332 36.3089981079102 34.7229995727539 33.6570014953613 32.3520011901855 32.8930015563965 33.5349998474121 32.351001739502 30.7290000915527 29.9610004425049 24.1229991912842 20.701000213623 21.3309993743896 25.4529991149902 31.1639995574951 33.2480010986328 35.3489990234375 36.7000007629395 37.3540000915527 37.568000793457 37.7490005493164 37.6689987182617 36.7750015258789 33.818000793457 33.1759986877441 33.2309989929199 33.8079986572266 34.6599998474121 35.060001373291 35.4080009460449 35.9459991455078
29.2950000762939 20.3560009002686 16.6760005950928 16.2049999237061 15.3970003128052 13.9930000305176 13.2340002059937 12.3079996109009 11.6960000991821 11.9049997329712 29.6849994659424 32.3310012817383 34.1889991760254 35.7560005187988 36.548999786377 36.8380012512207 36.8470001220703 35.8819999694824 34.9609985351562 34.0519981384277 35.1110000610352 35.515998840332 34.4949989318848 33.8629989624023 31.1539993286133 22.2290000915527 19.6389999389648 18.0779991149902 21.6149997711182 27.9790000915527 34.8339996337891 36.8030014038086 37.8110008239746 37.9780006408691 38.5260009765625 38.765998840332 38.1889991760254 36.6949996948242 35.8120002746582 35.1969985961914 33.8359985351562 33.6119995117188 33.2589988708496 33.0810012817383 34.3209991455078 33.4049987792969
33.3279991149902 32.25 24.9650001525879 21.1949996948242 16.4629993438721 14.3520002365112 13.8549995422363 12.5270004272461 14.1660003662109 25.818000793457 30.6240005493164 32.6990013122559 33.8639984130859 35.3170013427734 36.4580001831055 37.0470008850098 36.8219985961914 35.7910003662109 35.2649993896484 34.6069984436035 36.4980010986328 36.8919982910156 36.8349990844727 36.5919990539551 33.9309997558594 22.0270004272461 19.6590003967285 18.6609992980957 23.3600006103516 27.67799949646 34.1479988098145 37.5940017700195 38.7000007629395 39.1980018615723 39.5069999694824 39.8089981079102 38.5410003662109 37.7369995117188 37.0139999389648 35.9059982299805 34.8440017700195 32.810001373291 29.2220001220703 29.9710006713867 31.5330009460449 30.3269996643066
33.4420013427734 30.7999992370605 30.4589996337891 17.8460006713867 15.0139999389648 14.1940002441406 13.0240001678467 12.2290000915527 13.0530004501343 24.4860000610352 29.8139991760254 31.8309993743896 33.3310012817383 35.0839996337891 35.8209991455078 36.3269996643066 36.1300010681152 35.5009994506836 34.8540000915527 35.8289985656738 37.6500015258789 38.1059989929199 37.9099998474121 36.7700004577637 31.4409999847412 22.1679992675781 18.7040004730225 22.1420001983643 27.3659992218018 33.1399993896484 36.7039985656738 37.951000213623 39.0279998779297 39.9480018615723 40.2449989318848 40.0989990234375 39.064998626709 38.7849998474121 38.0769996643066 36.9389991760254 33.9659996032715 29.0170001983643 23.3010005950928 23.5349998474121 28.4029998779297 27.8409996032715
33.234001159668 27.4050006866455 15.9569997787476 15.1809997558594 14.8070001602173 14.0129995346069 14.4230003356934 12.8090000152588 12.8909997940063 20.8589992523193 28.496000289917 29.8159999847412 32.4640007019043 34.8499984741211 35.3190002441406 35.4949989318848 35.5550003051758 34.507999420166 34.8349990844727 36.1349983215332 37.9070014953613 38.7280006408691 37.9659996032715 36.5169982910156 34.1290016174316 27.3780002593994 19.9969997406006 22.5410003662109 28.5349998474121 33.5089988708496 36.7060012817383 37.6150016784668 39.0289993286133 40.0369987487793 40.4630012512207 40.3689994812012 39.601001739502 38.8250007629395 38.1969985961914 35.9900016784668 32.4700012207031 27.3460006713867 24.7709999084473 26.7889995574951 21.8540000915527 21.886999130249
31.9449996948242 22.8600006103516 15.8009996414185 15.0190000534058 14.8369998931885 15.164999961853 18.9780006408691 22.8409996032715 15.5 14.3039999008179 23.4839992523193 29.6679992675781 31.8740005493164 33.7700004577637 33.8709983825684 34.2569999694824 34.0849990844727 33.5099983215332 33.1440010070801 34.9230003356934 36.8650016784668 37.4729995727539 36.6759986877441 34.632999420166 32.2299995422363 28.2280006408691 21.2290000915527 19.7089996337891 22.9449996948242 24.3920001983643 33.3940010070801 37.5270004272461 38.9570007324219 40.0320014953613 40.3650016784668 40.2190017700195 39.6809997558594 38.9000015258789 37.4000015258789 36.2150001525879 33.056999206543 29.7830009460449 28.6560001373291 29.5289993286133 27.2999992370605 17.4379997253418
28.2770004272461 26.1609992980957 17.8889999389648 15.7209997177124 15.8889999389648 15.8809995651245 26.0240001678467 28.6909999847412 28.2709999084473 23.25 25.632999420166 31.2199993133545 31.9540004730225 32.1440010070801 32.3950004577637 33.4169998168945 33.5330009460449 32.6949996948242 32.6619987487793 33.298999786377 35 35.0699996948242 35.1279983520508 34.7039985656738 29.9559993743896 23.8419990539551 21.1790008544922 19.3369998931885 18.576000213623 29.3409996032715 34.109001159668 36.8030014038086 38.4749984741211 39.1399993896484 39.5069999694824 39.3019981384277 38.9360008239746 38.2820014953613 36.6580009460449 34.9910011291504 32.6889991760254 31.1439990997314 29.8190002441406 23.9629993438721 19.7770004272461 15.0640001296997
28.4810009002686 26.4909992218018 22.1189994812012 15.9519996643066 24.1380004882812 25.4810009002686 29.7320003509521 30.19700050354 31.2740001678467 30.8519992828369 32.3689994812012 32.5929985046387 31.8610000610352 33.9140014648438 34.2039985656738 34.7080001831055 33.4869995117188 31.6609992980957 31.2770004272461 33.2929992675781 33.8819999694824 33.9259986877441 34.306999206543 34.3030014038086 32.2700004577637 24.2140007019043 21.0909996032715 23.3010005950928 25.2929992675781 33.6459999084473 34.9659996032715 36.7060012817383 37.2449989318848 37.8240013122559 38.2840003967285 38.3790016174316 38.0900001525879 37.2270011901855 35.4389991760254 32.9490013122559 31.8470001220703 31.4990005493164 28.306999206543 15.8129997253418 12.2650003433228 11.5179996490479
27.5629997253418 26.4740009307861 15.5600004196167 16.2310009002686 25.0930004119873 29.4799995422363 31.0319995880127 31.5459995269775 32.9469985961914 33.1829986572266 33.1069984436035 33.2470016479492 33.3470001220703 34.6100006103516 35.7569999694824 36.314998626709 34.992000579834 31.1060009002686 29.9780006408691 32.2770004272461 33.4160003662109 33.2589988708496 33.898998260498 34.3520011901855 34.0480003356934 27.5949993133545 26.3649997711182 28.67799949646 32.7400016784668 34.2449989318848 35.2840003967285 36.1829986572266 36.5779991149902 37.0279998779297 37.3689994812012 36.9529991149902 36.5919990539551 36.0289993286133 34.7750015258789 33.9379997253418 32.2509994506836 31.673999786377 23.4249992370605 13.7200002670288 13.0080003738403 13.2449998855591
24.9419994354248 25.2900009155273 13.6450004577637 18.9759998321533 26.8610000610352 31.2800006866455 31.8150005340576 33.306999206543 33.8800010681152 34.3800010681152 34.3940010070801 34.1660003662109 34.6339988708496 35.9910011291504 36.9039993286133 37.0660018920898 35.9119987487793 33.0559997558594 32.5340003967285 32.5559997558594 34.0740013122559 34.5270004272461 34.7389984130859 34.882999420166 34.9389991760254 33.5660018920898 31.7639999389648 31.4220008850098 33.375 35.5139999389648 36.0180015563965 36.7519989013672 37.4589996337891 37.6980018615723 37.8310012817383 36.3839988708496 35.7879981994629 34.7719993591309 34.0890007019043 33.9700012207031 32.6259994506836 19.0249996185303 15.2729997634888 15.3070001602173 14.6140003204346 14.2729997634888
28.1229991912842 28.1310005187988 24.3689994812012 25.0310001373291 29.7590007781982 31.67799949646 32.6769981384277 34.0620002746582 34.5449981689453 34.9939994812012 35.2369995117188 35.3530006408691 36.2869987487793 36.9739990234375 38.0270004272461 38.0610008239746 36.734001159668 34.9000015258789 34.1030006408691 33.8019981384277 34.6189994812012 35.3400001525879 35.4179992675781 35.5419998168945 35.5 34.0820007324219 33.7760009765625 32.6080017089844 33.7750015258789 36.1180000305176 37.0919990539551 38.2290000915527 38.9119987487793 39.0870018005371 38.8499984741211 37.4119987487793 36.2439994812012 34.2410011291504 33.5940017700195 33.0289993286133 29.4340000152588 25.2700004577637 14.460000038147 15.1400003433228 15.0909996032715 15.1800003051758
29.6959991455078 29.5809993743896 29.1979999542236 28.951000213623 30.9200000762939 32.3930015563965 33.4129981994629 34.2919998168945 35.4300003051758 35.8050003051758 36.3129997253418 36.060001373291 36.7070007324219 38.1629981994629 38.7799987792969 37.5340003967285 36.0839996337891 35.5169982910156 33.7669982910156 33.0400009155273 34.8619995117188 35.6780014038086 35.875 35.7999992370605 35.1910018920898 34.3359985351562 33.1889991760254 32.6640014648438 34.1829986572266 36.9809989929199 38.2680015563965 39.2890014648438 39.7760009765625 40.076000213623 39.6059989929199 37.9210014343262 36.5789985656738 34.0610008239746 33.3170013427734 33.5299987792969 31.6940002441406 27.1180000305176 17.6900005340576 16.121000289917 16.1270008087158 15.7720003128052
