01_datasets/03_gis/02_asc_chm-r50m/HS220G.asc
NCOLS 200 
NROWS 200 
XLLCORNER 572648 
YLLCORNER 5219566 
CELLSIZE 0.5 
NODATA_value -3.4e+38 
[rows 140 to 159 of 200, columns 0 to 45 of 200]
-3.4e+38 -3.4e+38 -3.4e+38 -3.4e+38 -3.4e+38 -3.4e+38 -3.4e+38 -3.4e+38 -3.4e+38 -3.4e+38 27.9640007019043 27.3740005493164 26.6359996795654 27.1830005645752 27.2119998931885 28.6509990692139 29.0599994659424 29.0090007781982 28.2679996490479 26.9659996032715 26.5919990539551 26.4050006866455 19.5960006713867 16.3050003051758 7.18300008773804 12.33899974823 21.3040008544922 26.0559997558594 26.5820007324219 27.0189990997314 27.67799949646 27.6909999847412 26.3659992218018 24.3899993896484 26.2350006103516 27.0779991149902 27.8490009307861 27.496000289917 29.0009994506836 27.488000869751 27.1690006256104 25.0540008544922 20.4559993743896 11.8190002441406 5.90000009536743 14.8380002975464
-3.4e+38 -3.4e+38 -3.4e+38 -3.4e+38 -3.4e+38 -3.4e+38 -3.4e+38 -3.4e+38 -3.4e+38 -3.4e+38 27.7940006256104 27.4459991455078 26.9570007324219 26.9489994049072 26.9479999542236 28.257999420166 28.5459995269775 28.5930004119873 28.0909996032715 26.8360004425049 25.9139995574951 22.0990009307861 16.9549999237061 16.1569995880127 4.50400018692017 7.21299982070923 17.3309993743896 23.4190006256104 25.4109992980957 26.132999420166 26.1000003814697 26.5610008239746 24.7399997711182 24.1639995574951 25.8649997711182 27.6800003051758 29.1299991607666 30.6420001983643 31.4389991760254 30.1079998016357 27.7590007781982 26.3269996643066 21.8640003204346 13.0970001220703 10.0030002593994 20.4839992523193
-3.4e+38 -3.4e+38 -3.4e+38 -3.4e+38 -3.4e+38 -3.4e+38 -3.4e+38 -3.4e+38 -3.4e+38 -3.4e+38 -3.4e+38 27.5520000457764 27.298999786377 27.2320003509521 27.6159992218018 27.8470001220703 27.9060001373291 27.9249992370605 25.9360008239746 25.6149997711182 25.4109992980957 9.78800010681152 8.5649995803833 6.25400018692017 2.95700001716614 2.70900011062622 12.1899995803833 18.2919998168945 21.8689994812012 24.007999420166 24.9669990539551 25.7549991607666 24.1949996948242 25.3439998626709 26.8959999084473 28.7210006713867 30.8889999389648 32.3520011901855 32.5719985961914 31.8199996948242 30.4130001068115 27.4139995574951 24.257999420166 21.625 20.3309993743896 23.0160007476807
-3.4e+38 -3.4e+38 -3.4e+38 -3.4e+38 -3.4e+38 -3.4e+38 -3.4e+38 -3.4e+38 -3.4e+38 -3.4e+38 -3.4e+38 28.7040004730225 30.2409992218018 28.8279991149902 28.2670001983643 28.3840007781982 28.4650001525879 27.1800003051758 25.8080005645752 24.1240005493164 16.5330009460449 4.32399988174438 4.5 2.53900003433228 2.04800009727478 1.70799994468689 4.82399988174438 16.1849994659424 16.2159996032715 20.8659992218018 22.9890003204346 24.5219993591309 24.181999206543 26.0100002288818 28.2919998168945 29.4699993133545 31.8910007476807 32.8009986877441 33.310001373291 32.3240013122559 30.4650001525879 28.431999206543 24.9209995269775 21.2000007629395 22.2409992218018 23.1949996948242
-3.4e+38 -3.4e+38 -3.4e+38 -3.4e+38 -3.4e+38 -3.4e+38 -3.4e+38 -3.4e+38 -3.4e+38 -3.4e+38 -3.4e+38 -3.4e+38 30.8419990539551 30.8120002746582 29.5879993438721 30.0639991760254 29.6189994812012 27.3889999389648 25.6359996795654 22.4930000305176 18.5510005950928 4.9520001411438 2.60400009155273 1.75800001621246 1.66999995708466 1.88800001144409 2.05800008773804 6.96299982070923 9.30599975585938 17.1070003509521 22.8400001525879 23.8099994659424 24.1599998474121 26.6639995574951 28.5830001831055 29.6469993591309 31.69700050354 32.6230010986328 33.0069999694824 32.185001373291 30.9270000457764 29.7029991149902 26.2310009002686 21.1189994812012 21.7749996185303 23.2859992980957
-3.4e+38 -3.4e+38 -3.4e+38 -3.4e+38 -3.4e+38 -3.4e+38 -3.4e+38 -3.4e+38 -3.4e+38 -3.4e+38 -3.4e+38 -3.4e+38 31.4979991912842 32.1370010375977 31.7600002288818 31.2269992828369 29.8549995422363 26.8199996948242 25.238000869751 22.8549995422363 18.2299995422363 6.53399991989136 2 1.7039999961853 1.98800003528595 2.19099998474121 3.01500010490417 5.59200000762939 6.15000009536743 18.8479995727539 23.0179996490479 25.8190002441406 27.80299949646 28.0020008087158 27.6989994049072 29.7709999084473 30.2730007171631 31.6340007781982 31.5860004425049 30.9020004272461 30.5580005645752 28.3740005493164 26.261999130249 23.4389991760254 21.8640003204346 24.3819999694824
-3.4e+38 -3.4e+38 -3.4e+38 -3.4e+38 -3.4e+38 -3.4e+38 -3.4e+38 -3.4e+38 -3.4e+38 -3.4e+38 -3.4e+38 -3.4e+38 -3.4e+38 32.7729988098145 32.4249992370605 32.0800018310547 31.6749992370605 28.3439998626709 27.1299991607666 25.2520008087158 19.2059993743896 6.90500020980835 2.3529999256134 2.4779999256134 3.01300001144409 2.57100009918213 2.91199994087219 5.00600004196167 10.3159999847412 21.1040000915527 23.9479999542236 27.136999130249 28.3700008392334 28.5970001220703 28.6040000915527 29.1000003814697 28.8209991455078 30.2800006866455 30.128999710083 29.4039993286133 29.0109996795654 25.5139999389648 25.4899997711182 24.5799999237061 23.7210006713867 24.1560001373291
-3.4e+38 -3.4e+38 -3.4e+38 -3.4e+38 -3.4e+38 -3.4e+38 -3.4e+38 -3.4e+38 -3.4e+38 -3.4e+38 -3.4e+38 -3.4e+38 -3.4e+38 33.7560005187988 33.6790008544922 31.4160003662109 29.3850002288818 28.8799991607666 27.1700000762939 25.1660003662109 19.2670001983643 15.8699998855591 6.46799993515015 3.58299994468689 4.03700017929077 3.14100003242493 3.33599996566772 5.06300020217896 15.4390001296997 21.4340000152588 24.6219997406006 27.9720001220703 28.7800006866455 29.5310001373291 29.238000869751 29.6499996185303 28.5100002288818 29.1499996185303 29.3400001525879 28.1149997711182 27.5319995880127 25.2639999389648 25.2140007019043 23.2229995727539 22.3649997711182 22.9340000152588
-3.4e+38 -3.4e+38 -3.4e+38 -3.4e+38 -3.4e+38 -3.4e+38 -3.4e+38 -3.4e+38 -3.4e+38 -3.4e+38 -3.4e+38 -3.4e+38 -3.4e+38 -3.4e+38 32.4160003662109 31.5879993438721 29.1089992523193 28.1240005493164 26.6410007476807 25.423999786377 23.2859992980957 15.4490003585815 7.75099992752075 3.88899993896484 4.55399990081787 3.83999991416931 3.61500000953674 3.59999990463257 14.0430002212524 21.8770008087158 26.5410003662109 28.5699996948242 29.7040004730225 30.3959999084473 30.7159996032715 31.0170001983643 29.8990001678467 28.7509994506836 28.3560009002686 27.5970001220703 26.4729995727539 24.7959995269775 24.1870002746582 21.8339996337891 21.1399993896484 22.3540000915527
-3.4e+38 -3.4e+38 -3.4e+38 -3.4e+38 -3.4e+38 -3.4e+38 -3.4e+38 -3.4e+38 -3.4e+38 -3.4e+38 -3.4e+38 -3.4e+38 -3.4e+38 -3.4e+38 31.5939998626709 31.5310001373291 29.0629997253418 27.4340000152588 26.3610000610352 25.617000579834 22.9220008850098 17.4610004425049 10.7250003814697 7.47300004959106 4.35500001907349 3.91400003433228 3.57299995422363 8.83600044250488 16.6569995880127 21.9540004730225 27.0440006256104 27.7970008850098 29.4139995574951 30.3700008392334 30.6900005340576 30.7180004119873 29.6889991760254 28.8780002593994 27.7360000610352 27.4489994049072 26.496000289917 24.4990005493164 22.1060009002686 19.55299949646 19.4130001068115 20.8330001831055
-339999999999999996123846586046231871488.000000000000000 -3.4e+38 -3.4e+38 -3.4e+38 -3.4e+38 -3.4e+38 -3.4e+38 -3.4e+38 -3.4e+38 -3.4e+38 -3.4e+38 -3.4e+38 -3.4e+38 -3.4e+38 -3.4e+38 31.253999710083 29.4360008239746 27.5389995574951 26.8239994049072 25.7129993438721 24.1849994659424 19.3150005340576 14.0520000457764 9.14599990844727 4.82000017166138 3.26099991798401 3.52900004386902 10.3400001525879 16.6569995880127 22.5580005645752 25.7830009460449 26.9680004119873 28.4360008239746 29.6669998168945 30.3910007476807 30.306999206543 29.6439990997314 28.4009990692139 27.3330001831055 26.9589996337891 25.5970001220703 24.5300006866455 22.5510005950928 20.1520004272461 19.4750003814697 19.6350002288818
-3.4e+38 -3.4e+38 -3.4e+38 -3.4e+38 -3.4e+38 -3.4e+38 -3.4e+38 -3.4e+38 -3.4e+38 -3.4e+38 -3.4e+38 -3.4e+38 -3.4e+38 -3.4e+38 -3.4e+38 29.2800006866455 28.8920001983643 28.0520000457764 27.5659999847412 26.2320003509521 22.9969997406006 19.5139999389648 17.8110008239746 13.7849998474121 10.201000213623 4.9539999961853 6.18400001525879 12.6859998703003 16.2439994812012 23.9479999542236 24.9669990539551 26.5139999389648 28.2000007629395 29.1399993896484 29.4979991912842 29.5699996948242 28.8579998016357 27.693000793457 26.9869995117188 25.6490001678467 24.3050003051758 23.863000869751 22.9720001220703 20.7070007324219 19.746000289917 19.875
-3.4e+38 -3.4e+38 -3.4e+38 -3.4e+38 -3.4e+38 -3.4e+38 -3.4e+38 -3.4e+38 -3.4e+38 -3.4e+38 -3.4e+38 -3.4e+38 -3.4e+38 -3.4e+38 -3.4e+38 -3.4e+38 28.6749992370605 28.7040004730225 27.8360004425049 27.1420001983643 25.07200050354 19.1690006256104 18.9939994812012 18.4230003356934 15.7119998931885 11.2639999389648 10.6770000457764 15.4270000457764 18.2439994812012 21.4409999847412 24.7859992980957 26.0930004119873 27.3110008239746 27.9139995574951 28.0769996643066 27.9979991912842 27.8439998626709 27.1539993286133 26.5359992980957 25.8810005187988 24.2800006866455 24.0240001678467 22.7789993286133 21.3279991149902 20.7110004425049 21.5499992370605
-3.4e+38 -3.4e+38 -3.4e+38 -3.4e+38 -3.4e+38 -3.4e+38 -3.4e+38 -3.4e+38 -3.4e+38 -3.4e+38 -3.4e+38 -3.4e+38 -3.4e+38 -3.4e+38 -3.4e+38 -3.4e+38 28.9290008544922 28.7210006713867 27.7259998321533 26.8490009307861 25.1979999542236 21.3899993896484 22.0440006256104 20.9459991455078 19.9209995269775 17.5949993133545 16.3239994049072 18.2469997406006 19.4409999847412 20.3460006713867 21.7169990539551 24.7770004272461 25.3250007629395 26.2169990539551 26.3419990539551 26.3390007019043 26.496000289917 25.8449993133545 26.0949993133545 25.4839992523193 24.7660007476807 24.9409999847412 23.6770000457764 22.5340003967285 21.6609992980957 22.1760005950928
-3.4e+38 -3.4e+38 -3.4e+38 -3.4e+38 -3.4e+38 -3.4e+38 -3.4e+38 -3.4e+38 -3.4e+38 -3.4e+38 -3.4e+38 -3.4e+38 -3.4e+38 -3.4e+38 -3.4e+38 -3.4e+38 -3.4e+38 28.1989994049072 27.5100002288818 26.94700050354 25.25 23.0890007019043 22.9869995117188 22.1949996948242 21.8250007629395 20.4009990692139 19.2150001525879 19.1100006103516 19.8490009307861 20.9720001220703 21.6550006866455 22.4099998474121 23.7299995422363 24.3099994659424 25.3040008544922 25.3080005645752 25.0429992675781 23.9190006256104 24.681999206543 24.9260005950928 25.2240009307861 25.7520008087158 25.2849998474121 23.9080009460449 22.5990009307861 22.9860000610352
-3.4e+38 -3.4e+38 -3.4e+38 -3.4e+38 -3.4e+38 -3.4e+38 -3.4e+38 -3.4e+38 -3.4e+38 -3.4e+38 -3.4e+38 -3.4e+38 -3.4e+38 -3.4e+38 -3.4e+38 -3.4e+38 -3.4e+38 27.5109996795654 27.0659999847412 26.632999420166 25.3320007324219 23.5869998931885 23.8470001220703 24.2040004730225 23.8199996948242 21.2220001220703 19.4169998168945 19.4850006103516 19.6030006408691 20.2229995727539 21.2140007019043 21.2269992828369 22.2250003814697 23.2649993896484 24.0100002288818 24.0200004577637 23.9930000305176 23.4850006103516 24.7900009155273 25.9020004272461 26.7900009155273 26.5709991455078 26.1399993896484 25.1140003204346 22.753999710083 23.6979999542236
-3.4e+38 -3.4e+38 -3.4e+38 -3.4e+38 -3.4e+38 -3.4e+38 -3.4e+38 -3.4e+38 -3.4e+38 -3.4e+38 -3.4e+38 -3.4e+38 -3.4e+38 -3.4e+38 -3.4e+38 -3.4e+38 -3.4e+38 -3.4e+38 26.4249992370605 25.7880001068115 25.3850002288818 24.6200008392334 24.9890003204346 25.0729999542236 24.2980003356934 21.5919990539551 21.0510005950928 19.8780002593994 19.5139999389648 19.8199996948242 20.1909999847412 20.1919994354248 19.9190006256104 20.3939990997314 22.4479999542236 22.6380004882812 22.9689998626709 23.6079998016357 25.2980003356934 25.8090000152588 27.19700050354 26.9419994354248 26.378999710083 25.4150009155273 23.5750007629395 23.5189990997314
-3.4e+38 -3.4e+38 -3.4e+38 -3.4e+38 -3.4e+38 -3.4e+38 -3.4e+38 -3.4e+38 -3.4e+38 -3.4e+38 -3.4e+38 -3.4e+38 -3.4e+38 -3.4e+38 -3.4e+38 -3.4e+38 -3.4e+38 -3.4e+38 24.5979995727539 24.2880001068115 24.5520000457764 24.9829998016357 25.3950004577637 25.1770000457764 24.0690002441406 22.8390007019043 22.0410003662109 19.7749996185303 19.6639995574951 18.8980007171631 19.257999420166 19.3470001220703 18.9899997711182 18.6070003509521 22.17799949646 22.5410003662109 23.1219997406006 24.2639999389648 25.132999420166 25.6550006866455 26.5219993591309 26.0930004119873 25.5709991455078 24.2399997711182 23.0319995880127 22.7029991149902
-3.4e+38 -3.4e+38 -3.4e+38 -3.4e+38 -3.4e+38 -3.4e+38 -3.4e+38 -3.4e+38 -3.4e+38 -3.4e+38 -3.4e+38 -3.4e+38 -3.4e+38 -3.4e+38 -3.4e+38 -3.4e+38 -3.4e+38 -3.4e+38 -3.4e+38 22.9389991760254 23.7119998931885 24.05299949646 24.5020008087158 24.4409999847412 23.9169998168945 22.6569995880127 20.9619998931885 20.3920001983643 20.8990001678467 18.7509994506836 18.6159992218018 18.193000793457 18.2520008087158 18.0690002441406 21.3169994354248 23.8110008239746 24.8880004882812 25.4580001831055 25.4039993286133 25.4559993743896 25.0429992675781 24.2369995117188 23.7250003814697 23.1919994354248 21.5629997253418 21.7900009155273
-3.4e+38 -3.4e+38 -3.4e+38 -3.4e+38 -3.4e+38 -3.4e+38 -3.4e+38 -3.4e+38 -3.4e+38 -3.4e+38 -3.4e+38 -3.4e+38 -3.4e+38 -3.4e+38 -3.4e+38 -3.4e+38 -3.4e+38 -3.4e+38 -3.4e+38 -3.4e+38 22.4249992370605 23.0020008087158 23.4370002746582 23.6270008087158 22.3330001831055 21.173999786377 21.7169990539551 21.7560005187988 21.7980003356934 21.5750007629395 20.2889995574951 17.5109996795654 17.1749992370605 17.1159992218018 19.1009998321533 23.4839992523193 24.4599990844727 25.4200000762939 25.8910007476807 24.886999130249 23.3810005187988 22.8729991912842 22.3939990997314 21.5510005950928 20.742000579834 20.9869995117188
