01_datasets/03_gis/02_asc_chm-r50m/HS222C.asc
NCOLS 200 
NROWS 200 
XLLCORNER 571011 
YLLCORNER 5220161.5 
CELLSIZE 0.5 
NODATA_value -3.4e+38 
[rows 80 to 99 of 200, columns 92 to 137 of 200]
38.9770011901855 38.5320014953613 37.9930000305176 35.3400001525879 34.2900009155273 33.6279983520508 31.6620006561279 25.4839992523193 21.3950004577637 23.0820007324219 24.3500003814697 25.6860008239746 25.4290008544922 27.3400001525879 26.94700050354 26.8509998321533 25.9099998474121 22.9209995269775 22.7670001983643 22.9440002441406 22.7469997406006 22.753999710083 22.193000793457 23.4109992980957 23.9659996032715 22.9810009002686 20.7390003204346 19.6009998321533 20.9839992523193 21.7670001983643 21.5750007629395 21.9599990844727 22.3549995422363 22.068000793457 22.5750007629395 25.3400001525879 27.0909996032715 28.2679996490479 28.6030006408691 28.8439998626709 28.7080001831055 27.818000793457 25.2910003662109 24.4659996032715 22.4759998321533 25.0270004272461
38.8629989624023 37.8819999694824 36.9420013427734 35.0639991760254 34.9539985656738 34.1240005493164 31.7479991912842 24.8810005187988 21.7369995117188 21.8169994354248 23.0069999694824 24.0069999694824 23.757999420166 24.576000213623 24.371000289917 25.7759990692139 25.2269992828369 21.8129997253418 21.4459991455078 21.4740009307861 21.2220001220703 21.4230003356934 19.3969993591309 19.6560001373291 19.0520000457764 18.076000213623 19.0970001220703 21.375 22.0279998779297 21.798999786377 17.9029998779297 17.9400005340576 18.2689990997314 17.9190006256104 19.3299999237061 24.4589996337891 28.4309997558594 29.2649993896484 29.4179992675781 29.4729995727539 29.0860004425049 28.9979991912842 26.8470001220703 24.7679996490479 22.7059993743896 26.8290004730225
37.5750007629395 37.1510009765625 35.9690017700195 34.6920013427734 34.3370018005371 28.1959991455078 29.1609992980957 23.4969997406006 22.7259998321533 23.4409999847412 24.1359996795654 23.2469997406006 22.4220008850098 22.4099998474121 22.3460006713867 22.548999786377 20.2180004119873 22.0149993896484 21.7929992675781 20.5990009307861 22.3099994659424 21.6979999542236 19.6949996948242 19.3099994659424 18.7469997406006 19.07200050354 19.7919998168945 21.6119995117188 22.6690006256104 23.4790000915527 21.1049995422363 20.7709999084473 20.4489994049072 20.4740009307861 21.7339992523193 26.0370006561279 26.4610004425049 29.1569995880127 29.8560009002686 29.9909992218018 29.6459999084473 28.6159992218018 26.6119995117188 24.5139999389648 24.9069995880127 29.375
35.2470016479492 34.7649993896484 33.1640014648438 32.6759986877441 28.5440006256104 20.5450000762939 23.996000289917 24.7189998626709 23.5879993438721 26.8309993743896 25.8600006103516 25.8899993896484 22.1949996948242 20.0419998168945 20.5219993591309 20.4990005493164 21.3560009002686 23.0729999542236 22.7070007324219 21.4220008850098 22.6889991760254 22.1280002593994 21.3640003204346 20.6840000152588 20.2789993286133 20.0979995727539 21.1240005493164 21.9230003356934 22.8780002593994 24.1049995422363 23.7189998626709 22.5429992675781 21.9529991149902 21.4529991149902 22.2269992828369 25.0240001678467 25.4629993438721 28.1679992675781 29.6830005645752 29.8269996643066 29.3850002288818 28.6539993286133 26.4939994812012 25.1299991607666 24.753999710083 28.1240005493164
33.8339996337891 32.2970008850098 31.1599998474121 28.7469997406006 27.2709999084473 25.0179996490479 26.9680004119873 27.6529998779297 28.0160007476807 28.4810009002686 27.2259998321533 25.3549995422363 19.9540004730225 19.5219993591309 20.1599998474121 20.4080009460449 22.5410003662109 24.0559997558594 23.1140003204346 24.4009990692139 24.8560009002686 24.5249996185303 22.2800006866455 22.19700050354 21.6669998168945 20.3320007324219 21.6420001983643 22.6660003662109 24.5330009460449 25.7439994812012 25.4519996643066 24.5970001220703 23.6399993896484 22.4529991149902 22.7469997406006 24.0189990997314 26.5270004272461 28.6089992523193 29.068000793457 29.3530006408691 28.9570007324219 28.9799995422363 27.128999710083 25.6229991912842 23.2390003204346 24.4209995269775
26.1749992370605 27.7859992980957 30.5069999694824 24.7119998931885 22.6720008850098 25.4130001068115 29.0330009460449 30.0090007781982 29.9330005645752 29.5289993286133 28.3090000152588 25.6299991607666 21.242000579834 19.8939990997314 19.7530002593994 20.4080009460449 24.3500003814697 24.4699993133545 23.7770004272461 26.5429992675781 26.7299995422363 25.6730003356934 25.2040004730225 23.4890003204346 21.5650005340576 20.5839996337891 22.2660007476807 23.4829998016357 26.0629997253418 26.4990005493164 26.3439998626709 25.1560001373291 23.0130004882812 22.2840003967285 23.3600006103516 24.2250003814697 26.5030002593994 28.3470001220703 28.6860008239746 28.3600006103516 28.0620002746582 27.0900001525879 25.5879993438721 23.0990009307861 24.6730003356934 28.3549995422363
17.1959991455078 18.6560001373291 23.9740009307861 22.8470001220703 23.19700050354 27.5839996337891 29.0230007171631 30.3649997711182 31.1940002441406 30.7509994506836 29.7779998779297 26.8929996490479 23.1660003662109 19.7439994812012 19.4400005340576 19.0879993438721 25.0890007019043 25.8819999694824 26.4479999542236 27.7299995422363 28.2119998931885 27.7520008087158 26.0480003356934 23.6539993286133 21.8330001831055 21.0459995269775 22.3920001983643 23.8880004882812 25.5909996032715 26.1200008392334 26.7779998779297 29.0209999084473 24.5270004272461 21.8570003509521 23.298999786377 23.2229995727539 23.5470008850098 25.8199996948242 27.257999420166 26.8729991912842 25.8460006713867 26.173999786377 24.6089992523193 25.3290004730225 28.9270000457764 29.9400005340576
14.8380002975464 14.9460000991821 17.3330001831055 21.2430000305176 24.2469997406006 27.8150005340576 29.8239994049072 30.9190006256104 31.4459991455078 30.9039993286133 29.753999710083 27.632999420166 24.9039993286133 22.0659999847412 19.6070003509521 18.4349994659424 25.8120002746582 26.3500003814697 27.5480003356934 28.3050003051758 28.8990001678467 28.7159996032715 27.5200004577637 25.4669990539551 23.125 21.3589992523193 21.9270000457764 23.6000003814697 25.068000793457 25.1620006561279 25.1450004577637 27.503999710083 29.8419990539551 26.693000793457 24.5349998474121 22.0219993591309 22.7880001068115 28.117000579834 27.6569995880127 25 23.1959991455078 22.3939990997314 27.0869998931885 26.2119998931885 29.2210006713867 30.3290004730225
10.7239999771118 9.65799999237061 15.3459997177124 18.8080005645752 23.3619995117188 25.3050003051758 30.1259994506836 30.6270008087158 30.6509990692139 30.2479991912842 28.7159996032715 27.3889999389648 25.1119995117188 21.5170001983643 20.1030006408691 22.9549999237061 25.7649993896484 26.5410003662109 27.9669990539551 28.3360004425049 29.0839996337891 29.1219997406006 27.9619998931885 26.2649993896484 23.0069999694824 20.7280006408691 21.3129997253418 22.3299999237061 23.1550006866455 24.5450000762939 23.6580009460449 24.4270000457764 28.6590003967285 30.8959999084473 28.8689994812012 27.6630001068115 28.5669994354248 32.1969985961914 29.8899993896484 23.7259998321533 17.261999130249 17.2889995574951 29.5209999084473 28.761999130249 29.9479999542236 30.3619995117188
9.77299976348877 12.4919996261597 15.3000001907349 17.6650009155273 20.3899993896484 24.3929996490479 28.011999130249 29.3889999389648 29.4659996032715 28.8729991912842 27.8990001678467 26.818000793457 25.2639999389648 21.3430004119873 20.761999130249 22.9790000915527 24.6350002288818 25.9790000915527 26.82200050354 28.3430004119873 28.9729995727539 28.7749996185303 28.1040000915527 27.0440006256104 23.5219993591309 20.92799949646 19.4659996032715 19.19700050354 20.0909996032715 21.9860000610352 21.4440002441406 23.7000007629395 28.7630004882812 31.6940002441406 32.5379981994629 33.7140007019043 33.2669982910156 32.7459983825684 22.4950008392334 17.0499992370605 14.8599996566772 22.9169998168945 30.6639995574951 20.2159996032715 26.4750003814697 31.3110008239746
7.8899998664856 11.673999786377 14.664999961853 16.3719997406006 20.4440002441406 21.9160003662109 26.1730003356934 27.7059993743896 28.6259994506836 27.4979991912842 25.8470001220703 26.9039993286133 26.6200008392334 24.4759998321533 22.2870006561279 24.0160007476807 24.8610000610352 25.3570003509521 26.5249996185303 28.42799949646 29.3640003204346 30.5100002288818 30.0100002288818 27.2029991149902 22.7299995422363 21.4599990844727 18.8500003814697 18.2280006408691 20.5149993896484 21.9360008239746 20.7070007324219 26.0149993896484 30.7749996185303 35.0989990234375 36.9140014648438 36.5359992980957 34.2849998474121 27.6509990692139 17.1340007781982 13.9169998168945 13.7360000610352 15.7559995651245 24.0820007324219 19.55299949646 22.8320007324219 29.2560005187988
5.48000001907349 6.20599985122681 14.003999710083 17.1599998474121 17.8110008239746 17.0839996337891 21.7830009460449 25.6730003356934 26.8759994506836 26.621000289917 26.6420001983643 27.261999130249 27.7430000305176 27.5470008850098 26.3439998626709 24.742000579834 24.4309997558594 24.7919998168945 25.0060005187988 27.5729999542236 29.5739994049072 31.2000007629395 31.3659992218018 28.2129993438721 23.6389999389648 20.746000289917 18.8050003051758 18.1420001983643 20.0869998931885 20.5510005950928 19.4680004119873 25.9160003662109 30.2560005187988 35.5250015258789 37.8079986572266 36.9609985351562 27.7830009460449 14.5860004425049 12.6579999923706 12.6280002593994 12.8699998855591 12.8780002593994 14.4680004119873 18.05299949646 18.3899993896484 23.761999130249
4.54099988937378 6.64400005340576 17.3560009002686 17.9930000305176 19.0179996490479 21.8880004882812 23.7450008392334 25.2299995422363 27.2520008087158 27.3980007171631 27.3299999237061 27.8190002441406 28.1870002746582 28.2310009002686 27.0009994506836 24.3719997406006 23.8680000305176 23.3309993743896 23.4120006561279 25.4249992370605 27.4500007629395 31.1410007476807 30.4130001068115 27.9190006256104 26.2859992980957 19.2070007324219 17.318000793457 17.5470008850098 17.7940006256104 17.4610004425049 15.4270000457764 24.2189998626709 31.7210006713867 35.8199996948242 36.8680000305176 34.1660003662109 29.8899993896484 26.451000213623 13.2239999771118 13.753999710083 13.7150001525879 13.1870002746582 15.8559999465942 18.3279991149902 18.8470001220703 20.0510005950928
4.47800016403198 10.1569995880127 18.0410003662109 19.8169994354248 19.7070007324219 21.4330005645752 22.8610000610352 23.8269996643066 26.7660007476807 28.8110008239746 28.423999786377 28.6499996185303 28.9869995117188 29.1049995422363 28.9179992675781 26.6639995574951 24.4629993438721 21.3920001983643 21.9680004119873 21.8729991912842 24.253999710083 29.4689998626709 28.1450004577637 23.3700008392334 17.5879993438721 15.7569999694824 16.3929996490479 16.2630004882812 16.568000793457 15.1230001449585 13.6029996871948 21.951000213623 30.4899997711182 33.2949981689453 34.4230003356934 29.4449996948242 19.5069999694824 18.0779991149902 15.0839996337891 15.4659996032715 15.0270004272461 14.2779998779297 13.2089996337891 17.076000213623 19.4619998931885 21.173999786377
4.4229998588562 12.8430004119873 19.8129997253418 20.8400001525879 20.7530002593994 21.5890007019043 23.628999710083 24.9449996948242 27.5939998626709 29.4230003356934 29.318000793457 29.1889991760254 30.1439990997314 33.8269996643066 35.7690010070801 33.0019989013672 26.1599998474121 21.0769996643066 19.6919994354248 19.7740001678467 19.4689998626709 22.0869998931885 20.9759998321533 17.2600002288818 14.4399995803833 13.6420001983643 14.4270000457764 15.253999710083 14.4809999465942 13.28600025177 12.4469995498657 13.1730003356934 22.7889995574951 29.6560001373291 29.7299995422363 21.7479991912842 14.4890003204346 14.7720003128052 16.2980003356934 16.9759998321533 16.6539993286133 15.1789999008179 14.8179998397827 18.738000869751 21.0380001068115 24.923999786377
3.99900007247925 13.0970001220703 19.2919998168945 20.4160003662109 21.5930004119873 21.4860000610352 23.3680000305176 24.6599998474121 26.7089996337891 28.6730003356934 29.5830001831055 30.4549999237061 33.0940017700195 34.5960006713867 36.4580001831055 36.6389999389648 33.4560012817383 27.7080001831055 20.4330005645752 17.1439990997314 16.7360000610352 14.8940000534058 12.8339996337891 13.1309995651245 13.2829999923706 10.9860000610352 9.14200019836426 10.2969999313354 12.3030004501343 11.1540002822876 9.29899978637695 11.3330001831055 20.4729995727539 19.9790000915527 18.7169990539551 17.7329998016357 14.8360004425049 15.4300003051758 16.4759998321533 16.4850006103516 16.2409992218018 15.7220001220703 16.9120006561279 21.2730007171631 22.4769992828369 28.306999206543
2.96199989318848 6.56899976730347 14.5559997558594 19.1730003356934 20.9230003356934 22.0419998168945 22.6280002593994 23.1909999847412 26.3570003509521 28.8600006103516 30.125 31.2150001525879 32.0069999694824 34.9109992980957 36.3079986572266 35.8660011291504 33.1559982299805 29.1480007171631 16.4270000457764 11.1870002746582 10.8920001983643 11.1639995574951 10.3549995422363 12.2370004653931 12.6719999313354 4.48899984359741 3.23300004005432 5.34000015258789 10.4079999923706 7.67000007629395 7.10200023651123 6.83900022506714 10.3520002365112 10.753999710083 8.48099994659424 9.41499996185303 14.7170000076294 14.9930000305176 15.4139995574951 15.3839998245239 15.0900001525879 15.0989999771118 16.1520004272461 20.8999996185303 27.2560005187988 31.19700050354
2.69899988174438 2.16100001335144 9.86100006103516 16.4230003356934 20.6720008850098 21.7779998779297 22.6529998779297 23.2320003509521 26.9930000305176 29.2779998779297 30.1100006103516 30.82200050354 29.5580005645752 30.6450004577637 34.0880012512207 34.3349990844727 33.4300003051758 26.9799995422363 13.6990003585815 8.45600032806396 7.71000003814697 7.97300004959106 9.82499980926514 13.3830003738403 12.0389995574951 10.0059995651245 6.38800001144409 5.86600017547607 7.9229998588562 6.59000015258789 6.68400001525879 7.07399988174438 7.02199983596802 6.61899995803833 6.72900009155273 8.9399995803833 14.0780000686646 14.4659996032715 14.8690004348755 14.8739995956421 14.6829996109009 14.831000328064 15.2690000534058 21.7259998321533 30.2210006713867 33.1959991455078
3.33800005912781 1.95500004291534 1.67200005054474 12.7449998855591 19.7819995880127 21.753999710083 22.8740005493164 23.3090000152588 26.5380001068115 28.1469993591309 27.6299991607666 29.0289993286133 27.3050003051758 23.2240009307861 30.5659999847412 31.8589992523193 31.75 23.8120002746582 4.5789999961853 5.81899976730347 8.7209997177124 11.3479995727539 13.9160003662109 14.9139995574951 12.6859998703003 10.5120000839233 7.90899991989136 7.11199998855591 6.65799999237061 6.52099990844727 6.61800003051758 7.03700017929077 6.99700021743774 7.40500020980835 7.40100002288818 10.9379997253418 12.4759998321533 13.3509998321533 13.6579999923706 13.8959999084473 14.0120000839233 13.5799999237061 13.7419996261597 28.44700050354 30.5090007781982 34.2249984741211
3.9779999256134 1.66600000858307 1.47000002861023 1.18299996852875 10.7170000076294 21.9419994354248 23.1000003814697 23.05299949646 23.6569995880127 26.0499992370605 25.3770008087158 24.7000007629395 22.6520004272461 17.9720001220703 27.871000289917 30.6709995269775 19.2919998168945 8.94400024414062 5.92899990081787 4.57600021362305 7.92199993133545 11.5080003738403 14.3719997406006 14.5290002822876 15.3940000534058 16.2709999084473 11.3520002365112 6.43400001525879 6.00699996948242 5.97700023651123 6.27299976348877 6.63100004196167 6.49700021743774 7.04300022125244 8.70600032806396 10.2770004272461 11.9820003509521 13.2569999694824 13.2779998779297 12.9860000610352 13.3030004501343 12.2349996566772 25.488000869751 33.3619995117188 33.7229995727539 33.984001159668
