01_datasets/03_gis/02_asc_chm-r50m/HS22X7.asc
NCOLS 201 
NROWS 200 
XLLCORNER 570872 
YLLCORNER 5219304.5 
CELLSIZE 0.5 
NODATA_value -3.4e+38 
[rows 40 to 59 of 200, columns 92 to 137 of 201]
37.3110008239746 37.9679985046387 38.3370018005371 38.1119995117188 37.132999420166 35.9280014038086 33.0099983215332 32.2830009460449 32.1959991455078 31.6949996948242 30.9610004425049 25.6669998168945 27.0769996643066 27.6310005187988 28.5559997558594 30.5249996185303 30.9950008392334 31.0809993743896 30.378999710083 29.4890003204346 29.4750003814697 30.2150001525879 30.6180000305176 32.1980018615723 33.326000213623 33.4090003967285 32.9220008850098 33.0919990539551 33.5979995727539 33.2280006408691 32.0320014953613 30.4720001220703 31.2059993743896 32.3349990844727 32.681999206543 34.242000579834 34.3730010986328 34.0139999389648 32.6520004272461 30.8980007171631 30.0340003967285 27.7199993133545 24.1770000457764 23.5030002593994 21.3190002441406 19.1100006103516
36.6839981079102 37.3870010375977 37.4959983825684 37.1430015563965 36.4249992370605 35.181999206543 33.5 32.4889984130859 32.7750015258789 30.8209991455078 26.3990001678467 25.6800003051758 27.451000213623 28.8780002593994 29.4619998931885 31.0429992675781 31.4309997558594 31.5270004272461 31.2129993438721 30.2259998321533 30.1630001068115 30.2700004577637 30.4799995422363 31.8950004577637 32.9249992370605 33.6310005187988 33.5859985351562 34.859001159668 34.8730010986328 35.0589981079102 34.6949996948242 33.693000793457 31.5370006561279 32.1479988098145 32.7869987487793 33.6559982299805 34.0730018615723 33.6800003051758 31.5610008239746 30.5429992675781 29.5060005187988 27.4720001220703 25.1359996795654 23.2999992370605 20.681999206543 18.3889999389648
35.576000213623 36.318000793457 36.6479988098145 36.4160003662109 35.7239990234375 34.9000015258789 34.6790008544922 35.6069984436035 35.9490013122559 34.0139999389648 26.4640007019043 26.1770000457764 29.5650005340576 31.5669994354248 30.1340007781982 30.6690006256104 31.246000289917 31.3999996185303 31.2000007629395 30.7789993286133 30.3159999847412 30.4740009307861 30.4529991149902 31.0230007171631 33.2879981994629 34.7089996337891 35.2179985046387 36.109001159668 36.3899993896484 36.515998840332 35.8720016479492 34.7480010986328 32.3320007324219 32.25 32.2159996032715 33.6370010375977 33.1160011291504 32.9099998474121 31.9619998931885 31.1200008392334 28.5960006713867 27.1310005187988 24.8560009002686 21.8959999084473 18.451000213623 17.8880004882812
35.1980018615723 35.4010009765625 35.8819999694824 35.8390007019043 35.1580009460449 35.0379981994629 35.6240005493164 36.6629981994629 36.7760009765625 35.9930000305176 31.1989994049072 27.6480007171631 28.2240009307861 29.7269992828369 29.9810009002686 30.5849990844727 30.9580001831055 30.9549999237061 31.0440006256104 30.9890003204346 30.7919998168945 31.4899997711182 31.6679992675781 31.9349994659424 33.3919982910156 34.8650016784668 36.0190010070801 36.382999420166 37.007999420166 37.0359992980957 36.4339981079102 35.6669998168945 33.5810012817383 31.0440006256104 32.1580009460449 33.5909996032715 31.9109992980957 30.80299949646 30.6909999847412 30.2800006866455 27.9850006103516 26.3659992218018 24.3470001220703 20.8090000152588 17.1270008087158 17.17799949646
34.2080001831055 34.681999206543 34.875 34.7830009460449 34.1650009155273 34.7290000915527 35.7680015563965 36.685001373291 36.773998260498 36.0690002441406 33.9550018310547 29.4489994049072 28.7479991912842 29.3640003204346 29.6889991760254 29.94700050354 30.3740005493164 30.5620002746582 31.0849990844727 31.7240009307861 31.6350002288818 33.1829986572266 32.689998626709 33.5009994506836 34.4700012207031 35.3250007629395 36.2169990539551 36.5200004577637 37.0900001525879 37.2560005187988 37.1559982299805 35.6279983520508 34.8549995422363 32.5359992980957 33.3709983825684 34.7220001220703 30.632999420166 28.5330009460449 28.1450004577637 28.6429996490479 26.8600006103516 24.6919994354248 23.1499996185303 21.0610008239746 16.9529991149902 18.8090000152588
32.548999786377 32.9490013122559 33.4519996643066 34.0999984741211 33.2200012207031 34.1300010681152 35.3040008544922 35.9210014343262 36.2569999694824 35.7029991149902 34.3819999694824 30.8840007781982 29.0769996643066 28.0650005340576 28.298999786377 29.3250007629395 30.0270004272461 30.6009998321533 31.2880001068115 32.0859985351562 33.0789985656738 34.5470008850098 34.2690010070801 34.0950012207031 34.5610008239746 35.181999206543 36.2610015869141 36.5870018005371 36.9230003356934 36.9990005493164 36.4329986572266 36.0779991149902 35.3919982910156 35.7690010070801 36.0999984741211 36.5839996337891 34.8600006103516 28.4479999542236 28.7859992980957 26.742000579834 24.6889991760254 23.0279998779297 19.5610008239746 19.136999130249 18.2600002288818 23.2999992370605
29.2840003967285 30.7110004425049 31.8659992218018 32.0979995727539 31.4810009002686 33.0130004882812 34.3530006408691 35.0610008239746 35.0480003356934 34.0410003662109 33.548999786377 31.5349998474121 28.6070003509521 26.701000213623 27.0779991149902 28.6480007171631 29.4419994354248 30.3910007476807 31.2970008850098 32.8600006103516 34.3019981384277 35.2809982299805 35.9900016784668 35.9550018310547 35.3170013427734 35.3320007324219 36.0419998168945 36.3139991760254 36.4140014648438 36.4370002746582 36.2050018310547 36.4770011901855 37.8689994812012 37.6609992980957 38.0309982299805 38.0999984741211 37.4939994812012 35.0139999389648 31.8360004425049 25.7140007019043 23.867000579834 19.378999710083 16.253999710083 20.2910003662109 19.7840003967285 24.996000289917
26.5109996795654 28.7080001831055 30.5319995880127 31.2119998931885 30.7530002593994 31.5289993286133 33.4290008544922 33.7080001831055 33.7389984130859 33.3380012512207 32.7029991149902 30.4260005950928 27.0750007629395 26.1809997558594 26.6149997711182 27.9260005950928 29.2789993286133 30.5069999694824 31.6310005187988 33.2569999694824 34.6510009765625 35.9490013122559 36.7509994506836 37.0900001525879 35.6310005187988 35.0200004577637 35.1910018920898 35.6590003967285 35.8709983825684 35.4860000610352 35.7610015869141 37.9259986877441 38.9749984741211 39.359001159668 39.4020004272461 38.9049987792969 38.0830001831055 37.2179985046387 35.2639999389648 29.3349990844727 27.5419998168945 13.503999710083 11.3929996490479 21.0779991149902 25.003999710083 28.5189990997314
25.1900005340576 26.8400001525879 26.4869995117188 26.3680000305176 29.5979995727539 30.6060009002686 31.9389991760254 32.5229988098145 32.4059982299805 31.7290000915527 31.1200008392334 30.1959991455078 27.2259998321533 26.4939994812012 26.7649993896484 27.9850006103516 28.8990001678467 29.8349990844727 31.863000869751 33.2719993591309 33.6749992370605 35.6209983825684 36.4860000610352 36.3959999084473 35.7939987182617 33.9189987182617 33.5029983520508 33.951000213623 35.023998260498 35.3030014038086 35.9700012207031 38.5099983215332 39.4099998474121 39.7529983520508 40.1829986572266 39.3790016174316 38.2809982299805 36.7929992675781 35.1650009155273 32.5960006713867 29.9850006103516 9.81799983978271 14.0200004577637 25.17799949646 28.378999710083 29.2490005493164
24.3199996948242 23.1389999389648 21.5300006866455 20.4640007019043 24.69700050354 27.4580001831055 29.9529991149902 31.5170001983643 30.7409992218018 29.2250003814697 29.2549991607666 30.2329998016357 28.5879993438721 29.0550003051758 28.4659996032715 28.1720008850098 30.1909999847412 31.1469993591309 32.4869995117188 33.4290008544922 33.5740013122559 34.8849983215332 36.2910003662109 36.2560005187988 35.826000213623 33.9080009460449 32.5359992980957 32.9020004272461 34.201000213623 34.189998626709 35.0040016174316 38.6870002746582 39.1380004882812 39.6339988708496 39.931999206543 39.2449989318848 38.3889999389648 36.8619995117188 34.9570007324219 31.6599998474121 29.8920001983643 26.4529991149902 24.9689998626709 27.3850002288818 29.3250007629395 30.25
22.4599990844727 21.0949993133545 20.42799949646 18.9979991912842 19.6509990692139 23.242000579834 25.7509994506836 27.2390003204346 27.2630004882812 25.2959995269775 25.05299949646 28.7250003814697 30.1060009002686 30.0520000457764 30.3589992523193 29.8460006713867 30.6660003662109 31.5690002441406 32.0610008239746 32.8600006103516 33.1100006103516 34.1660003662109 36.0369987487793 36.8160018920898 36.5530014038086 35.7360000610352 32.2529983520508 32.1689987182617 32.5509986877441 32.5830001831055 34.6399993896484 36.8349990844727 37.5639991760254 38.8559989929199 39.1769981384277 38.7109985351562 38.2029991149902 37.8440017700195 34.1669998168945 29.0900001525879 28.367000579834 25.7019996643066 26.6979999542236 27.886999130249 29.9220008850098 31.4419994354248
21.8799991607666 20.7859992980957 20.8700008392334 20.2259998321533 18.4139995574951 18.5130004882812 17.2329998016357 20.628999710083 23.8330001831055 26.9610004425049 28.1229991912842 31.8290004730225 33.1119995117188 32.7709999084473 32.382999420166 31.201000213623 30.8299999237061 31.3619995117188 31.882999420166 32.5769996643066 32.851001739502 34.9570007324219 36.6940002441406 37.2890014648438 37.3470001220703 36.8870010375977 34.7879981994629 32.1199989318848 31.7700004577637 31.871000289917 34.9090003967285 36.5530014038086 37.1889991760254 38.0419998168945 38.5449981689453 37.9039993286133 37.3409996032715 33.9599990844727 32.0279998779297 28.3159999847412 27.9330005645752 27.6690006256104 27.3320007324219 29.4130001068115 31.4740009307861 32.6809997558594
22.1410007476807 21.6770000457764 21.6420001983643 20.636999130249 19.2269992828369 17.8129997253418 19.8619995117188 23.7509994506836 26.8010005950928 30.5480003356934 32.0610008239746 33.4910011291504 34.2620010375977 34.5369987487793 34.1549987792969 33.8240013122559 31.3199996948242 31.2819995880127 31.5289993286133 32.1660003662109 32.5060005187988 34.5559997558594 36.3030014038086 37.314998626709 37.4049987792969 36.6980018615723 34.8479995727539 32.951000213623 31.6800003051758 31.3190002441406 34.117000579834 36.6479988098145 36.8619995117188 36.681999206543 36.9980010986328 36.8499984741211 34.4799995422363 31.4659996032715 28.4720001220703 27.8840007781982 27.2800006866455 27.0410003662109 29.0590000152588 30.7320003509521 32.6679992675781 33.423999786377
24.6280002593994 22.0590000152588 21.6870002746582 -3.4e+38 20.0939998626709 18.8939990997314 21.6219997406006 25.3050003051758 27.4659996032715 30.6700000762939 33.726001739502 34.2879981994629 35.1160011291504 35.6479988098145 35.1240005493164 34.0429992675781 32.7789993286133 32.0299987792969 31.8899993896484 31.8819999694824 31.742000579834 33.5110015869141 36.1110000610352 36.7449989318848 36.8580017089844 36.2589988708496 34.423999786377 32.1129989624023 31.2749996185303 30.4810009002686 31.4120006561279 34.2080001831055 34.3120002746582 34.8279991149902 34.9669990539551 34.4129981994629 33.3930015563965 30.5340003967285 27.1749992370605 26.9039993286133 25.1040000915527 25.8840007781982 28.761999130249 31.4839992523193 32.7060012817383 33.4749984741211
27.568000793457 25.1149997711182 21.3659992218018 20.3549995422363 19.992000579834 18.7950000762939 19.4270000457764 25.3810005187988 26.9790000915527 30.5090007781982 33.9379997253418 34.7120018005371 35.6259994506836 36.0890007019043 35.7060012817383 34.5699996948242 33.8650016784668 33.3170013427734 30.7080001831055 32.3269996643066 31.5440006256104 33.1160011291504 35.8199996948242 35.6699981689453 35.6450004577637 34.8930015563965 33.9560012817383 32.564998626709 30.8360004425049 29.2730007171631 28.806999206543 28.8349990844727 30.0520000457764 30.9479999542236 31.4909992218018 32.8689994812012 30.80299949646 28.5949993133545 26.2450008392334 25.2840003967285 25.2959995269775 28.1889991760254 30.6159992218018 32.7239990234375 33.1180000305176 33.7760009765625
29.8950004577637 27.2679996490479 23.7250003814697 20.3799991607666 20.1949996948242 19.2479991912842 20.4589996337891 26.4619998931885 28.9950008392334 31.5699996948242 33.5260009765625 34.9539985656738 35.3470001220703 35.4230003356934 35.1479988098145 34.7220001220703 34.3390007019043 33.8779983520508 31.951000213623 32.6769981384277 32.0260009765625 33.3019981384277 34.318000793457 34.0400009155273 33.2150001525879 32.0890007019043 31.3059997558594 32.2239990234375 30.2980003356934 28.4300003051758 28.1270008087158 28.1100006103516 27.7670001983643 27.5450000762939 26.5809993743896 26.0830001831055 27.8850002288818 27.431999206543 25.3309993743896 24.871000289917 27.3819999694824 28.8729991912842 29.1870002746582 31.9069995880127 32.7960014343262 33.6319999694824
30.7520008087158 29.4939994812012 26.1060009002686 20.3239994049072 20.2679996490479 20.5149993896484 21.3840007781982 26.8719997406006 27.3430004119873 29.7369995117188 32.4329986572266 34.6040000915527 35.2949981689453 35.1059989929199 34.8289985656738 34.9119987487793 34.9160003662109 34.859001159668 34.4580001831055 33.7120018005371 32.5369987487793 32.9039993286133 33.7089996337891 33.2060012817383 32.8650016784668 32.060001373291 30.1679992675781 28.4790000915527 29.113000869751 27.5690002441406 28.8799991607666 28.5879993438721 27.5279998779297 26.7830009460449 26.4810009002686 25.5249996185303 27.2059993743896 26.363000869751 25.0930004119873 25.1949996948242 27.17799949646 29.0450000762939 31.0200004577637 32.1829986572266 32.2630004882812 32.9889984130859
31.6359996795654 28.9610004425049 25.3889999389648 22.3759994506836 19.9750003814697 19.9440002441406 21.3279991149902 24.8719997406006 27.9979991912842 28.7070007324219 32.2560005187988 33.4980010986328 34.0309982299805 35 34.8269996643066 35.4790000915527 35.5250015258789 35.8559989929199 34.8460006713867 34.1889991760254 32.8429985046387 32.5979995727539 32.2980003356934 32.242000579834 30.5259990692139 29.5009994506836 27.6749992370605 29.2509994506836 31.1720008850098 30.9020004272461 31.7250003814697 31.0209999084473 30.6070003509521 30.6299991607666 27.3589992523193 26.7600002288818 26.7779998779297 26.5 26.3530006408691 26.1520004272461 26.0960006713867 28.0729999542236 31.0939998626709 32.3339996337891 32.4710006713867 32.9780006408691
31.931999206543 28.9419994354248 26.6040000915527 24.9090003967285 19.2980003356934 18.4780006408691 21.9029998779297 22.2670001983643 25.5650005340576 26.8339996337891 29.9389991760254 31.4979991912842 33.3250007629395 34.0929985046387 35.0909996032715 35.7120018005371 36.5610008239746 36.931999206543 35.898998260498 34.1539993286133 33.5610008239746 30.8150005340576 30.0240001678467 30.2849998474121 29.7520008087158 29.9990005493164 29.1840000152588 31.6849994659424 33.0839996337891 32.7910003662109 33.0279998779297 32.9020004272461 32.7099990844727 33.3400001525879 31.6989994049072 28.2679996490479 27.9069995880127 27.7199993133545 27.5599994659424 26.9659996032715 28.0400009155273 29.4650001525879 32.0890007019043 32.2970008850098 32.5460014343262 32.6730003356934
31.4069995880127 29.2889995574951 27.5179996490479 26.6019992828369 23.8090000152588 17.1200008392334 13.8900003433228 11.7550001144409 15.9010000228882 24.4599990844727 27.6439990997314 29.7700004577637 33.3969993591309 34.757999420166 35.4949989318848 36.226001739502 37.0040016174316 37.4370002746582 36.5820007324219 35.1450004577637 33.9720001220703 31.7940006256104 31.2929992675781 30.761999130249 29.9659996032715 31.2310009002686 32.7789993286133 34.0830001831055 34.7470016479492 34.8899993896484 34.8950004577637 35.2309989929199 36.1679992675781 34.7770004272461 32.7610015869141 30.4629993438721 29.0510005950928 29.371000289917 29.1000003814697 28.4529991149902 28.6590003967285 30.2089996337891 31.5349998474121 31.9829998016357 32.3860015869141 32.5279998779297
